1 0.12786458333333334 0.9208333333333334 0.04635416666666667 0.15462962962962964
1 0.40078125 0.6148148148148148 0.05260416666666667 0.1388888888888889
1 0.5317708333333333 0.3662037037037037 0.046875 0.11018518518518519
1 0.5880208333333333 0.3564814814814815 0.03854166666666667 0.11851851851851852
1 0.75234375 0.3175925925925926 0.03697916666666667 0.11851851851851852
1 0.7044270833333334 0.12638888888888888 0.050520833333333334 0.10833333333333334
1 0.9705729166666667 0.46574074074074073 0.050520833333333334 0.13518518518518519
1 0.26875 0.17037037037037037 0.06041666666666667 0.11296296296296297
1 0.1328125 0.19768518518518519 0.04479166666666667 0.09907407407407408
1 0.14244791666666667 0.037037037037037035 0.044270833333333336 0.07222222222222223
1 0.40572916666666664 0.011111111111111112 0.03125 0.020370370370370372
0 0.7278645833333334 0.2925925925925926 0.019270833333333334 0.020370370370370372
