1 0.28984375 0.7569444444444444 0.0484375 0.16018518518518518
1 0.4203125 0.45046296296296295 0.04479166666666667 0.12314814814814816
1 0.59765625 0.4393518518518519 0.06197916666666667 0.13425925925925927
1 0.8328125 0.24583333333333335 0.042708333333333334 0.1212962962962963
1 0.6153645833333333 0.6486111111111111 0.0546875 0.16018518518518518
1 0.5752604166666666 0.8314814814814815 0.0640625 0.07777777777777778
1 0.97734375 0.513425925925926 0.04114583333333333 0.11944444444444445
1 0.39401041666666664 0.26435185185185184 0.034895833333333334 0.11203703703703705
1 0.2716145833333333 0.2652777777777778 0.057812499999999996 0.1212962962962963
1 0.17161458333333332 0.34444444444444444 0.03697916666666667 0.1277777777777778
1 0.3026041666666667 0.08657407407407408 0.046875 0.08981481481481482
1 0.4278645833333333 0.09305555555555556 0.03697916666666667 0.08796296296296297
1 0.09114583333333333 0.16712962962962963 0.042708333333333334 0.10648148148148148
1 0.025 0.19444444444444445 0.03854166666666667 0.11666666666666667
