1 0.8947916666666667 0.5833333333333334 0.042708333333333334 0.11666666666666667
1 0.7046875 0.2925925925925926 0.015625 0.07777777777777778
1 0.56484375 0.4388888888888889 0.034895833333333334 0.11111111111111112
1 0.38229166666666664 0.48333333333333334 0.046875 0.10740740740740741
1 0.31328125 0.687962962962963 0.0328125 0.14074074074074075
1 0.27239583333333334 0.49444444444444446 0.04479166666666667 0.1388888888888889
1 0.24140625 0.2884259259259259 0.0484375 0.11203703703703705
1 0.19791666666666666 0.2263888888888889 0.03125 0.08981481481481482
1 0.12395833333333334 0.3189814814814815 0.03125 0.09537037037037037
1 0.4705729166666667 0.16018518518518518 0.0484375 0.07777777777777778
1 0.09010416666666667 0.9657407407407408 0.05625 0.06666666666666667
0 0.69296875 0.3287037037037037 0.019270833333333334 0.018518518518518517
