1 0.7096354166666666 0.7384259259259259 0.0484375 0.14351851851851852
1 0.7395833333333334 0.49768518518518523 0.058333333333333334 0.13611111111111113
1 0.7580729166666667 0.38287037037037036 0.059895833333333336 0.125
1 0.49973958333333335 0.2675925925925926 0.04114583333333333 0.11481481481481481
1 0.365625 0.38472222222222224 0.05625 0.1287037037037037
1 0.3104166666666667 0.6847222222222222 0.046875 0.15462962962962964
1 0.19583333333333333 0.32962962962962966 0.03854166666666667 0.09814814814814815
1 0.1375 0.3421296296296296 0.03125 0.11203703703703705
1 0.05703125 0.4430555555555556 0.044270833333333336 0.1175925925925926
1 0.07447916666666667 0.32731481481481484 0.017708333333333333 0.13425925925925927
0 0.6763020833333333 0.4476851851851852 0.021354166666666667 0.019444444444444445
