0 0.70078125 0.3388888888888889 0.019270833333333334 0.022222222222222223
1 0.7231770833333333 0.3 0.0328125 0.09444444444444444
1 0.921875 0.5800925925925926 0.042708333333333334 0.12314814814814816
1 0.5880208333333333 0.4476851851851852 0.046875 0.13055555555555556
1 0.5125 0.1726851851851852 0.027083333333333334 0.08611111111111111
1 0.40859375 0.487962962962963 0.03697916666666667 0.10370370370370371
1 0.3520833333333333 0.6828703703703703 0.040625 0.12685185185185185
1 0.2872395833333333 0.5037037037037038 0.0390625 0.10370370370370371
1 0.2716145833333333 0.3050925925925926 0.034895833333333334 0.08425925925925926
1 0.24635416666666665 0.23703703703703705 0.035416666666666666 0.08703703703703704
1 0.15885416666666666 0.3287037037037037 0.027083333333333334 0.09444444444444444
1 0.11536458333333333 0.9648148148148149 0.059895833333333336 0.07037037037037037
