0 0.6908854166666667 0.31527777777777777 0.019270833333333334 0.021296296296296296
1 0.7395833333333334 0.37777777777777777 0.042708333333333334 0.12037037037037038
1 0.72109375 0.25925925925925924 0.0328125 0.0962962962962963
1 0.6734375 0.42129629629629634 0.046875 0.1388888888888889
1 0.5299479166666666 0.32083333333333336 0.034895833333333334 0.11388888888888889
1 0.4278645833333333 0.4203703703703704 0.03697916666666667 0.12037037037037038
1 0.5473958333333333 0.5842592592592593 0.046875 0.12407407407407407
1 0.49192708333333335 0.8037037037037037 0.0484375 0.16666666666666669
1 0.27447916666666666 0.5828703703703704 0.052083333333333336 0.1675925925925926
1 0.35625 0.3837962962962963 0.029166666666666667 0.10462962962962963
1 0.30755208333333334 0.22222222222222224 0.05260416666666667 0.10740740740740741
1 0.10546875 0.6444444444444445 0.05260416666666667 0.15185185185185185
1 0.0125 0.49444444444444446 0.017708333333333333 0.11481481481481481
1 0.0171875 0.3912037037037037 0.027083333333333334 0.09351851851851853
