0 0.6979166666666666 0.34953703703703703 0.029166666666666667 0.019444444444444445
1 0.7627604166666666 0.2425925925925926 0.0390625 0.09814814814814815
1 0.7356770833333334 0.3731481481481482 0.034895833333333334 0.1277777777777778
1 0.6880208333333333 0.43703703703703706 0.029166666666666667 0.12962962962962962
1 0.5541666666666667 0.5731481481481482 0.04479166666666667 0.13703703703703704
1 0.5296875 0.8037037037037037 0.058333333333333334 0.17592592592592593
1 0.3026041666666667 0.5819444444444445 0.058333333333333334 0.15092592592592594
1 0.43072916666666666 0.4203703703703704 0.046875 0.11851851851851852
1 0.5151041666666667 0.32175925925925924 0.029166666666666667 0.09907407407407408
1 0.36666666666666664 0.37222222222222223 0.042708333333333334 0.11481481481481481
1 0.109375 0.6421296296296296 0.052083333333333336 0.1564814814814815
1 0.2552083333333333 0.2 0.04479166666666667 0.09074074074074075
