1 0.27630208333333334 0.6976851851851852 0.03697916666666667 0.13796296296296298
1 0.8705729166666667 0.5481481481481482 0.03697916666666667 0.13703703703703704
1 0.584375 0.40370370370370373 0.03125 0.12592592592592594
1 0.67734375 0.25 0.034895833333333334 0.09814814814814815
0 0.6723958333333333 0.3078703703703704 0.029166666666666667 0.019444444444444445
1 0.3307291666666667 0.1050925925925926 0.029166666666666667 0.08796296296296297
1 0.16770833333333332 0.26712962962962966 0.04479166666666667 0.11203703703703705
1 0.05130208333333333 0.2949074074074074 0.03697916666666667 0.10462962962962963
1 0.0609375 0.16481481481481483 0.040625 0.0962962962962963
1 0.36666666666666664 0.4324074074074074 0.042708333333333334 0.10740740740740741
1 0.42213541666666665 0.4550925925925926 0.0484375 0.11388888888888889
1 0.03671875 0.9689814814814816 0.050520833333333334 0.058333333333333334
