0 0.6802083333333333 0.31666666666666665 0.025 0.02592592592592593
1 0.8869791666666667 0.549074074074074 0.027083333333333334 0.13148148148148148
1 0.6783854166666666 0.23981481481481481 0.03697916666666667 0.1
1 0.6192708333333333 0.40740740740740744 0.03854166666666667 0.11296296296296297
1 0.45989583333333334 0.4550925925925926 0.03125 0.11203703703703705
1 0.4153645833333333 0.4310185185185185 0.050520833333333334 0.11018518518518519
1 0.30859375 0.6967592592592593 0.04635416666666667 0.1398148148148148
1 0.18151041666666667 0.2625 0.03697916666666667 0.11944444444444445
1 0.3325520833333333 0.10046296296296296 0.03697916666666667 0.08425925925925926
1 0.0734375 0.1513888888888889 0.042708333333333334 0.10092592592592593
1 0.07057291666666667 0.29444444444444445 0.021354166666666667 0.10555555555555556
1 0.04739583333333333 0.9694444444444444 0.052083333333333336 0.061111111111111116
