0 0.7075520833333333 0.33194444444444443 0.0171875 0.015740740740740743
1 0.7348958333333333 0.30185185185185187 0.029166666666666667 0.0962962962962963
1 0.72890625 0.18472222222222223 0.044270833333333336 0.07685185185185185
1 0.6783854166666666 0.375 0.03697916666666667 0.09814814814814815
1 0.98515625 0.538425925925926 0.028645833333333332 0.1175925925925926
1 0.5716145833333334 0.6064814814814815 0.044270833333333336 0.1277777777777778
1 0.5627604166666667 0.43333333333333335 0.050520833333333334 0.11296296296296297
1 0.48411458333333335 0.312962962962963 0.025520833333333333 0.0925925925925926
1 0.5114583333333333 0.24861111111111112 0.029166666666666667 0.08796296296296297
1 0.42213541666666665 0.2962962962962963 0.0328125 0.09444444444444444
1 0.41822916666666665 0.4351851851851852 0.036458333333333336 0.10740740740740741
1 0.24244791666666665 0.47453703703703703 0.0546875 0.11944444444444445
1 0.1171875 0.3814814814814815 0.029166666666666667 0.0925925925925926
1 0.08619791666666667 0.2763888888888889 0.025520833333333333 0.08796296296296297
1 0.053125 0.26851851851851855 0.036458333333333336 0.0925925925925926
1 0.28020833333333334 0.17453703703703705 0.040625 0.06759259259259259
