0 0.62109375 0.2976851851851852 0.030729166666666665 0.01388888888888889
1 0.6736979166666667 0.2662037037037037 0.019270833333333334 0.08611111111111111
1 0.7125 0.4064814814814815 0.027083333333333334 0.12592592592592594
1 0.79375 0.3814814814814815 0.042708333333333334 0.11666666666666667
1 0.5455729166666666 0.2986111111111111 0.050520833333333334 0.09537037037037037
1 0.4705729166666667 0.38657407407407407 0.044270833333333336 0.11018518518518519
1 0.42604166666666665 0.23611111111111113 0.03333333333333333 0.07962962962962963
1 0.33567708333333335 0.3680555555555556 0.0390625 0.11388888888888889
1 0.56484375 0.575925925925926 0.034895833333333334 0.1277777777777778
1 0.48333333333333334 0.7805555555555556 0.046875 0.15555555555555556
1 0.23463541666666665 0.5847222222222223 0.034895833333333334 0.14907407407407408
1 0.13932291666666666 0.5884259259259259 0.034895833333333334 0.12685185185185185
1 0.11536458333333333 0.45833333333333337 0.06822916666666666 0.12592592592592594
1 0.09192708333333333 0.3814814814814815 0.04114583333333333 0.07962962962962963
1 0.12395833333333334 0.3055555555555556 0.046875 0.10185185185185186
