0 0.5125 0.2800925925925926 0.027083333333333334 0.015740740740740743
1 0.6015625 0.5638888888888889 0.03125 0.13703703703703704
1 0.7588541666666666 0.39537037037037037 0.03854166666666667 0.11481481481481481
1 0.8723958333333334 0.3851851851851852 0.040625 0.12222222222222223
1 0.6901041666666666 0.2601851851851852 0.03333333333333333 0.08888888888888889
1 0.5299479166666666 0.3703703703703704 0.034895833333333334 0.11111111111111112
1 0.5473958333333333 0.27870370370370373 0.03125 0.08888888888888889
1 0.5044270833333333 0.7643518518518518 0.034895833333333334 0.14166666666666666
1 0.24739583333333334 0.562962962962963 0.04479166666666667 0.13333333333333333
1 0.19401041666666666 0.5592592592592592 0.0390625 0.1425925925925926
1 0.15026041666666667 0.4300925925925926 0.03697916666666667 0.09722222222222222
1 0.15494791666666666 0.3699074074074074 0.06614583333333333 0.10092592592592593
1 0.23645833333333333 0.28750000000000003 0.042708333333333334 0.10462962962962963
1 0.3755208333333333 0.3490740740740741 0.04479166666666667 0.10185185185185186
1 0.4666666666666667 0.24120370370370373 0.03333333333333333 0.08796296296296297
