1 0.68125 0.26712962962962966 0.046875 0.08055555555555556
1 0.85234375 0.5518518518518519 0.034895833333333334 0.12037037037037038
1 0.52890625 0.4115740740740741 0.04114583333333333 0.11018518518518519
1 0.3559895833333333 0.4601851851851852 0.025520833333333333 0.10555555555555556
1 0.28125 0.45231481481481484 0.0625 0.11944444444444445
1 0.2552083333333333 0.6819444444444445 0.05625 0.13611111111111113
1 0.02395833333333333 0.9625 0.04479166666666667 0.075
1 0.16953125 0.2662037037037037 0.03697916666666667 0.09722222222222222
1 0.0859375 0.1837962962962963 0.013541666666666667 0.09537037037037037
1 0.040625 0.3041666666666667 0.03125 0.09722222222222222
1 0.35494791666666664 0.12361111111111112 0.0390625 0.08055555555555556
0 0.6356770833333333 0.300462962962963 0.0328125 0.015740740740740743
