1 0.13776041666666666 0.9666666666666667 0.034895833333333334 0.06296296296296297
1 0.030729166666666665 0.4847222222222222 0.027083333333333334 0.11574074074074074
1 0.19765625 0.33240740740740743 0.0390625 0.08333333333333334
1 0.3026041666666667 0.3074074074074074 0.03125 0.08703703703703704
1 0.29401041666666666 0.24814814814814815 0.0328125 0.07962962962962963
1 0.2986979166666667 0.4986111111111111 0.04635416666666667 0.12314814814814816
1 0.43072916666666666 0.4851851851851852 0.046875 0.11666666666666667
1 0.38619791666666664 0.6828703703703703 0.0234375 0.1287037037037037
1 0.60859375 0.44074074074074077 0.05260416666666667 0.10740740740740741
1 0.5638020833333334 0.18333333333333335 0.03697916666666667 0.09074074074074075
1 0.9375 0.5851851851851853 0.058333333333333334 0.14814814814814814
1 0.7473958333333334 0.3041666666666667 0.03854166666666667 0.10277777777777779
0 0.7044270833333334 0.3453703703703704 0.034895833333333334 0.024074074074074074
