1 0.2630208333333333 0.7453703703703703 0.04479166666666667 0.16111111111111112
1 0.5588541666666667 0.8296296296296297 0.05416666666666667 0.07037037037037037
1 0.5705729166666667 0.6449074074074075 0.04635416666666667 0.15833333333333333
1 0.6328125 0.4273148148148148 0.03854166666666667 0.13425925925925927
1 0.82890625 0.24074074074074076 0.057812499999999996 0.12222222222222223
1 0.46171875 0.44027777777777777 0.06614583333333333 0.1398148148148148
1 0.3997395833333333 0.26805555555555555 0.050520833333333334 0.11574074074074074
1 0.2559895833333333 0.25972222222222224 0.0546875 0.13240740740740742
1 0.16666666666666666 0.3509259259259259 0.03854166666666667 0.11851851851851852
1 0.05807291666666667 0.15185185185185185 0.050520833333333334 0.11296296296296297
1 0.2872395833333333 0.08657407407407408 0.034895833333333334 0.11388888888888889
1 0.41822916666666665 0.08611111111111111 0.04895833333333333 0.10925925925925926
1 0.5638020833333334 0.0375 0.028645833333333332 0.07314814814814816
1 0.6278645833333333 0.03194444444444445 0.0328125 0.062037037037037036
1 0.2453125 0.010185185185185186 0.025 0.018518518518518517
1 0.9763020833333333 0.4828703703703704 0.04635416666666667 0.13796296296296298
