0 0.6122395833333333 0.45462962962962966 0.03697916666666667 0.024074074074074074
1 0.7716145833333333 0.46574074074074073 0.03697916666666667 0.13703703703703704
1 0.6677083333333333 0.34675925925925927 0.046875 0.09722222222222222
1 0.56171875 0.15 0.0328125 0.0925925925925926
1 0.4278645833333333 0.4083333333333333 0.0484375 0.12222222222222223
1 0.3385416666666667 0.6472222222222223 0.04895833333333333 0.1462962962962963
1 0.23072916666666665 0.46481481481481485 0.058333333333333334 0.1277777777777778
1 0.048177083333333336 0.9185185185185185 0.050520833333333334 0.16296296296296298
1 0.08697916666666666 0.21805555555555556 0.06979166666666667 0.10462962962962963
1 0.06770833333333333 0.058333333333333334 0.07395833333333333 0.09074074074074075
1 0.29375 0.03333333333333333 0.04479166666666667 0.06481481481481481
