1 0.865625 0.5425925925925926 0.058333333333333334 0.1277777777777778
1 0.5481770833333334 0.4041666666666667 0.05260416666666667 0.1175925925925926
1 0.39401041666666664 0.4486111111111111 0.050520833333333334 0.11203703703703705
1 0.3307291666666667 0.43703703703703706 0.05625 0.12037037037037038
1 0.25885416666666666 0.6828703703703703 0.04479166666666667 0.1527777777777778
1 0.028906249999999998 0.9643518518518519 0.04635416666666667 0.0712962962962963
1 0.04244791666666667 0.2976851851851852 0.0390625 0.09722222222222222
1 0.059895833333333336 0.16064814814814815 0.03125 0.10092592592592593
1 0.15911458333333334 0.2611111111111111 0.034895833333333334 0.10555555555555556
1 0.32786458333333335 0.10972222222222222 0.0390625 0.075
1 0.68125 0.2490740740740741 0.027083333333333334 0.08703703703703704
0 0.6645833333333333 0.2898148148148148 0.029166666666666667 0.016666666666666666
