0 0.6658854166666667 0.4449074074074074 0.019270833333333334 0.026851851851851852
1 0.7278645833333334 0.737037037037037 0.0390625 0.12962962962962962
1 0.78515625 0.5050925925925926 0.044270833333333336 0.1398148148148148
1 0.8143229166666667 0.38842592592592595 0.0484375 0.125
1 0.5541666666666667 0.27731481481481485 0.05625 0.10833333333333334
1 0.3958333333333333 0.39583333333333337 0.058333333333333334 0.125
1 0.3658854166666667 0.6986111111111112 0.05260416666666667 0.14166666666666666
1 0.26666666666666666 0.32962962962962966 0.029166666666666667 0.10555555555555556
1 0.20755208333333333 0.34074074074074073 0.050520833333333334 0.11851851851851852
1 0.15416666666666667 0.3351851851851852 0.040625 0.1277777777777778
1 0.11354166666666667 0.44074074074074077 0.05625 0.1277777777777778
