0 0.7104166666666667 0.34814814814814815 0.022916666666666665 0.02592592592592593
1 0.9473958333333333 0.5935185185185186 0.03854166666666667 0.13703703703703704
1 0.7442708333333333 0.3111111111111111 0.04479166666666667 0.08888888888888889
1 0.6182291666666666 0.44351851851851853 0.040625 0.11111111111111112
1 0.5958333333333333 0.1865740740740741 0.022916666666666665 0.0787037037037037
1 0.4356770833333333 0.48379629629629634 0.028645833333333332 0.09907407407407408
1 0.3997395833333333 0.6777777777777778 0.034895833333333334 0.1277777777777778
1 0.13463541666666667 0.9675925925925927 0.044270833333333336 0.06481481481481481
1 0.30182291666666666 0.49768518518518523 0.0484375 0.11203703703703705
1 0.32109375 0.30833333333333335 0.03697916666666667 0.08333333333333334
1 0.325 0.24953703703703706 0.04479166666666667 0.075
1 0.22317708333333333 0.33240740740740743 0.034895833333333334 0.09814814814814815
1 0.049479166666666664 0.475462962962963 0.029166666666666667 0.12314814814814816
1 0.022916666666666665 0.28194444444444444 0.03125 0.08425925925925926
