0 0.5559895833333334 0.287962962962963 0.025520833333333333 0.016666666666666666
1 0.6609375 0.26435185185185184 0.04479166666666667 0.10462962962962963
1 0.7190104166666667 0.39490740740740743 0.0328125 0.1175925925925926
1 0.8268229166666666 0.3726851851851852 0.034895833333333334 0.12314814814814816
1 0.5268229166666667 0.29074074074074074 0.03697916666666667 0.09444444444444444
1 0.47942708333333334 0.3791666666666667 0.030729166666666665 0.11388888888888889
1 0.5677083333333334 0.5731481481481482 0.029166666666666667 0.12592592592592594
1 0.4791666666666667 0.7740740740740741 0.042708333333333334 0.15185185185185185
1 0.22005208333333334 0.575462962962963 0.03697916666666667 0.13796296296296298
1 0.34348958333333335 0.36064814814814816 0.034895833333333334 0.10648148148148148
1 0.16458333333333333 0.3023148148148148 0.042708333333333334 0.10833333333333334
1 0.12005208333333334 0.44583333333333336 0.0390625 0.10833333333333334
1 0.14739583333333334 0.5689814814814815 0.03125 0.13425925925925927
1 0.12109375 0.37592592592592594 0.0328125 0.0925925925925926
