1 0.42994791666666665 0.7425925925925926 0.05260416666666667 0.1462962962962963
1 0.45989583333333334 0.6263888888888889 0.058333333333333334 0.11944444444444445
1 0.49296875 0.6731481481481482 0.0546875 0.11666666666666667
1 0.48125 0.41944444444444445 0.065625 0.13333333333333333
1 0.6588541666666666 0.6995370370370371 0.06041666666666667 0.14351851851851852
1 0.7580729166666667 0.4708333333333333 0.03697916666666667 0.14351851851851852
1 0.8494791666666667 0.5342592592592593 0.071875 0.13333333333333333
1 0.8669270833333333 0.21574074074074076 0.0484375 0.12222222222222223
1 0.7385416666666667 0.14305555555555557 0.040625 0.10648148148148148
1 0.6919270833333333 0.2976851851851852 0.0484375 0.12685185185185185
1 0.2716145833333333 0.2884259259259259 0.04635416666666667 0.11203703703703705
1 0.36171875 0.16203703703703703 0.0484375 0.11111111111111112
1 0.353125 0.03657407407407408 0.03125 0.0712962962962963
1 0.11119791666666666 0.22175925925925927 0.0484375 0.13611111111111113
1 0.0171875 0.48888888888888893 0.03125 0.15
0 0.5375 0.6893518518518519 0.03125 0.03981481481481482
