0 0.7143229166666667 0.3351851851851852 0.019270833333333334 0.020370370370370372
1 0.7442708333333333 0.3050925925925926 0.040625 0.09166666666666667
1 0.72578125 0.18425925925925926 0.050520833333333334 0.06296296296296297
1 0.9794270833333333 0.5537037037037037 0.03697916666666667 0.13148148148148148
1 0.5822916666666667 0.6106481481481482 0.042708333333333334 0.11018518518518519
1 0.5549479166666667 0.42638888888888893 0.0390625 0.10833333333333334
1 0.6752604166666667 0.3726851851851852 0.050520833333333334 0.09537037037037037
1 0.5083333333333333 0.24861111111111112 0.027083333333333334 0.09351851851851853
1 0.4791666666666667 0.31203703703703706 0.027083333333333334 0.09074074074074075
1 0.43072916666666666 0.42962962962962964 0.027083333333333334 0.10740740740740741
1 0.4114583333333333 0.2949074074074074 0.058333333333333334 0.11018518518518519
1 0.24348958333333334 0.46481481481481485 0.04114583333333333 0.12037037037037038
1 0.025 0.9587962962962964 0.042708333333333334 0.08055555555555556
1 0.11614583333333334 0.3787037037037037 0.027083333333333334 0.10740740740740741
1 0.2755208333333333 0.17916666666666667 0.03854166666666667 0.07685185185185185
1 0.084375 0.27222222222222225 0.029166666666666667 0.09074074074074075
1 0.05 0.27083333333333337 0.042708333333333334 0.09351851851851853
