0 0.696875 0.30694444444444446 0.015625 0.019444444444444445
1 0.7153645833333333 0.26944444444444443 0.0328125 0.0962962962962963
1 0.7598958333333333 0.3861111111111111 0.029166666666666667 0.12222222222222223
1 0.68828125 0.4300925925925926 0.03697916666666667 0.12314814814814816
1 0.5502604166666667 0.32083333333333336 0.03697916666666667 0.09907407407407408
1 0.5481770833333334 0.587962962962963 0.05260416666666667 0.13148148148148148
1 0.4927083333333333 0.8078703703703703 0.042708333333333334 0.16574074074074074
1 0.44244791666666666 0.42592592592592593 0.04635416666666667 0.12962962962962962
1 0.3520833333333333 0.38287037037037036 0.03333333333333333 0.11574074074074074
1 0.3364583333333333 0.23055555555555557 0.040625 0.08333333333333334
1 0.26979166666666665 0.5939814814814816 0.027083333333333334 0.14351851851851852
1 0.10572916666666667 0.6425925925925926 0.04479166666666667 0.17407407407407408
1 0.03463541666666667 0.49259259259259264 0.034895833333333334 0.12222222222222223
1 0.0375 0.41574074074074074 0.05625 0.09444444444444444
1 0.02786458333333333 0.3365740740740741 0.0328125 0.10648148148148148
