0 0.6919270833333333 0.3037037037037037 0.025520833333333333 0.020370370370370372
1 0.7104166666666667 0.27175925925925926 0.022916666666666665 0.09537037037037037
1 0.7755208333333333 0.3824074074074074 0.04895833333333333 0.11851851851851852
1 0.696875 0.4305555555555556 0.042708333333333334 0.12592592592592594
1 0.5591145833333333 0.5856481481481481 0.050520833333333334 0.12685185185185185
1 0.4861979166666667 0.8 0.059895833333333336 0.17037037037037037
1 0.44921875 0.42129629629629634 0.03697916666666667 0.14074074074074075
1 0.5609375 0.3148148148148148 0.042708333333333334 0.10370370370370371
1 0.265625 0.5865740740740741 0.03125 0.1287037037037037
1 0.3502604166666667 0.3763888888888889 0.04114583333333333 0.11574074074074074
1 0.37734375 0.23194444444444445 0.0328125 0.08981481481481482
1 0.12578125 0.6217592592592592 0.034895833333333334 0.14351851851851852
1 0.0609375 0.47870370370370374 0.036458333333333336 0.13148148148148148
1 0.06015625 0.3939814814814815 0.034895833333333334 0.07685185185185185
1 0.05 0.33055555555555555 0.042708333333333334 0.09444444444444444
