0 0.7385416666666667 0.3416666666666667 0.017708333333333333 0.014814814814814815
1 0.9841145833333333 0.549074074074074 0.030729166666666665 0.11851851851851852
1 0.57265625 0.6138888888888889 0.04635416666666667 0.12962962962962962
1 0.6861979166666666 0.3791666666666667 0.0328125 0.11018518518518519
1 0.7598958333333333 0.31666666666666665 0.036458333333333336 0.09074074074074075
1 0.7328125 0.1902777777777778 0.040625 0.0712962962962963
1 0.5075520833333333 0.25462962962962965 0.0328125 0.08888888888888889
1 0.4783854166666667 0.3101851851851852 0.044270833333333336 0.09814814814814815
1 0.4434895833333333 0.437962962962963 0.044270833333333336 0.10740740740740741
1 0.5463541666666667 0.4337962962962963 0.04479166666666667 0.10277777777777779
1 0.40078125 0.3101851851851852 0.025520833333333333 0.1
1 0.24557291666666667 0.4638888888888889 0.0484375 0.10925925925925926
1 0.12708333333333333 0.375 0.040625 0.10925925925925926
1 0.08411458333333333 0.26944444444444443 0.03697916666666667 0.0962962962962963
1 0.03359375 0.27546296296296297 0.03697916666666667 0.08240740740740742
1 0.27057291666666666 0.19305555555555556 0.03697916666666667 0.06759259259259259
1 0.04453125 0.9430555555555556 0.08177083333333333 0.11203703703703705
