0 0.725 0.34675925925925927 0.025 0.026851851851851852
1 0.9627604166666667 0.5814814814814815 0.0546875 0.11666666666666667
1 0.64453125 0.4291666666666667 0.0390625 0.10648148148148148
1 0.7549479166666666 0.3092592592592593 0.0390625 0.09074074074074075
1 0.6424479166666667 0.1912037037037037 0.0390625 0.075
1 0.46770833333333334 0.475462962962963 0.03125 0.10648148148148148
1 0.4552083333333333 0.6587962962962963 0.04479166666666667 0.125
1 0.12005208333333334 0.9555555555555556 0.06614583333333333 0.08518518518518518
1 0.31536458333333334 0.487962962962963 0.03697916666666667 0.11296296296296297
1 0.35911458333333335 0.2986111111111111 0.034895833333333334 0.0712962962962963
1 0.37916666666666665 0.24861111111111112 0.029166666666666667 0.08796296296296297
1 0.2716145833333333 0.3194444444444445 0.030729166666666665 0.0962962962962963
1 0.11510416666666666 0.46342592592592596 0.029166666666666667 0.1175925925925926
1 0.10078125 0.26296296296296295 0.0390625 0.09814814814814815
