0 0.765625 0.34444444444444444 0.017708333333333333 0.031481481481481485
1 0.7890625 0.3078703703703704 0.021875 0.0787037037037037
1 0.74140625 0.18888888888888888 0.030729166666666665 0.06481481481481481
1 0.6958333333333333 0.3925925925925926 0.04479166666666667 0.10740740740740741
1 0.55625 0.4361111111111111 0.05625 0.10555555555555556
1 0.57265625 0.6226851851851852 0.050520833333333334 0.13055555555555556
1 0.44140625 0.44722222222222224 0.0328125 0.09814814814814815
1 0.48723958333333334 0.3055555555555556 0.019270833333333334 0.09074074074074075
1 0.5065104166666666 0.2518518518518519 0.019270833333333334 0.09074074074074075
1 0.39869791666666665 0.30092592592592593 0.025520833333333333 0.08518518518518518
1 0.23463541666666665 0.4620370370370371 0.034895833333333334 0.10185185185185186
1 0.27734375 0.2101851851851852 0.0234375 0.08148148148148149
1 0.12890625 0.37222222222222223 0.03697916666666667 0.10370370370370371
1 0.08828125 0.2601851851851852 0.03697916666666667 0.07777777777777778
1 0.040625 0.27037037037037037 0.027083333333333334 0.09444444444444444
1 0.09765625 0.925462962962963 0.0796875 0.13055555555555556
