0 0.6442708333333333 0.29212962962962963 0.015625 0.017592592592592594
1 0.85703125 0.549537037037037 0.03697916666666667 0.13055555555555556
1 0.68125 0.26157407407407407 0.042708333333333334 0.08055555555555556
1 0.5375 0.4152777777777778 0.042708333333333334 0.1212962962962963
1 0.37447916666666664 0.4537037037037037 0.042708333333333334 0.11666666666666667
1 0.2986979166666667 0.44351851851851853 0.04635416666666667 0.11481481481481481
1 0.24817708333333333 0.6819444444444445 0.050520833333333334 0.1287037037037037
1 0.028906249999999998 0.9615740740740741 0.04635416666666667 0.07685185185185185
1 0.15598958333333332 0.26435185185185184 0.0328125 0.10092592592592593
1 0.33567708333333335 0.11481481481481481 0.034895833333333334 0.07407407407407407
1 0.06953125 0.17175925925925928 0.034895833333333334 0.09351851851851853
1 0.03177083333333333 0.2976851851851852 0.025 0.09351851851851853
