1 0.34453125 0.6032407407407407 0.05260416666666667 0.1398148148148148
1 0.5609375 0.5875 0.058333333333333334 0.15092592592592594
1 0.6317708333333333 0.4810185185185185 0.040625 0.11203703703703705
1 0.61640625 0.3995370370370371 0.05260416666666667 0.11203703703703705
1 0.48802083333333335 0.3712962962962963 0.04479166666666667 0.10740740740740741
1 0.7317708333333334 0.500925925925926 0.042708333333333334 0.12962962962962962
1 0.8541666666666666 0.7407407407407408 0.0625 0.17037037037037037
1 0.045572916666666664 0.5018518518518519 0.03697916666666667 0.13518518518518519
0 0.16666666666666666 0.4328703703703704 0.042708333333333334 0.025
1 0.48411458333333335 0.9865740740740742 0.021354166666666667 0.026851851851851852
