0 0.7734375 0.33472222222222225 0.017708333333333333 0.021296296296296296
1 0.79765625 0.29212962962962963 0.034895833333333334 0.08240740740740742
1 0.7416666666666667 0.18055555555555555 0.027083333333333334 0.07407407407407407
1 0.7026041666666667 0.4013888888888889 0.06979166666666667 0.11574074074074074
1 0.56171875 0.4356481481481482 0.0484375 0.13611111111111113
1 0.5520833333333334 0.6083333333333334 0.05625 0.11851851851851852
1 0.40651041666666665 0.4416666666666667 0.04114583333333333 0.11481481481481481
1 0.4666666666666667 0.2972222222222222 0.017708333333333333 0.08333333333333334
1 0.48984374999999997 0.24537037037037038 0.021354166666666667 0.08518518518518518
1 0.3794270833333333 0.2972222222222222 0.0484375 0.0925925925925926
1 0.225 0.44722222222222224 0.03854166666666667 0.11666666666666667
1 0.2520833333333333 0.21296296296296297 0.03125 0.07592592592592592
1 0.11796875 0.3717592592592593 0.034895833333333334 0.09907407407407408
1 0.06197916666666667 0.24629629629629632 0.03854166666666667 0.07777777777777778
1 0.13463541666666667 0.9152777777777779 0.06822916666666666 0.14537037037037037
1 0.008333333333333333 0.2606481481481482 0.013541666666666667 0.075
