0 0.7171875 0.3824074074074074 0.025 0.020370370370370372
1 0.7375 0.3773148148148148 0.027083333333333334 0.10462962962962963
1 0.7734375 0.24027777777777778 0.04479166666666667 0.11018518518518519
1 0.7015625 0.4444444444444445 0.040625 0.13518518518518519
1 0.5666666666666667 0.5680555555555555 0.046875 0.14537037037037037
1 0.5434895833333333 0.7930555555555556 0.0546875 0.1712962962962963
1 0.3260416666666667 0.5810185185185185 0.046875 0.14907407407407408
1 0.45234375 0.40972222222222227 0.034895833333333334 0.13796296296296298
1 0.5075520833333333 0.325 0.04114583333333333 0.09814814814814815
1 0.3880208333333333 0.36944444444444446 0.042708333333333334 0.13333333333333333
1 0.13177083333333334 0.6407407407407407 0.058333333333333334 0.1537037037037037
1 0.23671875 0.21342592592592594 0.0390625 0.08055555555555556
