1 0.30364583333333334 0.7550925925925926 0.036458333333333336 0.16018518518518518
1 0.58125 0.8222222222222223 0.06041666666666667 0.10740740740740741
1 0.6395833333333333 0.6523148148148148 0.036458333333333336 0.15833333333333333
1 0.5822916666666667 0.45231481481481484 0.06979166666666667 0.11944444444444445
1 0.840625 0.24583333333333335 0.046875 0.125
1 0.4015625 0.45555555555555555 0.058333333333333334 0.13333333333333333
1 0.9802083333333333 0.5314814814814816 0.03854166666666667 0.09074074074074075
1 0.3919270833333333 0.2569444444444445 0.04635416666666667 0.11574074074074074
1 0.43255208333333334 0.08703703703703704 0.034895833333333334 0.08148148148148149
1 0.31614583333333335 0.08657407407407408 0.042708333333333334 0.08981481481481482
1 0.28125 0.2638888888888889 0.042708333333333334 0.12407407407407407
1 0.18229166666666666 0.34953703703703703 0.065625 0.11574074074074074
1 0.109375 0.16666666666666669 0.029166666666666667 0.08148148148148149
1 0.03463541666666667 0.18287037037037038 0.030729166666666665 0.11203703703703705
