0 0.7135416666666666 0.2990740740740741 0.013541666666666667 0.024074074074074074
1 0.9364583333333333 0.5 0.040625 0.13703703703703704
1 0.6940104166666666 0.3592592592592593 0.03697916666666667 0.12407407407407407
1 0.68828125 0.1787037037037037 0.0484375 0.09814814814814815
1 0.5424479166666667 0.39583333333333337 0.03697916666666667 0.1212962962962963
1 0.49192708333333335 0.4 0.03697916666666667 0.10740740740740741
1 0.365625 0.6449074074074075 0.025 0.14907407407407408
1 0.09401041666666667 0.9388888888888889 0.06822916666666666 0.11666666666666667
1 0.23671875 0.21435185185185185 0.030729166666666665 0.11018518518518519
1 0.37057291666666664 0.03981481481481482 0.030729166666666665 0.07777777777777778
1 0.1203125 0.24305555555555555 0.027083333333333334 0.11203703703703705
1 0.1171875 0.0787037037037037 0.040625 0.10185185185185186
