0 0.48203124999999997 0.3226851851851852 0.021354166666666667 0.017592592592592594
1 0.7026041666666667 0.7555555555555555 0.042708333333333334 0.16481481481481483
1 0.7416666666666667 0.7773148148148148 0.042708333333333334 0.18055555555555555
1 0.8833333333333333 0.29953703703703705 0.05416666666666667 0.125
1 0.6591145833333333 0.3402777777777778 0.03697916666666667 0.11018518518518519
1 0.6143229166666666 0.40231481481481485 0.05260416666666667 0.1287037037037037
1 0.54140625 0.4175925925925926 0.04635416666666667 0.12592592592592594
1 0.4395833333333333 0.31342592592592594 0.036458333333333336 0.10462962962962963
1 0.46875 0.3125 0.025 0.09907407407407408
1 0.265625 0.5291666666666667 0.042708333333333334 0.16574074074074074
1 0.13463541666666667 0.3037037037037037 0.044270833333333336 0.06851851851851852
1 0.06979166666666667 0.46574074074074073 0.042708333333333334 0.14814814814814814
1 0.06666666666666667 0.34814814814814815 0.040625 0.12037037037037038
1 0.011458333333333333 0.6703703703703704 0.019791666666666666 0.17222222222222222
