0 0.7752604166666667 0.34120370370370373 0.021354166666666667 0.015740740740740743
1 0.79765625 0.29583333333333334 0.034895833333333334 0.08611111111111111
1 0.74140625 0.17916666666666667 0.04635416666666667 0.075
1 0.7065104166666667 0.3837962962962963 0.0390625 0.1175925925925926
1 0.55703125 0.4375 0.034895833333333334 0.09722222222222222
1 0.5666666666666667 0.6166666666666667 0.03125 0.11296296296296297
1 0.42682291666666666 0.4444444444444445 0.034895833333333334 0.10925925925925926
1 0.48125 0.30092592592592593 0.019791666666666666 0.08148148148148149
1 0.5018229166666667 0.24629629629629632 0.0328125 0.08703703703703704
1 0.3958333333333333 0.2865740740740741 0.019791666666666666 0.10833333333333334
1 0.23463541666666665 0.45046296296296295 0.0390625 0.11203703703703705
1 0.26979166666666665 0.20277777777777778 0.027083333333333334 0.07037037037037037
1 0.13463541666666667 0.37592592592592594 0.03697916666666667 0.0962962962962963
1 0.07838541666666667 0.2513888888888889 0.028645833333333332 0.08240740740740742
1 0.028125 0.2625 0.029166666666666667 0.09722222222222222
1 0.12291666666666666 0.9212962962962963 0.071875 0.14444444444444446
