0 0.740625 0.3527777777777778 0.017708333333333333 0.02592592592592593
1 0.7684895833333333 0.3138888888888889 0.019270833333333334 0.10740740740740741
1 0.7859375 0.17916666666666667 0.042708333333333334 0.09907407407407408
1 0.7153645833333333 0.3875 0.0328125 0.1175925925925926
1 0.5861979166666667 0.48379629629629634 0.030729166666666665 0.12314814814814816
1 0.5822916666666667 0.7115740740740741 0.042708333333333334 0.1527777777777778
1 0.3919270833333333 0.49212962962962964 0.06614583333333333 0.13240740740740742
1 0.48593749999999997 0.3351851851851852 0.029166666666666667 0.11481481481481481
1 0.5221354166666666 0.25925925925925924 0.050520833333333334 0.10555555555555556
1 0.41744791666666664 0.30833333333333335 0.034895833333333334 0.09814814814814815
1 0.1859375 0.5532407407407408 0.042708333333333334 0.14166666666666666
1 0.03177083333333333 0.4310185185185185 0.04895833333333333 0.13240740740740742
1 0.009635416666666667 0.2967592592592593 0.019270833333333334 0.10648148148148148
1 0.24739583333333334 0.1527777777777778 0.040625 0.08333333333333334
