0 0.52890625 0.34444444444444444 0.0171875 0.016666666666666666
1 0.8356770833333333 0.7597222222222223 0.05677083333333333 0.16574074074074074
1 0.7015625 0.737962962962963 0.04479166666666667 0.1685185185185185
1 0.8677083333333333 0.3023148148148148 0.042708333333333334 0.1175925925925926
1 0.61328125 0.4134259259259259 0.0546875 0.11388888888888889
1 0.62890625 0.33333333333333337 0.0546875 0.07962962962962963
1 0.5143229166666666 0.425 0.034895833333333334 0.12592592592592594
1 0.5114583333333333 0.31574074074074077 0.025 0.11111111111111112
1 0.46197916666666666 0.3226851851851852 0.046875 0.10277777777777779
1 0.26666666666666666 0.5347222222222222 0.05625 0.1527777777777778
1 0.0296875 0.47685185185185186 0.040625 0.14444444444444446
1 0.09375 0.35462962962962963 0.029166666666666667 0.12222222222222223
1 0.13177083333333334 0.3194444444444445 0.03854166666666667 0.053703703703703705
