1 0.25026041666666665 0.8921296296296297 0.06197916666666667 0.16574074074074074
1 0.4153645833333333 0.8439814814814816 0.050520833333333334 0.16574074074074074
1 0.06197916666666667 0.3912037037037037 0.03854166666666667 0.1212962962962963
1 0.196875 0.35324074074074074 0.04895833333333333 0.10462962962962963
1 0.26484375 0.48333333333333334 0.0484375 0.12407407407407407
1 0.3598958333333333 0.4671296296296297 0.036458333333333336 0.13240740740740742
1 0.45026041666666666 0.38472222222222224 0.050520833333333334 0.10092592592592593
1 0.54921875 0.3773148148148148 0.034895833333333334 0.11018518518518519
1 0.7239583333333334 0.40694444444444444 0.046875 0.11203703703703705
1 0.78515625 0.538425925925926 0.03697916666666667 0.13611111111111113
0 0.17239583333333333 0.33425925925925926 0.03125 0.02962962962962963
