0 0.6666666666666666 0.46435185185185185 0.025 0.026851851851851852
1 0.7385416666666667 0.44722222222222224 0.04479166666666667 0.10555555555555556
1 0.5471354166666667 0.14907407407407408 0.034895833333333334 0.07962962962962963
1 0.4015625 0.40972222222222227 0.042708333333333334 0.1175925925925926
1 0.3346354166666667 0.6347222222222223 0.0328125 0.13796296296296298
1 0.17734375 0.47500000000000003 0.03697916666666667 0.12407407407407407
1 0.05130208333333333 0.9097222222222222 0.059895833333333336 0.17314814814814816
1 0.07057291666666667 0.22222222222222224 0.044270833333333336 0.0962962962962963
1 0.06015625 0.04398148148148148 0.034895833333333334 0.0787037037037037
1 0.29401041666666666 0.028703703703703703 0.03697916666666667 0.05555555555555556
