0 0.6541666666666667 0.2976851851851852 0.019791666666666666 0.019444444444444445
1 0.7385416666666667 0.26342592592592595 0.040625 0.09907407407407408
1 0.8072916666666666 0.3902777777777778 0.042708333333333334 0.11388888888888889
1 0.9830729166666666 0.3800925925925926 0.0328125 0.14351851851851852
1 0.6377604166666666 0.5476851851851852 0.0484375 0.12685185185185185
1 0.52421875 0.7680555555555556 0.034895833333333334 0.14907407407407408
1 0.2328125 0.5708333333333333 0.0625 0.10462962962962963
1 0.045572916666666664 0.7680555555555556 0.03697916666666667 0.1527777777777778
1 0.253125 0.4949074074074074 0.04479166666666667 0.08611111111111111
1 0.15598958333333332 0.3962962962962963 0.044270833333333336 0.10925925925925926
1 0.12708333333333333 0.3453703703703704 0.05625 0.10925925925925926
1 0.39791666666666664 0.3476851851851852 0.046875 0.09351851851851853
1 0.38046875 0.27546296296296297 0.050520833333333334 0.07314814814814816
1 0.49192708333333335 0.24166666666666667 0.03697916666666667 0.1
1 0.5346354166666667 0.27824074074074073 0.044270833333333336 0.10462962962962963
1 0.5833333333333334 0.3472222222222222 0.05625 0.10370370370370371
