0 0.6065104166666666 0.2833333333333333 0.0328125 0.02592592592592593
1 0.7432291666666666 0.2657407407407408 0.042708333333333334 0.09444444444444444
1 0.81640625 0.3805555555555556 0.0328125 0.14444444444444446
1 0.9734375 0.37592592592592594 0.052083333333333336 0.1277777777777778
1 0.66484375 0.5615740740740741 0.0484375 0.12314814814814816
1 0.5403645833333334 0.7574074074074074 0.0328125 0.1685185185185185
1 0.596875 0.35185185185185186 0.040625 0.0962962962962963
1 0.5609375 0.28101851851851856 0.03125 0.11574074074074074
1 0.5203125 0.24351851851851852 0.042708333333333334 0.08888888888888889
1 0.4028645833333333 0.34675925925925927 0.0640625 0.08611111111111111
1 0.3697916666666667 0.2740740740740741 0.040625 0.07407407407407407
1 0.27630208333333334 0.5638888888888889 0.0328125 0.1277777777777778
1 0.24921875 0.5314814814814816 0.0328125 0.1277777777777778
1 0.19791666666666666 0.4064814814814815 0.046875 0.11111111111111112
1 0.16770833333333332 0.3472222222222222 0.052083333333333336 0.10185185185185186
1 0.06380208333333333 0.7587962962962963 0.04635416666666667 0.1638888888888889
