0 0.6260416666666666 0.8615740740740742 0.03333333333333333 0.028703703703703703
1 0.45989583333333334 0.8240740740740741 0.065625 0.16296296296296298
1 0.5755208333333334 0.6847222222222222 0.071875 0.14722222222222223
1 0.6143229166666666 0.48240740740740745 0.0484375 0.11111111111111112
1 0.6114583333333333 0.4240740740740741 0.058333333333333334 0.0925925925925926
1 0.5989583333333334 0.2569444444444445 0.04479166666666667 0.12685185185185185
1 0.7075520833333333 0.21666666666666667 0.059895833333333336 0.12592592592592594
1 0.6403645833333333 0.11435185185185186 0.034895833333333334 0.1175925925925926
1 0.3463541666666667 0.7087962962962964 0.052083333333333336 0.14722222222222223
1 0.365625 0.5939814814814816 0.05625 0.15092592592592594
1 0.409375 0.3824074074074074 0.03854166666666667 0.1462962962962963
1 0.2296875 0.29814814814814816 0.040625 0.12222222222222223
1 0.2950520833333333 0.1375 0.034895833333333334 0.11574074074074074
