0 0.3364583333333333 0.42638888888888893 0.029166666666666667 0.02314814814814815
1 0.03567708333333333 0.7449074074074075 0.06822916666666666 0.15092592592592594
1 0.15885416666666666 0.4962962962962963 0.05416666666666667 0.1277777777777778
1 0.45416666666666666 0.6083333333333334 0.046875 0.13333333333333333
1 0.6744791666666666 0.5888888888888889 0.052083333333333336 0.13518518518518519
1 0.7395833333333334 0.48240740740740745 0.046875 0.12407407407407407
1 0.7299479166666667 0.39212962962962966 0.06614583333333333 0.10277777777777779
1 0.6403645833333333 0.3652777777777778 0.050520833333333334 0.09722222222222222
1 0.8559895833333333 0.5101851851851852 0.06614583333333333 0.14814814814814814
1 0.9645833333333333 0.7680555555555556 0.06979166666666667 0.16944444444444445
