1 0.14921875 0.7435185185185186 0.0703125 0.16296296296296298
1 0.09375 0.5842592592592593 0.071875 0.14444444444444446
1 0.022916666666666665 0.4412037037037037 0.042708333333333334 0.13611111111111113
1 0.2911458333333333 0.4712962962962963 0.06979166666666667 0.12222222222222223
1 0.5755208333333334 0.5939814814814816 0.040625 0.15092592592592594
1 0.8143229166666667 0.576388888888889 0.06822916666666666 0.14351851851851852
1 0.8697916666666666 0.47175925925925927 0.03125 0.10648148148148148
1 0.8609375 0.3689814814814815 0.06041666666666667 0.10462962962962963
1 0.8015625 0.34675925925925927 0.03125 0.11203703703703705
1 0.9791666666666666 0.5143518518518518 0.040625 0.1212962962962963
0 0.5143229166666666 0.4046296296296297 0.030729166666666665 0.022222222222222223
