0 0.7609375 0.33194444444444443 0.019791666666666666 0.017592592592592594
1 0.78515625 0.2939814814814815 0.0484375 0.08240740740740742
1 0.7239583333333334 0.1837962962962963 0.022916666666666665 0.075
1 0.6919270833333333 0.40324074074074073 0.03697916666666667 0.11203703703703705
1 0.53359375 0.4388888888888889 0.0390625 0.10185185185185186
1 0.5307291666666667 0.6240740740740741 0.04479166666666667 0.11666666666666667
1 0.3736979166666667 0.4564814814814815 0.05260416666666667 0.11296296296296297
1 0.4395833333333333 0.2902777777777778 0.025 0.09166666666666667
1 0.46484375 0.24583333333333335 0.04114583333333333 0.09351851851851853
1 0.3520833333333333 0.30092592592592593 0.04479166666666667 0.08888888888888889
1 0.21536458333333333 0.2240740740740741 0.034895833333333334 0.08148148148148149
1 0.19895833333333332 0.4430555555555556 0.04479166666666667 0.1175925925925926
1 0.13177083333333334 0.9259259259259259 0.09270833333333334 0.1462962962962963
1 0.09973958333333333 0.37824074074074077 0.05260416666666667 0.11203703703703705
1 0.033854166666666664 0.24583333333333335 0.029166666666666667 0.06944444444444445
