1 0.43463541666666666 0.7800925925925927 0.06614583333333333 0.16018518518518518
1 0.5229166666666667 0.6305555555555555 0.071875 0.13148148148148148
1 0.52890625 0.42129629629629634 0.05260416666666667 0.13333333333333333
1 0.5424479166666667 0.37962962962962965 0.044270833333333336 0.1425925925925926
1 0.5328125 0.19212962962962965 0.06041666666666667 0.13240740740740742
1 0.6192708333333333 0.17222222222222222 0.05416666666666667 0.13148148148148148
1 0.56875 0.051388888888888894 0.042708333333333334 0.09907407407407408
1 0.22604166666666667 0.07268518518518519 0.03333333333333333 0.11018518518518519
1 0.17447916666666666 0.24074074074074076 0.046875 0.13518518518518519
1 0.33567708333333335 0.31574074074074077 0.0390625 0.1537037037037037
1 0.29296875 0.6615740740740741 0.0703125 0.16203703703703703
1 0.30546875 0.5412037037037037 0.0640625 0.1564814814814815
0 0.59375 0.851388888888889 0.027083333333333334 0.032407407407407406
