1 0.9065104166666667 0.7268518518518519 0.06614583333333333 0.15555555555555556
1 0.64921875 0.6921296296296297 0.0328125 0.16944444444444445
1 0.8296875 0.27222222222222225 0.04479166666666667 0.10740740740740741
1 0.6036458333333333 0.38796296296296295 0.05416666666666667 0.13148148148148148
1 0.5598958333333334 0.3212962962962963 0.029166666666666667 0.12037037037037038
1 0.4666666666666667 0.3314814814814815 0.025 0.11111111111111112
1 0.49114583333333334 0.3231481481481482 0.027083333333333334 0.11296296296296297
1 0.4153645833333333 0.4185185185185185 0.034895833333333334 0.12407407407407407
1 0.209375 0.5041666666666667 0.046875 0.16018518518518518
1 0.07447916666666667 0.3509259259259259 0.040625 0.12592592592592594
0 0.6697916666666667 0.3861111111111111 0.03125 0.024074074074074074
