0 0.62109375 0.3699074074074074 0.0234375 0.019444444444444445
1 0.9367187499999999 0.4462962962962963 0.03697916666666667 0.1574074074074074
1 0.7432291666666666 0.31203703703703706 0.042708333333333334 0.12222222222222223
1 0.6713541666666667 0.1050925925925926 0.042708333333333334 0.11574074074074074
1 0.5723958333333333 0.3592592592592593 0.042708333333333334 0.11111111111111112
1 0.45026041666666666 0.3842592592592593 0.06197916666666667 0.1388888888888889
1 0.4015625 0.6018518518518519 0.046875 0.1537037037037037
1 0.096875 0.913888888888889 0.08125 0.17222222222222222
1 0.21145833333333333 0.14814814814814814 0.03854166666666667 0.10740740740740741
1 0.05520833333333333 0.17083333333333334 0.040625 0.10092592592592593
1 0.1046875 0.01712962962962963 0.03125 0.032407407407407406
