0 0.5783854166666667 0.4087962962962963 0.027604166666666666 0.03796296296296296
1 0.8997395833333334 0.4398148148148148 0.04114583333333333 0.1537037037037037
1 0.7403645833333333 0.31203703703703706 0.0484375 0.12962962962962962
1 0.6434895833333333 0.10416666666666667 0.03697916666666667 0.11944444444444445
1 0.52890625 0.3662037037037037 0.0484375 0.10462962962962963
1 0.39296875 0.4087962962962963 0.07552083333333333 0.14722222222222223
1 0.35911458333333335 0.6171296296296297 0.050520833333333334 0.16944444444444445
1 0.16458333333333333 0.15694444444444444 0.042708333333333334 0.10648148148148148
1 0.06953125 0.9236111111111112 0.050520833333333334 0.14907407407407408
1 0.07734375 0.014814814814814815 0.0234375 0.02777777777777778
