0 0.6356770833333333 0.5462962962962963 0.025520833333333333 0.012962962962962964
1 0.99375 0.5486111111111112 0.011458333333333333 0.19351851851851853
1 0.8598958333333333 0.5319444444444444 0.03854166666666667 0.10648148148148148
1 0.8057291666666666 0.5328703703703704 0.027083333333333334 0.08796296296296297
1 0.7765625 0.5328703703703704 0.027083333333333334 0.11944444444444445
1 0.6997395833333333 0.5273148148148148 0.025520833333333333 0.08240740740740742
1 0.59296875 0.5388888888888889 0.021354166666666667 0.08518518518518518
1 0.5270833333333333 0.5662037037037038 0.040625 0.1287037037037037
1 0.3880208333333333 0.5328703703703704 0.03125 0.07685185185185185
1 0.3125 0.5481481481481482 0.03125 0.10555555555555556
1 0.13645833333333332 0.5324074074074074 0.029166666666666667 0.07777777777777778
