0 0.6747395833333333 0.2935185185185185 0.021354166666666667 0.02592592592592593
1 0.7619791666666667 0.3689814814814815 0.04479166666666667 0.11574074074074074
1 0.6908854166666667 0.25462962962962965 0.0234375 0.08888888888888889
1 0.5890625 0.5143518518518518 0.029166666666666667 0.13240740740740742
1 0.4666666666666667 0.7291666666666667 0.03333333333333333 0.15092592592592594
1 0.56875 0.3337962962962963 0.03854166666666667 0.10462962962962963
1 0.46458333333333335 0.2513888888888889 0.029166666666666667 0.08981481481481482
1 0.3997395833333333 0.23148148148148148 0.050520833333333334 0.09074074074074075
1 0.3958333333333333 0.3180555555555556 0.027083333333333334 0.08611111111111111
1 0.3328125 0.2712962962962963 0.03333333333333333 0.09074074074074075
1 0.23567708333333334 0.5393518518518519 0.03697916666666667 0.10648148148148148
1 0.2125 0.48842592592592593 0.013541666666666667 0.13796296296296298
1 0.028906249999999998 0.725462962962963 0.04635416666666667 0.15092592592592594
1 0.030729166666666665 0.37083333333333335 0.046875 0.10833333333333334
1 0.023177083333333334 0.3199074074074074 0.0390625 0.08611111111111111
