1 0.8375 0.5351851851851852 0.04479166666666667 0.1
1 0.8065104166666667 0.5347222222222222 0.044270833333333336 0.08981481481481482
1 0.74140625 0.538425925925926 0.0390625 0.10833333333333334
1 0.6794270833333333 0.5296296296296297 0.019270833333333334 0.07962962962962963
0 0.6192708333333333 0.5486111111111112 0.015625 0.010185185185185186
1 0.6296875 0.5185185185185185 0.040625 0.05740740740740741
1 0.56484375 0.5351851851851852 0.04635416666666667 0.07777777777777778
1 0.47552083333333334 0.5643518518518519 0.03854166666666667 0.11944444444444445
1 0.4036458333333333 0.5337962962962963 0.035416666666666666 0.075
1 0.29192708333333334 0.5398148148148149 0.03697916666666667 0.1
