1 0.16953125 0.5467592592592593 0.03697916666666667 0.10092592592592593
1 0.21041666666666667 0.5518518518518519 0.04895833333333333 0.10925925925925926
1 0.38125 0.5615740740740741 0.04895833333333333 0.11388888888888889
1 0.4317708333333333 0.5365740740740741 0.036458333333333336 0.08981481481481482
1 0.5028645833333333 0.575462962962963 0.050520833333333334 0.1398148148148148
0 0.56484375 0.6217592592592592 0.034895833333333334 0.021296296296296296
1 0.5356770833333333 0.5587962962962963 0.0390625 0.13611111111111113
1 0.6026041666666666 0.5375 0.04479166666666667 0.13611111111111113
1 0.840625 0.5486111111111112 0.03854166666666667 0.15833333333333333
1 0.9559895833333333 0.5768518518518518 0.06822916666666666 0.17777777777777778
1 0.9143229166666667 0.525 0.030729166666666665 0.06666666666666667
