0 0.46848958333333335 0.55 0.021354166666666667 0.014814814814814815
1 0.21640625 0.5324074074074074 0.0484375 0.0925925925925926
1 0.3364583333333333 0.5467592592592593 0.029166666666666667 0.10092592592592593
1 0.14817708333333332 0.5356481481481482 0.021354166666666667 0.07685185185185185
1 0.40260416666666665 0.5305555555555556 0.025 0.07037037037037037
1 0.5317708333333333 0.5277777777777778 0.035416666666666666 0.07592592592592592
1 0.5046875 0.5171296296296296 0.03125 0.062037037037037036
1 0.60546875 0.5310185185185186 0.06197916666666667 0.11018518518518519
1 0.7182291666666667 0.5300925925925926 0.042708333333333334 0.09907407407407408
1 0.8463541666666666 0.5171296296296296 0.03125 0.09537037037037037
1 0.9171874999999999 0.5078703703703704 0.029166666666666667 0.0712962962962963
