0 0.59296875 0.42638888888888893 0.03697916666666667 0.021296296296296296
1 0.8453125 0.4527777777777778 0.07604166666666666 0.1685185185185185
1 0.72109375 0.31342592592592594 0.0328125 0.15833333333333333
1 0.6182291666666666 0.09953703703703703 0.025 0.09907407407407408
1 0.4830729166666667 0.3861111111111111 0.050520833333333334 0.1388888888888889
1 0.3065104166666667 0.4388888888888889 0.0546875 0.13703703703703704
1 0.3502604166666667 0.638888888888889 0.044270833333333336 0.15925925925925927
1 0.03567708333333333 0.9314814814814815 0.044270833333333336 0.13518518518518519
1 0.10572916666666667 0.15972222222222224 0.05625 0.11388888888888889
1 0.0484375 0.015740740740740743 0.03125 0.02962962962962963
