1 0.3346354166666667 0.5319444444444444 0.03697916666666667 0.07685185185185185
1 0.3776041666666667 0.5388888888888889 0.029166666666666667 0.09444444444444444
1 0.4453125 0.5300925925925926 0.029166666666666667 0.0712962962962963
1 0.4708333333333333 0.525462962962963 0.013541666666666667 0.05277777777777778
1 0.26875 0.5541666666666667 0.025 0.028703703703703703
1 0.5510416666666667 0.5273148148148148 0.042708333333333334 0.10277777777777779
1 0.640625 0.5365740740740741 0.027083333333333334 0.10277777777777779
1 0.6755208333333333 0.5337962962962963 0.03125 0.08611111111111111
1 0.7231770833333333 0.5259259259259259 0.0328125 0.08703703703703704
1 0.8388020833333333 0.5231481481481481 0.034895833333333334 0.07592592592592592
