1 0.9588541666666667 0.5601851851851852 0.05416666666666667 0.17592592592592593
1 0.7940104166666666 0.5333333333333333 0.0390625 0.13333333333333333
1 0.709375 0.5638888888888889 0.03333333333333333 0.05185185185185186
1 0.7065104166666667 0.5273148148148148 0.057812499999999996 0.08611111111111111
1 0.6510416666666666 0.5328703703703704 0.029166666666666667 0.09907407407407408
1 0.5794270833333334 0.5407407407407407 0.0328125 0.0925925925925926
1 0.5463541666666667 0.5712962962962963 0.040625 0.16666666666666669
1 0.3221354166666667 0.5435185185185185 0.030729166666666665 0.08518518518518518
1 0.28828125 0.5472222222222223 0.03697916666666667 0.10740740740740741
1 0.11536458333333333 0.5365740740740741 0.025520833333333333 0.0787037037037037
