1 0.16770833333333332 0.5606481481481481 0.040625 0.08981481481481482
1 0.21432291666666667 0.5537037037037037 0.03697916666666667 0.10555555555555556
1 0.38307291666666665 0.5574074074074075 0.0484375 0.12037037037037038
1 0.43776041666666665 0.5356481481481482 0.03697916666666667 0.09166666666666667
1 0.5122395833333333 0.576388888888889 0.04635416666666667 0.13425925925925927
1 0.5434895833333333 0.5513888888888889 0.0234375 0.11574074074074074
0 0.5513020833333333 0.6180555555555556 0.034895833333333334 0.021296296296296296
1 0.625 0.5356481481481482 0.046875 0.13611111111111113
1 0.8513020833333333 0.5541666666666667 0.03697916666666667 0.1527777777777778
1 0.9317708333333333 0.5796296296296296 0.0625 0.18703703703703706
