0 0.7033854166666667 0.28703703703703703 0.021354166666666667 0.020370370370370372
1 0.7752604166666667 0.36388888888888893 0.03697916666666667 0.11111111111111112
1 0.72578125 0.24305555555555555 0.034895833333333334 0.08611111111111111
1 0.6463541666666667 0.31527777777777777 0.058333333333333334 0.1287037037037037
1 0.6375 0.4587962962962963 0.040625 0.12314814814814816
1 0.5065104166666666 0.712037037037037 0.030729166666666665 0.16296296296296298
1 0.4122395833333333 0.4777777777777778 0.0328125 0.14814814814814814
1 0.5140625 0.32037037037037036 0.042708333333333334 0.1
1 0.54921875 0.24629629629629632 0.0390625 0.09814814814814815
1 0.34921875 0.22546296296296298 0.027604166666666666 0.0787037037037037
1 0.33177083333333335 0.26203703703703707 0.027083333333333334 0.10185185185185186
1 0.2552083333333333 0.46435185185185185 0.05625 0.1398148148148148
1 0.09479166666666666 0.6814814814814815 0.042708333333333334 0.15555555555555556
1 0.05416666666666667 0.33472222222222225 0.03125 0.11018518518518519
1 0.08229166666666667 0.2796296296296296 0.040625 0.10185185185185186
