0 0.2872395833333333 0.5240740740740741 0.019270833333333334 0.014814814814814815
1 0.22005208333333334 0.5365740740740741 0.021354166666666667 0.06018518518518519
1 0.2552083333333333 0.5319444444444444 0.029166666666666667 0.08611111111111111
1 0.33359375 0.5407407407407407 0.019270833333333334 0.08333333333333334
1 0.34921875 0.5314814814814816 0.0234375 0.06296296296296297
1 0.44635416666666666 0.5472222222222223 0.027083333333333334 0.02592592592592593
1 0.4578125 0.524537037037037 0.027083333333333334 0.06574074074074074
1 0.484375 0.5324074074074074 0.029166666666666667 0.08703703703703704
1 0.5734375 0.5208333333333334 0.029166666666666667 0.10092592592592593
1 0.69765625 0.5277777777777778 0.03697916666666667 0.10555555555555556
1 0.8677083333333333 0.5162037037037037 0.027083333333333334 0.08796296296296297
