0 0.6736979166666667 0.2967592592592593 0.0234375 0.021296296296296296
1 0.9666666666666667 0.3703703703703704 0.042708333333333334 0.14444444444444446
1 0.7666666666666666 0.3856481481481482 0.046875 0.11944444444444445
1 0.7036458333333333 0.25324074074074077 0.025 0.09537037037037037
1 0.54453125 0.34444444444444444 0.0484375 0.11851851851851852
1 0.5958333333333333 0.5541666666666667 0.05416666666666667 0.1398148148148148
1 0.48515625 0.750462962962963 0.030729166666666665 0.1564814814814815
1 0.19296875 0.5652777777777778 0.05260416666666667 0.11203703703703705
1 0.22213541666666667 0.5074074074074074 0.0328125 0.11296296296296297
1 0.02005208333333333 0.7518518518518519 0.0328125 0.15185185185185185
1 0.05703125 0.3453703703703704 0.044270833333333336 0.0962962962962963
1 0.09296875 0.3842592592592593 0.0390625 0.12222222222222223
1 0.36875 0.3388888888888889 0.05416666666666667 0.08518518518518518
1 0.35234375 0.26851851851851855 0.03697916666666667 0.1
1 0.4395833333333333 0.24074074074074076 0.036458333333333336 0.09444444444444444
1 0.48125 0.26296296296296295 0.03125 0.12037037037037038
