0 0.67734375 0.5787037037037037 0.019270833333333334 0.014814814814814815
1 0.6658854166666667 0.5527777777777778 0.034895833333333334 0.09444444444444444
1 0.7231770833333333 0.5393518518518519 0.03697916666666667 0.09537037037037037
1 0.7869791666666667 0.5351851851851852 0.029166666666666667 0.14074074074074075
1 0.9200520833333333 0.5601851851851852 0.030729166666666665 0.17222222222222222
1 0.55390625 0.5791666666666667 0.0484375 0.17685185185185187
1 0.6239583333333333 0.5476851851851852 0.04479166666666667 0.10092592592592593
1 0.5890625 0.5407407407407407 0.025 0.09814814814814815
1 0.27447916666666666 0.55 0.04895833333333333 0.11666666666666667
1 0.08229166666666667 0.5398148148148149 0.025 0.07777777777777778
