0 0.7026041666666667 0.5796296296296296 0.022916666666666665 0.020370370370370372
1 0.9385416666666666 0.5620370370370371 0.04895833333333333 0.18333333333333335
1 0.7908854166666667 0.5351851851851852 0.05260416666666667 0.1425925925925926
1 0.753125 0.5347222222222222 0.035416666666666666 0.10092592592592593
1 0.6705729166666666 0.5365740740740741 0.0484375 0.10648148148148148
1 0.6174479166666667 0.5282407407407408 0.034895833333333334 0.09537037037037037
1 0.55234375 0.5768518518518518 0.0640625 0.1851851851851852
1 0.3033854166666667 0.5425925925925926 0.021354166666666667 0.09074074074074075
1 0.2734375 0.5481481481481482 0.03125 0.10740740740740741
1 0.1015625 0.537962962962963 0.025 0.07222222222222223
