0 0.64921875 0.5472222222222223 0.021354166666666667 0.014814814814814815
1 0.98515625 0.5597222222222222 0.028645833333333332 0.18425925925925926
1 0.8434895833333333 0.5333333333333333 0.044270833333333336 0.10185185185185186
1 0.7908854166666667 0.5407407407407407 0.03697916666666667 0.11111111111111112
1 0.7734375 0.5509259259259259 0.03333333333333333 0.061111111111111116
1 0.6958333333333333 0.5356481481481482 0.04479166666666667 0.09351851851851853
1 0.5890625 0.5351851851851852 0.025 0.08888888888888889
1 0.5434895833333333 0.5694444444444444 0.06614583333333333 0.15
1 0.3677083333333333 0.5393518518518519 0.03333333333333333 0.09166666666666667
1 0.3104166666666667 0.5421296296296296 0.03125 0.10277777777777779
1 0.12578125 0.5402777777777777 0.034895833333333334 0.07685185185185185
