0 0.365625 0.5291666666666667 0.017708333333333333 0.015740740740740743
1 0.8520833333333333 0.5222222222222223 0.027083333333333334 0.08333333333333334
1 0.6908854166666667 0.5337962962962963 0.034895833333333334 0.10092592592592593
1 0.57265625 0.5300925925925926 0.050520833333333334 0.11018518518518519
1 0.48020833333333335 0.5296296296296297 0.025 0.08888888888888889
1 0.4388020833333333 0.5287037037037037 0.034895833333333334 0.07407407407407407
1 0.31640625 0.5486111111111112 0.0234375 0.09907407407407408
1 0.34322916666666664 0.5370370370370371 0.027083333333333334 0.07222222222222223
1 0.23645833333333333 0.5314814814814816 0.042708333333333334 0.09444444444444444
1 0.20078125 0.537962962962963 0.025520833333333333 0.06481481481481481
