1 0.1171875 0.5347222222222222 0.029166666666666667 0.0787037037037037
1 0.2986979166666667 0.5430555555555556 0.030729166666666665 0.10833333333333334
1 0.3484375 0.5356481481481482 0.029166666666666667 0.08981481481481482
1 0.5513020833333333 0.5726851851851852 0.034895833333333334 0.15833333333333333
1 0.5872395833333334 0.5388888888888889 0.021354166666666667 0.09814814814814815
1 0.6684895833333333 0.5296296296296297 0.03697916666666667 0.08888888888888889
1 0.7385416666666667 0.5319444444444444 0.040625 0.09722222222222222
1 0.7911458333333333 0.5361111111111111 0.040625 0.1277777777777778
1 0.8270833333333333 0.5300925925925926 0.042708333333333334 0.10833333333333334
1 0.97734375 0.5643518518518519 0.044270833333333336 0.17314814814814816
