1 0.2015625 0.5486111111111112 0.03125 0.10833333333333334
1 0.23463541666666665 0.5518518518518519 0.0390625 0.12592592592592594
1 0.4328125 0.5643518518518519 0.065625 0.10648148148148148
1 0.49374999999999997 0.5361111111111111 0.040625 0.0962962962962963
0 0.5638020833333334 0.600925925925926 0.021354166666666667 0.020370370370370372
1 0.54140625 0.5601851851851852 0.030729166666666665 0.13333333333333333
1 0.5716145833333334 0.5402777777777777 0.025520833333333333 0.09166666666666667
1 0.60859375 0.5324074074074074 0.0328125 0.10555555555555556
1 0.7028645833333333 0.5291666666666667 0.034895833333333334 0.14166666666666666
1 0.8046875 0.5842592592592593 0.040625 0.21666666666666667
1 0.8880208333333334 0.5555555555555556 0.04479166666666667 0.15925925925925927
1 0.96953125 0.5226851851851853 0.025520833333333333 0.08055555555555556
