0 0.6802083333333333 0.29444444444444445 0.017708333333333333 0.018518518518518517
1 0.7065104166666667 0.2537037037037037 0.050520833333333334 0.09444444444444444
1 0.76875 0.3578703703703704 0.05416666666666667 0.1212962962962963
1 0.5950520833333334 0.4916666666666667 0.03697916666666667 0.11481481481481481
1 0.5822916666666667 0.3194444444444445 0.046875 0.11851851851851852
1 0.4744791666666667 0.24722222222222223 0.04479166666666667 0.1
1 0.4317708333333333 0.3055555555555556 0.03333333333333333 0.1
1 0.38229166666666664 0.2212962962962963 0.03125 0.09074074074074075
1 0.3375 0.26203703703703707 0.03125 0.10370370370370371
1 0.27057291666666666 0.5287037037037037 0.03697916666666667 0.12222222222222223
1 0.4822916666666667 0.7194444444444444 0.052083333333333336 0.15925925925925927
1 0.22109375 0.48750000000000004 0.030729166666666665 0.1638888888888889
1 0.03177083333333333 0.7152777777777778 0.04895833333333333 0.15833333333333333
1 0.030729166666666665 0.35879629629629634 0.03854166666666667 0.10092592592592593
1 0.02395833333333333 0.29953703703703705 0.040625 0.10092592592592593
