0 0.7065104166666667 0.31342592592592594 0.027604166666666666 0.021296296296296296
1 0.7791666666666667 0.2972222222222222 0.029166666666666667 0.1277777777777778
1 0.9744791666666667 0.4462962962962963 0.05 0.14444444444444446
1 0.7104166666666667 0.10138888888888889 0.042708333333333334 0.09166666666666667
1 0.60546875 0.34490740740740744 0.06197916666666667 0.1175925925925926
1 0.5221354166666666 0.35555555555555557 0.06197916666666667 0.11851851851851852
1 0.41744791666666664 0.5953703703703704 0.050520833333333334 0.14444444444444446
1 0.13932291666666666 0.9074074074074074 0.07760416666666667 0.17962962962962964
1 0.26588541666666665 0.1486111111111111 0.050520833333333334 0.10277777777777779
1 0.12786458333333334 0.1712962962962963 0.0703125 0.11111111111111112
1 0.1484375 0.020370370370370372 0.04479166666666667 0.03888888888888889
