0 0.6911458333333333 0.2851851851851852 0.027083333333333334 0.016666666666666666
1 0.7880208333333333 0.35555555555555557 0.05416666666666667 0.12592592592592594
1 0.7104166666666667 0.24953703703703706 0.027083333333333334 0.09907407407407408
1 0.6260416666666666 0.3148148148148148 0.04479166666666667 0.1277777777777778
1 0.6286458333333333 0.47870370370370374 0.042708333333333334 0.12592592592592594
1 0.49192708333333335 0.7143518518518519 0.05260416666666667 0.14537037037037037
1 0.33177083333333335 0.49768518518518523 0.042708333333333334 0.13425925925925927
1 0.47942708333333334 0.32083333333333336 0.034895833333333334 0.10462962962962963
1 0.5104166666666666 0.24537037037037038 0.03854166666666667 0.09074074074074075
1 0.37734375 0.22453703703703703 0.04114583333333333 0.08240740740740742
1 0.34140625 0.25972222222222224 0.0546875 0.09907407407407408
1 0.040364583333333336 0.3453703703703704 0.034895833333333334 0.11111111111111112
1 0.04921875 0.28101851851851856 0.05260416666666667 0.07685185185185185
1 0.06197916666666667 0.6990740740740741 0.046875 0.16111111111111112
