0 0.62890625 0.5509259259259259 0.0234375 0.016666666666666666
1 0.9588541666666667 0.5180555555555556 0.027083333333333334 0.08055555555555556
1 0.9927083333333333 0.5356481481481482 0.013541666666666667 0.07685185185185185
1 0.8598958333333333 0.5328703703703704 0.03854166666666667 0.10648148148148148
1 0.8192708333333333 0.5393518518518519 0.03125 0.08981481481481482
1 0.7588541666666666 0.5356481481481482 0.03125 0.12314814814814816
1 0.6940104166666666 0.5319444444444444 0.03697916666666667 0.07314814814814816
1 0.57734375 0.5328703703703704 0.0328125 0.08425925925925926
1 0.5083333333333333 0.5662037037037038 0.058333333333333334 0.1398148148148148
1 0.39869791666666665 0.5370370370370371 0.03697916666666667 0.07962962962962963
1 0.30755208333333334 0.5439814814814815 0.03697916666666667 0.09907407407407408
1 0.14817708333333332 0.5370370370370371 0.03697916666666667 0.08518518518518518
