0 0.6125 0.5444444444444445 0.017708333333333333 0.011111111111111112
1 0.9200520833333333 0.5199074074074074 0.030729166666666665 0.08796296296296297
1 0.82109375 0.5476851851851852 0.034895833333333334 0.07314814814814816
1 0.809375 0.5185185185185185 0.027083333333333334 0.07777777777777778
1 0.71796875 0.5305555555555556 0.034895833333333334 0.10925925925925926
1 0.6520833333333333 0.5314814814814816 0.03125 0.07592592592592592
1 0.621875 0.5166666666666667 0.029166666666666667 0.07222222222222223
1 0.5424479166666667 0.5351851851851852 0.025520833333333333 0.06666666666666667
1 0.4453125 0.563425925925926 0.040625 0.1287037037037037
1 0.40963541666666664 0.5347222222222222 0.034895833333333334 0.08055555555555556
1 0.28619791666666666 0.5407407407407407 0.03697916666666667 0.1
