1 0.22890625 0.55 0.050520833333333334 0.11296296296296297
1 0.48020833333333335 0.5564814814814815 0.040625 0.1
1 0.5200520833333333 0.5370370370370371 0.019270833333333334 0.0962962962962963
1 0.5481770833333334 0.5574074074074075 0.025520833333333333 0.12222222222222223
0 0.5901041666666667 0.600925925925926 0.019791666666666666 0.014814814814814815
1 0.5986979166666666 0.5435185185185185 0.0171875 0.13518518518518519
1 0.621875 0.5351851851851852 0.029166666666666667 0.1
1 0.7377604166666667 0.5750000000000001 0.07760416666666667 0.22222222222222224
1 0.8976562499999999 0.562962962962963 0.03697916666666667 0.17037037037037037
1 0.98125 0.5268518518518519 0.036458333333333336 0.07407407407407407
