0 0.6755208333333333 0.2953703703703704 0.027083333333333334 0.018518518518518517
1 0.7026041666666667 0.2523148148148148 0.03854166666666667 0.09351851851851853
1 0.7598958333333333 0.3680555555555556 0.03333333333333333 0.1175925925925926
1 0.98125 0.3662037037037037 0.036458333333333336 0.14907407407407408
1 0.58125 0.5277777777777778 0.05625 0.13148148148148148
1 0.46979166666666666 0.7472222222222222 0.05416666666666667 0.15925925925925927
1 0.553125 0.33055555555555555 0.046875 0.11851851851851852
1 0.45989583333333334 0.2657407407407408 0.03854166666666667 0.09074074074074075
1 0.4161458333333333 0.23564814814814816 0.029166666666666667 0.08796296296296297
1 0.36875 0.3277777777777778 0.06979166666666667 0.0925925925925926
1 0.3455729166666667 0.26157407407407407 0.034895833333333334 0.09166666666666667
1 0.20755208333333333 0.5546296296296297 0.0703125 0.11481481481481481
1 0.2015625 0.4842592592592593 0.042708333333333334 0.0962962962962963
1 0.05911458333333333 0.3773148148148148 0.0328125 0.11574074074074074
1 0.023177083333333334 0.34074074074074073 0.04635416666666667 0.10185185185185186
1 0.02109375 0.7351851851851852 0.030729166666666665 0.13703703703703704
