1 0.26484375 0.5462962962962963 0.021354166666666667 0.037037037037037035
1 0.33359375 0.5310185185185186 0.0234375 0.0787037037037037
1 0.39296875 0.5439814814814815 0.03697916666666667 0.08611111111111111
1 0.37447916666666664 0.5324074074074074 0.015625 0.07222222222222223
1 0.44140625 0.5347222222222222 0.025520833333333333 0.08240740740740742
1 0.47265625 0.525462962962963 0.0171875 0.06759259259259259
1 0.5765625 0.5337962962962963 0.05416666666666667 0.10092592592592593
1 0.6638020833333333 0.5370370370370371 0.0234375 0.09074074074074075
1 0.7278645833333334 0.5305555555555556 0.030729166666666665 0.07777777777777778
1 0.8260416666666667 0.5268518518518519 0.029166666666666667 0.07592592592592592
