0 0.43463541666666666 0.55 0.011979166666666666 0.009259259259259259
1 0.17447916666666666 0.5347222222222222 0.027083333333333334 0.06944444444444445
1 0.21822916666666667 0.5300925925925926 0.025 0.09351851851851853
1 0.31145833333333334 0.5435185185185185 0.029166666666666667 0.0925925925925926
1 0.35494791666666664 0.5328703703703704 0.034895833333333334 0.07314814814814816
1 0.41328125 0.5217592592592593 0.030729166666666665 0.06574074074074074
1 0.45338541666666665 0.525 0.021354166666666667 0.07222222222222223
1 0.4890625 0.5263888888888889 0.027083333333333334 0.08055555555555556
1 0.56953125 0.5300925925925926 0.03697916666666667 0.11203703703703705
1 0.6880208333333333 0.5356481481481482 0.04479166666666667 0.10277777777777779
1 0.8453125 0.5111111111111112 0.040625 0.09814814814814815
