0 0.47239583333333335 0.6023148148148149 0.029166666666666667 0.019444444444444445
1 0.9270833333333334 0.5592592592592592 0.071875 0.17777777777777778
1 0.6872395833333333 0.5263888888888889 0.04635416666666667 0.1287037037037037
1 0.6270833333333333 0.5453703703703704 0.05416666666666667 0.1537037037037037
1 0.540625 0.5657407407407408 0.04479166666666667 0.08518518518518518
1 0.2765625 0.5662037037037038 0.040625 0.13425925925925927
1 0.33671875 0.5412037037037037 0.025520833333333333 0.09351851851851853
1 0.19375 0.5574074074074075 0.03125 0.10185185185185186
1 0.08984375 0.5722222222222223 0.0484375 0.13148148148148148
1 0.011458333333333333 0.5791666666666667 0.015625 0.13796296296296298
