1 0.225 0.5958333333333333 0.096875 0.11574074074074074
1 0.3734375 0.512962962962963 0.05625 0.13518518518518519
1 0.353125 0.4638888888888889 0.05416666666666667 0.10185185185185186
1 0.2833333333333333 0.4226851851851852 0.042708333333333334 0.11203703703703705
1 0.12109375 0.3805555555555556 0.025520833333333333 0.061111111111111116
1 0.15989583333333332 0.37962962962962965 0.013541666666666667 0.03888888888888889
1 0.043229166666666666 0.3592592592592593 0.013541666666666667 0.04814814814814815
1 0.4830729166666667 0.600925925925926 0.10885416666666667 0.25
1 0.5947916666666666 0.5314814814814816 0.071875 0.15185185185185185
1 0.7442708333333333 0.538425925925926 0.06041666666666667 0.1287037037037037
0 0.41432291666666665 0.5611111111111111 0.028645833333333332 0.018518518518518517
