0 0.8346354166666666 0.5768518518518518 0.030729166666666665 0.022222222222222223
1 0.8015625 0.5462962962962963 0.042708333333333334 0.14444444444444446
1 0.8395833333333333 0.5430555555555556 0.036458333333333336 0.13611111111111113
1 0.5502604166666667 0.4712962962962963 0.0484375 0.11296296296296297
1 0.4783854166666667 0.5407407407407407 0.1140625 0.061111111111111116
1 0.24739583333333334 0.5018518518518519 0.08333333333333333 0.2740740740740741
1 0.31145833333333334 0.3907407407407408 0.040625 0.09814814814814815
1 0.15390625 0.3523148148148148 0.03697916666666667 0.06759259259259259
1 0.018229166666666668 0.6560185185185186 0.029166666666666667 0.04351851851851852
1 0.023177083333333334 0.525462962962963 0.034895833333333334 0.03981481481481482
