0 0.42604166666666665 0.6069444444444445 0.025 0.021296296296296296
1 0.036458333333333336 0.5925925925925926 0.06979166666666667 0.16481481481481483
1 0.17057291666666666 0.5805555555555556 0.0703125 0.0962962962962963
1 0.49505208333333334 0.549074074074074 0.050520833333333334 0.13148148148148148
1 0.5424479166666667 0.5578703703703703 0.0640625 0.11388888888888889
1 0.7260416666666667 0.5425925925925926 0.058333333333333334 0.12962962962962962
1 0.7578125 0.538425925925926 0.04479166666666667 0.16574074074074074
1 0.9666666666666667 0.5717592592592593 0.065625 0.2064814814814815
1 0.25416666666666665 0.5476851851851852 0.0625 0.12314814814814816
1 0.3958333333333333 0.5606481481481481 0.042708333333333334 0.12314814814814816
