0 0.4588541666666667 0.5467592592592593 0.029166666666666667 0.025
1 0.7609375 0.5393518518518519 0.05416666666666667 0.10648148148148148
1 0.58046875 0.5930555555555556 0.09322916666666667 0.2101851851851852
1 0.5598958333333334 0.5092592592592593 0.04479166666666667 0.11111111111111112
1 0.42109375 0.5199074074074074 0.04635416666666667 0.13425925925925927
1 0.38125 0.47314814814814815 0.052083333333333336 0.11851851851851852
1 0.2830729166666667 0.42453703703703705 0.0234375 0.07685185185185185
1 0.321875 0.3837962962962963 0.027083333333333334 0.07314814814814816
1 0.27057291666666666 0.3990740740740741 0.0328125 0.05740740740740741
1 0.12473958333333333 0.3712962962962963 0.021354166666666667 0.05925925925925926
1 0.15989583333333332 0.3689814814814815 0.017708333333333333 0.04722222222222222
1 0.037760416666666664 0.3472222222222222 0.021354166666666667 0.05
1 0.209375 0.5731481481481482 0.11666666666666667 0.12407407407407407
