0 0.5104166666666666 0.5986111111111111 0.03854166666666667 0.025
1 0.9278645833333333 0.5574074074074075 0.06197916666666667 0.15555555555555556
1 0.6684895833333333 0.5472222222222223 0.0484375 0.10740740740740741
1 0.5997395833333333 0.5439814814814815 0.050520833333333334 0.15092592592592594
1 0.5346354166666667 0.549537037037037 0.04114583333333333 0.10833333333333334
1 0.4591145833333333 0.5546296296296297 0.0328125 0.10555555555555556
1 0.42213541666666665 0.5587962962962963 0.03697916666666667 0.10833333333333334
1 0.26848958333333334 0.5699074074074074 0.03697916666666667 0.13240740740740742
1 0.30859375 0.5388888888888889 0.034895833333333334 0.09814814814814815
1 0.17447916666666666 0.5615740740740741 0.03125 0.09166666666666667
1 0.084375 0.5731481481481482 0.05625 0.11296296296296297
