0 0.09192708333333333 0.6212962962962963 0.044270833333333336 0.040740740740740744
1 0.4947916666666667 0.5856481481481481 0.08541666666666667 0.20462962962962963
1 0.5755208333333334 0.5148148148148148 0.05625 0.13333333333333333
1 0.6677083333333333 0.5097222222222222 0.0625 0.12685185185185185
1 0.26875 0.4689814814814815 0.04479166666666667 0.09907407407407408
1 0.24270833333333333 0.437962962962963 0.042708333333333334 0.0925925925925926
1 0.11328125 0.38842592592592595 0.025520833333333333 0.05277777777777778
1 0.15520833333333334 0.3819444444444445 0.027083333333333334 0.05277777777777778
1 0.026041666666666668 0.5541666666666667 0.04479166666666667 0.24351851851851852
1 0.06302083333333333 0.3675925925925926 0.029166666666666667 0.053703703703703705
