0 0.4484375 0.600462962962963 0.03125 0.021296296296296296
1 0.9377604166666667 0.5620370370370371 0.06197916666666667 0.17777777777777778
1 0.67734375 0.5439814814814815 0.08177083333333333 0.15092592592592594
1 0.54140625 0.5444444444444445 0.0390625 0.12222222222222223
1 0.5075520833333333 0.5467592592592593 0.04114583333333333 0.11018518518518519
1 0.47942708333333334 0.5555555555555556 0.0390625 0.1
1 0.30572916666666666 0.563425925925926 0.04479166666666667 0.13425925925925927
1 0.21328125 0.5569444444444445 0.0390625 0.11388888888888889
1 0.10677083333333333 0.5689814814814815 0.042708333333333334 0.1175925925925926
1 0.01328125 0.5824074074074075 0.0234375 0.1388888888888889
