1 0.6666666666666666 0.5694444444444444 0.09895833333333333 0.19444444444444445
1 0.78515625 0.5356481481481482 0.04114583333333333 0.11574074074074074
1 0.5346354166666667 0.5287037037037037 0.08385416666666666 0.08518518518518518
1 0.44635416666666666 0.5013888888888889 0.05416666666666667 0.11944444444444445
1 0.40963541666666664 0.46851851851851856 0.050520833333333334 0.09814814814814815
1 0.21041666666666667 0.5592592592592592 0.10729166666666666 0.15185185185185185
1 0.29401041666666666 0.41805555555555557 0.059895833333333336 0.1212962962962963
1 0.12578125 0.3740740740740741 0.019270833333333334 0.05925925925925926
1 0.16770833333333332 0.3699074074074074 0.025 0.04537037037037037
1 0.029947916666666668 0.3476851851851852 0.0171875 0.05648148148148149
