1 0.8385416666666666 0.5694444444444444 0.058333333333333334 0.17222222222222222
1 0.7708333333333334 0.5296296296296297 0.042708333333333334 0.11296296296296297
1 0.6484375 0.5453703703703704 0.03125 0.12407407407407407
1 0.6125 0.5337962962962963 0.025 0.13796296296296298
1 0.36276041666666664 0.5550925925925926 0.034895833333333334 0.1287037037037037
1 0.4510416666666667 0.5356481481481482 0.029166666666666667 0.09907407407407408
1 0.26484375 0.5486111111111112 0.03697916666666667 0.08981481481481482
1 0.21822916666666667 0.5449074074074074 0.05625 0.10648148148148148
1 0.0921875 0.5722222222222223 0.05625 0.05925925925925926
1 0.04453125 0.5671296296296297 0.034895833333333334 0.11018518518518519
0 0.1328125 0.5768518518518518 0.029166666666666667 0.016666666666666666
