1 0.10260416666666666 0.6597222222222222 0.0625 0.18055555555555555
1 0.2677083333333333 0.6930555555555555 0.058333333333333334 0.09351851851851853
1 0.46588541666666666 0.6777777777777778 0.034895833333333334 0.20925925925925926
1 0.5036458333333333 0.6611111111111111 0.036458333333333336 0.1537037037037037
1 0.56953125 0.6569444444444444 0.03697916666666667 0.18796296296296297
1 0.6270833333333333 0.6587962962962963 0.05416666666666667 0.23240740740740742
1 0.7075520833333333 0.7199074074074074 0.07552083333333333 0.275
1 0.8153645833333333 0.6560185185185186 0.04635416666666667 0.18981481481481483
1 0.8950520833333333 0.6777777777777778 0.050520833333333334 0.24629629629629632
1 0.9406249999999999 0.6722222222222223 0.04479166666666667 0.20555555555555557
1 0.9802083333333333 0.6490740740740741 0.03854166666666667 0.19444444444444445
