1 0.022916666666666665 0.5537037037037037 0.03125 0.1277777777777778
0 0.24921875 0.5856481481481481 0.021354166666666667 0.012037037037037037
1 0.240625 0.5486111111111112 0.046875 0.09537037037037037
1 0.28619791666666666 0.5518518518518519 0.0328125 0.10925925925925926
1 0.35885416666666664 0.549074074074074 0.046875 0.12037037037037038
1 0.40651041666666665 0.5555555555555556 0.03697916666666667 0.1388888888888889
1 0.4453125 0.5388888888888889 0.03333333333333333 0.09814814814814815
1 0.5794270833333334 0.5509259259259259 0.03697916666666667 0.13148148148148148
1 0.6627604166666666 0.537962962962963 0.03697916666666667 0.1574074074074074
1 0.72890625 0.5449074074074074 0.0328125 0.125
1 0.8471354166666667 0.5722222222222223 0.0796875 0.16666666666666669
