1 0.02395833333333333 0.575462962962963 0.03333333333333333 0.13055555555555556
1 0.32421875 0.549537037037037 0.034895833333333334 0.10092592592592593
1 0.36171875 0.5546296296296297 0.0328125 0.10740740740740741
0 0.39401041666666664 0.5740740740740741 0.0234375 0.011111111111111112
1 0.38307291666666665 0.5407407407407407 0.021354166666666667 0.07962962962962963
1 0.41822916666666665 0.5541666666666667 0.036458333333333336 0.11388888888888889
1 0.4861979166666667 0.5675925925925926 0.03697916666666667 0.12222222222222223
1 0.5520833333333334 0.55 0.040625 0.13333333333333333
1 0.7510416666666666 0.5407407407407407 0.07395833333333333 0.14074074074074075
1 0.9200520833333333 0.5666666666666667 0.0546875 0.1851851851851852
