1 0.0171875 0.5685185185185185 0.03125 0.11296296296296297
1 0.2591145833333333 0.5486111111111112 0.021354166666666667 0.10833333333333334
0 0.2755208333333333 0.5847222222222223 0.015625 0.017592592592592594
1 0.30755208333333334 0.5518518518518519 0.03697916666666667 0.10370370370370371
1 0.36276041666666664 0.5425925925925926 0.030729166666666665 0.12962962962962962
1 0.38125 0.5416666666666667 0.03333333333333333 0.09074074074074075
1 0.4356770833333333 0.5601851851851852 0.0484375 0.1277777777777778
1 0.57734375 0.5509259259259259 0.03697916666666667 0.13148148148148148
1 0.6794270833333333 0.5393518518518519 0.06197916666666667 0.1564814814814815
1 0.7299479166666667 0.5393518518518519 0.034895833333333334 0.1175925925925926
1 0.8744791666666667 0.5657407407407408 0.05625 0.1814814814814815
