0 0.1734375 0.7162037037037037 0.029166666666666667 0.021296296296296296
1 0.13958333333333334 0.6916666666666667 0.0625 0.10740740740740741
1 0.4036458333333333 0.6828703703703703 0.046875 0.22314814814814815
1 0.01640625 0.6555555555555556 0.0328125 0.16296296296296298
1 0.4822916666666667 0.6532407407407408 0.05625 0.1787037037037037
1 0.5309895833333333 0.6680555555555556 0.0484375 0.2212962962962963
1 0.6260416666666666 0.7041666666666667 0.06770833333333333 0.28611111111111115
1 0.7385416666666667 0.6611111111111111 0.036458333333333336 0.17222222222222222
1 0.7822916666666666 0.6824074074074075 0.058333333333333334 0.24814814814814815
1 0.86171875 0.6685185185185185 0.034895833333333334 0.2611111111111111
1 0.9171874999999999 0.6550925925925927 0.04895833333333333 0.20462962962962963
