1 0.04921875 0.5569444444444445 0.03697916666666667 0.11203703703703705
1 0.12604166666666666 0.5680555555555555 0.05416666666666667 0.05648148148148149
1 0.18802083333333333 0.5453703703703704 0.042708333333333334 0.0962962962962963
1 0.2484375 0.5439814814814815 0.03125 0.08611111111111111
1 0.3484375 0.5587962962962963 0.029166666666666667 0.125
1 0.3755208333333333 0.5458333333333334 0.040625 0.10833333333333334
1 0.47734375 0.5342592592592593 0.0390625 0.10370370370370371
1 0.596875 0.5365740740740741 0.04479166666666667 0.13240740740740742
1 0.68125 0.55 0.065625 0.12222222222222223
1 0.8395833333333333 0.5393518518518519 0.05625 0.10277777777777779
1 0.9153645833333334 0.5856481481481481 0.05260416666666667 0.14907407407407408
