0 0.20078125 0.5865740740740741 0.021354166666666667 0.01388888888888889
1 0.03177083333333333 0.563425925925926 0.040625 0.10833333333333334
1 0.225 0.5523148148148148 0.03125 0.09537037037037037
1 0.2716145833333333 0.5472222222222223 0.030729166666666665 0.1
1 0.340625 0.5518518518518519 0.029166666666666667 0.11296296296296297
1 0.3638020833333333 0.5393518518518519 0.0171875 0.08055555555555556
1 0.3966145833333333 0.5638888888888889 0.03697916666666667 0.12962962962962962
1 0.43854166666666666 0.5407407407407407 0.03125 0.07962962962962963
1 0.5901041666666667 0.5513888888888889 0.05416666666666667 0.13425925925925927
1 0.6434895833333333 0.5388888888888889 0.03697916666666667 0.14074074074074075
1 0.7317708333333334 0.5351851851851852 0.03125 0.10555555555555556
1 0.8395833333333333 0.5902777777777778 0.04895833333333333 0.13425925925925927
