1 0.7890625 0.6902777777777778 0.09166666666666666 0.1527777777777778
1 0.6434895833333333 0.611574074074074 0.044270833333333336 0.08425925925925926
1 0.4986979166666667 0.5694444444444444 0.034895833333333334 0.10555555555555556
1 0.39375 0.5782407407407407 0.058333333333333334 0.14166666666666666
1 0.27057291666666666 0.6435185185185185 0.08697916666666666 0.053703703703703705
1 0.2630208333333333 0.5018518518518519 0.040625 0.053703703703703705
1 0.15807291666666667 0.5425925925925926 0.05260416666666667 0.15185185185185185
1 0.20651041666666667 0.4800925925925926 0.021354166666666667 0.0638888888888889
1 0.3046875 0.5217592592592593 0.027083333333333334 0.08611111111111111
1 0.11822916666666666 0.4800925925925926 0.03854166666666667 0.07314814814814816
1 0.014322916666666666 0.48564814814814816 0.028645833333333332 0.11944444444444445
0 0.9346354166666666 0.737962962962963 0.0328125 0.02592592592592593
