0 0.37057291666666664 0.6166666666666667 0.034895833333333334 0.022222222222222223
1 0.7736979166666667 0.7310185185185185 0.0640625 0.16574074074074074
1 0.5791666666666666 0.5819444444444445 0.04479166666666667 0.08425925925925926
1 0.4708333333333333 0.5555555555555556 0.029166666666666667 0.08518518518518518
1 0.3442708333333333 0.5592592592592592 0.029166666666666667 0.11111111111111112
1 0.29973958333333334 0.5638888888888889 0.0328125 0.14074074074074075
1 0.2520833333333333 0.5541666666666667 0.058333333333333334 0.14166666666666666
1 0.2171875 0.4962962962962963 0.019791666666666666 0.053703703703703705
1 0.13359375 0.4828703703703704 0.034895833333333334 0.06944444444444445
1 0.019010416666666665 0.49212962962962964 0.0234375 0.09166666666666667
