0 0.13385416666666666 0.5907407407407408 0.05416666666666667 0.044444444444444446
1 0.3229166666666667 0.4800925925925926 0.029166666666666667 0.10833333333333334
1 0.39765625 0.513888888888889 0.034895833333333334 0.14074074074074075
1 0.4513020833333333 0.4615740740740741 0.03697916666666667 0.09537037037037037
1 0.5140625 0.46296296296296297 0.042708333333333334 0.14074074074074075
1 0.5958333333333333 0.42453703703703705 0.019791666666666666 0.06944444444444445
1 0.6328125 0.437962962962963 0.046875 0.15555555555555556
1 0.7005208333333334 0.3768518518518519 0.027083333333333334 0.05185185185185186
1 0.75390625 0.36388888888888893 0.021354166666666667 0.05555555555555556
1 0.8388020833333333 0.3666666666666667 0.034895833333333334 0.07222222222222223
1 0.9591145833333333 0.3263888888888889 0.0234375 0.04537037037037037
