0 0.28802083333333334 0.7064814814814815 0.06041666666666667 0.040740740740740744
1 0.4075520833333333 0.4898148148148148 0.027604166666666666 0.17777777777777778
1 0.4744791666666667 0.4328703703703704 0.025 0.1175925925925926
1 0.5919270833333333 0.46805555555555556 0.034895833333333334 0.1398148148148148
1 0.66875 0.44027777777777777 0.052083333333333336 0.13796296296296298
1 0.6299479166666666 0.39814814814814814 0.021354166666666667 0.07592592592592592
1 0.3481770833333333 0.47175925925925927 0.0171875 0.08981481481481482
1 0.7424479166666667 0.3703703703703704 0.025520833333333333 0.05740740740740741
1 0.7947916666666667 0.34953703703703703 0.029166666666666667 0.058333333333333334
1 0.87265625 0.3541666666666667 0.0171875 0.06018518518518519
