0 0.17838541666666666 0.7671296296296296 0.06197916666666667 0.04351851851851852
1 0.40182291666666664 0.5018518518518519 0.034895833333333334 0.15
1 0.3338541666666667 0.4689814814814815 0.027083333333333334 0.07314814814814816
1 0.4627604166666667 0.4726851851851852 0.03697916666666667 0.09722222222222222
1 0.5567708333333333 0.4601851851851852 0.042708333333333334 0.13333333333333333
1 0.6075520833333333 0.4101851851851852 0.0234375 0.053703703703703705
1 0.6453125 0.4324074074074074 0.03333333333333333 0.14444444444444446
1 0.7174479166666666 0.3888888888888889 0.021354166666666667 0.037037037037037035
1 0.7783854166666666 0.35370370370370374 0.027604166666666666 0.05925925925925926
1 0.8510416666666667 0.3560185185185185 0.040625 0.07685185185185185
1 0.9755208333333333 0.32222222222222224 0.03333333333333333 0.0462962962962963
