0 0.12109375 0.6986111111111112 0.044270833333333336 0.05462962962962963
1 0.39869791666666665 0.5046296296296297 0.03697916666666667 0.17037037037037037
1 0.3346354166666667 0.47314814814814815 0.021354166666666667 0.08333333333333334
1 0.4609375 0.4569444444444445 0.03333333333333333 0.09907407407407408
1 0.540625 0.46481481481481485 0.040625 0.12407407407407407
1 0.6473958333333333 0.4425925925925926 0.03333333333333333 0.15555555555555556
1 0.5950520833333334 0.4064814814814815 0.021354166666666667 0.07962962962962963
1 0.7182291666666667 0.38981481481481484 0.015625 0.037037037037037035
1 0.7619791666666667 0.3685185185185185 0.025 0.06851851851851852
1 0.84921875 0.36342592592592593 0.021354166666666667 0.08240740740740742
1 0.9752604166666666 0.3337962962962963 0.021354166666666667 0.05092592592592593
