0 0.49973958333333335 0.500925925925926 0.0328125 0.020370370370370372
1 0.5005208333333333 0.45231481481481484 0.027083333333333334 0.09722222222222222
1 0.525 0.4939814814814815 0.04479166666666667 0.09722222222222222
1 0.6869791666666667 0.4064814814814815 0.03125 0.061111111111111116
1 0.7471354166666666 0.40092592592592596 0.034895833333333334 0.061111111111111116
1 0.8083333333333333 0.42962962962962964 0.04479166666666667 0.10555555555555556
1 0.86875 0.38472222222222224 0.025 0.08611111111111111
1 0.9278645833333333 0.3712962962962963 0.06614583333333333 0.0962962962962963
1 0.428125 0.4763888888888889 0.029166666666666667 0.08796296296296297
1 0.24817708333333333 0.5736111111111112 0.09322916666666667 0.1675925925925926
