1 0.3890625 0.5101851851851852 0.052083333333333336 0.16111111111111112
1 0.45026041666666666 0.4532407407407408 0.0390625 0.10648148148148148
1 0.49192708333333335 0.47314814814814815 0.0171875 0.09814814814814815
1 0.5890625 0.42592592592592593 0.021875 0.08888888888888889
1 0.6268229166666667 0.45972222222222225 0.034895833333333334 0.13240740740740742
1 0.6986979166666667 0.38101851851851853 0.034895833333333334 0.05277777777777778
1 0.7463541666666667 0.37824074074074077 0.017708333333333333 0.03425925925925926
1 0.8260416666666667 0.36712962962962964 0.017708333333333333 0.07685185185185185
1 0.9424479166666666 0.33564814814814814 0.0328125 0.049074074074074076
1 0.32395833333333335 0.48935185185185187 0.027083333333333334 0.08611111111111111
0 0.18515625 0.5921296296296297 0.044270833333333336 0.04166666666666667
