0 0.325 0.6828703703703703 0.04479166666666667 0.030555555555555558
1 0.353125 0.4625 0.027083333333333334 0.09907407407407408
1 0.409375 0.500462962962963 0.03125 0.1527777777777778
1 0.47734375 0.4537037037037037 0.030729166666666665 0.08518518518518518
1 0.6143229166666666 0.46944444444444444 0.0484375 0.15925925925925927
1 0.6669270833333333 0.42824074074074076 0.0484375 0.14722222222222223
1 0.8036458333333333 0.3513888888888889 0.03125 0.05092592592592593
1 0.7231770833333333 0.3615740740740741 0.021354166666666667 0.06574074074074074
1 0.7416666666666667 0.3666666666666667 0.027083333333333334 0.044444444444444446
1 0.8802083333333334 0.34814814814814815 0.029166666666666667 0.061111111111111116
