0 0.04140625 0.6069444444444445 0.0484375 0.030555555555555558
1 0.3416666666666667 0.5199074074074074 0.10104166666666667 0.058333333333333334
1 0.3328125 0.4444444444444445 0.029166666666666667 0.0925925925925926
1 0.45807291666666666 0.4398148148148148 0.030729166666666665 0.11296296296296297
1 0.50078125 0.4328703703703704 0.06614583333333333 0.09166666666666667
1 0.66484375 0.3601851851851852 0.025520833333333333 0.05925925925925926
1 0.553125 0.3837962962962963 0.042708333333333334 0.075
1 0.69296875 0.34120370370370373 0.027604166666666666 0.04351851851851852
1 0.8619791666666666 0.3027777777777778 0.027083333333333334 0.03518518518518519
1 0.9221354166666667 0.2916666666666667 0.030729166666666665 0.03888888888888889
1 0.7328125 0.32916666666666666 0.03333333333333333 0.04537037037037037
