0 0.19192708333333333 0.5657407407407408 0.0390625 0.02777777777777778
1 0.2947916666666667 0.46944444444444444 0.058333333333333334 0.1277777777777778
1 0.3541666666666667 0.49768518518518523 0.06041666666666667 0.08055555555555556
1 0.44244791666666666 0.4449074074074074 0.050520833333333334 0.13240740740740742
1 0.4901041666666667 0.4476851851851852 0.04479166666666667 0.05462962962962963
1 0.5190104166666667 0.42129629629629634 0.0484375 0.09814814814814815
1 0.5541666666666667 0.3888888888888889 0.017708333333333333 0.05555555555555556
1 0.6677083333333333 0.35833333333333334 0.035416666666666666 0.07962962962962963
1 0.6356770833333333 0.34490740740740744 0.021354166666666667 0.04166666666666667
1 0.7122395833333334 0.32592592592592595 0.0234375 0.07777777777777778
1 0.7442708333333333 0.325 0.013541666666666667 0.02592592592592593
1 0.8716145833333333 0.2990740740740741 0.030729166666666665 0.04259259259259259
1 0.9367187499999999 0.2800925925925926 0.025520833333333333 0.03425925925925926
