0 0.2947916666666667 0.5435185185185185 0.03125 0.024074074074074074
1 0.29375 0.5064814814814815 0.040625 0.10925925925925926
1 0.3502604166666667 0.4981481481481482 0.07552083333333333 0.06666666666666667
1 0.40546875 0.4777777777777778 0.04635416666666667 0.14074074074074075
1 0.49192708333333335 0.4328703703703704 0.04114583333333333 0.075
1 0.51328125 0.4050925925925926 0.03697916666666667 0.10092592592592593
1 0.5658854166666667 0.37222222222222223 0.021354166666666667 0.07592592592592592
1 0.6765625 0.3453703703703704 0.029166666666666667 0.08703703703703704
1 0.7239583333333334 0.31712962962962965 0.022916666666666665 0.06944444444444445
1 0.75703125 0.3111111111111111 0.015104166666666667 0.024074074074074074
1 0.89296875 0.2898148148148148 0.04635416666666667 0.04814814814814815
1 0.9598958333333333 0.27083333333333337 0.029166666666666667 0.05462962962962963
