1 0.1296875 0.5365740740740741 0.03125 0.10277777777777779
1 0.27734375 0.5236111111111111 0.030729166666666665 0.08055555555555556
1 0.37057291666666664 0.5152777777777778 0.030729166666666665 0.0638888888888889
1 0.34921875 0.5319444444444444 0.06614583333333333 0.03425925925925926
1 0.5317708333333333 0.5625 0.058333333333333334 0.1953703703703704
1 0.6802083333333333 0.5222222222222223 0.04479166666666667 0.13703703703703704
1 0.7833333333333333 0.5217592592592593 0.05625 0.15092592592592594
1 0.8669270833333333 0.5240740740740741 0.03697916666666667 0.11296296296296297
1 0.9559895833333333 0.5074074074074074 0.044270833333333336 0.11666666666666667
0 0.24244791666666665 0.538425925925926 0.0234375 0.019444444444444445
