0 0.240625 0.5319444444444444 0.015625 0.02314814814814815
1 0.5309895833333333 0.5574074074074075 0.0796875 0.2111111111111111
1 0.6552083333333333 0.5208333333333334 0.06041666666666667 0.13425925925925927
1 0.78046875 0.5120370370370371 0.06614583333333333 0.15
1 0.87265625 0.512962962962963 0.0640625 0.1425925925925926
1 0.9502604166666666 0.5092592592592593 0.059895833333333336 0.12037037037037038
1 0.109375 0.5388888888888889 0.03333333333333333 0.10925925925925926
1 0.28411458333333334 0.5171296296296296 0.03697916666666667 0.09722222222222222
1 0.3260416666666667 0.5407407407407407 0.042708333333333334 0.0462962962962963
1 0.3677083333333333 0.5162037037037037 0.04479166666666667 0.075
