0 0.23854166666666665 0.5370370370370371 0.019791666666666666 0.012962962962962964
1 0.08619791666666667 0.5421296296296296 0.03697916666666667 0.10092592592592593
1 0.27057291666666666 0.5185185185185185 0.021354166666666667 0.07777777777777778
1 0.3026041666666667 0.5300925925925926 0.05416666666666667 0.04537037037037037
1 0.3609375 0.5157407407407407 0.03854166666666667 0.05925925925925926
1 0.5190104166666667 0.5504629629629629 0.0640625 0.2212962962962963
1 0.6221354166666666 0.5199074074074074 0.03697916666666667 0.14351851851851852
1 0.7723958333333333 0.5125000000000001 0.042708333333333334 0.14907407407407408
1 0.8463541666666666 0.5217592592592593 0.046875 0.1287037037037037
1 0.9239583333333333 0.5166666666666667 0.058333333333333334 0.12592592592592594
