0 0.27265625 0.5486111111111112 0.03697916666666667 0.030555555555555558
1 0.29010416666666666 0.4949074074074074 0.03333333333333333 0.09907407407407408
1 0.3424479166666667 0.5018518518518519 0.07135416666666666 0.06481481481481481
1 0.4203125 0.4537037037037037 0.040625 0.16111111111111112
1 0.5057291666666667 0.43333333333333335 0.071875 0.061111111111111116
1 0.5075520833333333 0.3939814814814815 0.0328125 0.09351851851851853
1 0.5609375 0.3800925925925926 0.022916666666666665 0.06018518518518519
1 0.6794270833333333 0.35370370370370374 0.034895833333333334 0.08148148148148149
1 0.725 0.31851851851851853 0.029166666666666667 0.06666666666666667
1 0.8861979166666667 0.287962962962963 0.0328125 0.05
1 0.9513020833333333 0.27037037037037037 0.019270833333333334 0.044444444444444446
1 0.7580729166666667 0.31342592592592594 0.025520833333333333 0.036111111111111115
1 0.6403645833333333 0.3402777777777778 0.0234375 0.03425925925925926
