1 0.18333333333333332 0.5263888888888889 0.03333333333333333 0.10833333333333334
1 0.2833333333333333 0.513425925925926 0.027083333333333334 0.07685185185185185
1 0.31328125 0.5101851851851852 0.03697916666666667 0.09074074074074075
1 0.3911458333333333 0.5148148148148148 0.040625 0.07407407407407407
1 0.56484375 0.5810185185185185 0.0703125 0.14166666666666666
1 0.72421875 0.5194444444444445 0.050520833333333334 0.13333333333333333
1 0.7833333333333333 0.5212962962962964 0.029166666666666667 0.13703703703703704
1 0.8122395833333333 0.5069444444444444 0.0484375 0.1175925925925926
1 0.8783854166666667 0.5236111111111111 0.0484375 0.12314814814814816
1 0.9638020833333333 0.5166666666666667 0.044270833333333336 0.11481481481481481
