0 0.584375 0.4398148148148148 0.027083333333333334 0.014814814814814815
1 0.27265625 0.537962962962963 0.06822916666666666 0.15925925925925927
1 0.4278645833333333 0.4416666666666667 0.03697916666666667 0.11851851851851852
1 0.4705729166666667 0.43472222222222223 0.03697916666666667 0.08240740740740742
1 0.70078125 0.40555555555555556 0.0390625 0.11296296296296297
1 0.7638020833333333 0.36388888888888893 0.0171875 0.05740740740740741
1 0.8221354166666667 0.3574074074074074 0.025520833333333333 0.06481481481481481
1 0.89296875 0.3453703703703704 0.034895833333333334 0.07222222222222223
1 0.9268229166666666 0.32731481481481484 0.0171875 0.05648148148148149
1 0.9794270833333333 0.3337962962962963 0.0328125 0.09166666666666667
