1 0.24036458333333333 0.5472222222222223 0.06197916666666667 0.17592592592592593
1 0.4231770833333333 0.4375 0.034895833333333334 0.09537037037037037
1 0.4783854166666667 0.43472222222222223 0.021354166666666667 0.06018518518518519
1 0.7190104166666667 0.41064814814814815 0.0484375 0.10648148148148148
1 0.7734375 0.36712962962962964 0.025 0.04166666666666667
1 0.8143229166666667 0.362962962962963 0.025520833333333333 0.07407407407407407
1 0.8986979166666667 0.35324074074074074 0.030729166666666665 0.062037037037037036
1 0.9200520833333333 0.33194444444444443 0.019270833333333334 0.049074074074074076
1 0.9888020833333333 0.33935185185185185 0.021354166666666667 0.08611111111111111
0 0.6424479166666667 0.437962962962963 0.027604166666666666 0.020370370370370372
