0 0.09088541666666666 0.587962962962963 0.0390625 0.03888888888888889
1 0.153125 0.5472222222222223 0.06979166666666667 0.18333333333333335
1 0.35703125 0.4675925925925926 0.0390625 0.12592592592592594
1 0.44140625 0.4652777777777778 0.05260416666666667 0.0787037037037037
1 0.5473958333333333 0.44583333333333336 0.058333333333333334 0.19166666666666668
1 0.7203125 0.3416666666666667 0.027083333333333334 0.05925925925925926
1 0.7638020833333333 0.32453703703703707 0.0328125 0.07685185185185185
1 0.8502604166666666 0.31574074074074077 0.030729166666666665 0.07962962962962963
1 0.8697916666666666 0.31666666666666665 0.027083333333333334 0.07777777777777778
1 0.9075520833333334 0.3092592592592593 0.04114583333333333 0.1
