0 0.065625 0.576388888888889 0.042708333333333334 0.032407407407407406
1 0.22786458333333334 0.5217592592592593 0.0953125 0.1824074074074074
1 0.3598958333333333 0.45787037037037037 0.04479166666666667 0.13055555555555556
1 0.42994791666666665 0.47870370370370374 0.05260416666666667 0.07592592592592592
1 0.55234375 0.4439814814814815 0.0640625 0.17500000000000002
1 0.72890625 0.33240740740740743 0.0484375 0.0925925925925926
1 0.7591145833333334 0.32962962962962966 0.0234375 0.06481481481481481
1 0.8453125 0.32222222222222224 0.029166666666666667 0.06851851851851852
1 0.8708333333333333 0.32407407407407407 0.013541666666666667 0.07222222222222223
1 0.90078125 0.3148148148148148 0.0234375 0.08148148148148149
1 0.9872395833333333 0.2837962962962963 0.021354166666666667 0.062037037037037036
