0 0.525 0.46342592592592596 0.03333333333333333 0.019444444444444445
1 0.30078125 0.5226851851851853 0.06614583333333333 0.14166666666666666
1 0.42994791666666665 0.44537037037037036 0.0328125 0.10185185185185186
1 0.4591145833333333 0.4375 0.021354166666666667 0.08611111111111111
1 0.68046875 0.41620370370370374 0.021354166666666667 0.10648148148148148
1 0.7151041666666667 0.3648148148148148 0.029166666666666667 0.07962962962962963
1 0.7588541666666666 0.35324074074074074 0.03854166666666667 0.06944444444444445
1 0.8203125 0.3476851851851852 0.029166666666666667 0.06759259259259259
1 0.8861979166666667 0.33981481481481485 0.021354166666666667 0.06666666666666667
1 0.9317708333333333 0.3226851851851852 0.027083333333333334 0.05277777777777778
1 0.9697916666666666 0.33935185185185185 0.04479166666666667 0.07685185185185185
