0 0.23177083333333334 0.5773148148148148 0.017708333333333333 0.017592592592592594
1 0.21822916666666667 0.5462962962962963 0.025 0.09444444444444444
1 0.2484375 0.5462962962962963 0.015625 0.11296296296296297
1 0.2833333333333333 0.5541666666666667 0.03854166666666667 0.16203703703703703
1 0.36692708333333335 0.5398148148148149 0.034895833333333334 0.1277777777777778
1 0.4153645833333333 0.5638888888888889 0.04635416666666667 0.1685185185185185
1 0.5239583333333333 0.5611111111111111 0.046875 0.15555555555555556
1 0.5911458333333334 0.5560185185185186 0.040625 0.15462962962962964
1 0.6161458333333333 0.5467592592592593 0.06770833333333333 0.1638888888888889
1 0.7385416666666667 0.5875 0.07916666666666666 0.23425925925925928
1 0.90078125 0.5435185185185185 0.0546875 0.1388888888888889
1 0.9674479166666666 0.5842592592592593 0.0640625 0.23148148148148148
