1 0.2950520833333333 0.5268518518518519 0.09322916666666667 0.15185185185185185
1 0.3734375 0.45555555555555555 0.04479166666666667 0.11296296296296297
1 0.4328125 0.4777777777777778 0.03854166666666667 0.06851851851851852
1 0.5776041666666667 0.4388888888888889 0.05625 0.17777777777777778
1 0.71328125 0.34675925925925927 0.0328125 0.06018518518518519
1 0.7513020833333334 0.33611111111111114 0.0234375 0.08148148148148149
1 0.8395833333333333 0.3236111111111111 0.029166666666666667 0.06759259259259259
1 0.8677083333333333 0.3277777777777778 0.027083333333333334 0.07962962962962963
1 0.9028645833333333 0.3189814814814815 0.034895833333333334 0.07314814814814816
1 0.9763020833333333 0.2939814814814815 0.034895833333333334 0.05092592592592593
0 0.02421875 0.5458333333333334 0.03697916666666667 0.026851851851851852
