1 0.4125 0.563425925925926 0.04479166666666667 0.16574074074074074
1 0.48020833333333335 0.5388888888888889 0.040625 0.14814814814814814
1 0.56953125 0.5912037037037037 0.0640625 0.2212962962962963
1 0.6005208333333333 0.5578703703703703 0.029166666666666667 0.09722222222222222
1 0.8919270833333334 0.5472222222222223 0.044270833333333336 0.13518518518518519
1 0.30963541666666666 0.5462962962962963 0.03697916666666667 0.11296296296296297
1 0.2630208333333333 0.549074074074074 0.029166666666666667 0.11666666666666667
1 0.23177083333333334 0.5430555555555556 0.04479166666666667 0.13796296296296298
1 0.20755208333333333 0.5847222222222223 0.0390625 0.05462962962962963
0 0.16953125 0.5740740740740741 0.021354166666666667 0.020370370370370372
