0 0.21901041666666665 0.5796296296296296 0.019270833333333334 0.011111111111111112
1 0.22109375 0.5587962962962963 0.019270833333333334 0.0638888888888889
1 0.24036458333333333 0.5546296296296297 0.034895833333333334 0.11481481481481481
1 0.2713541666666667 0.5569444444444445 0.042708333333333334 0.14722222222222223
1 0.353125 0.5416666666666667 0.035416666666666666 0.1277777777777778
1 0.4114583333333333 0.5648148148148149 0.042708333333333334 0.15925925925925927
1 0.5578125 0.5486111111111112 0.05625 0.1638888888888889
1 0.6802083333333333 0.5842592592592593 0.09895833333333333 0.2111111111111111
1 0.9249999999999999 0.5458333333333334 0.052083333333333336 0.16574074074074074
1 0.98125 0.5898148148148148 0.036458333333333336 0.2351851851851852
