1 0.5481770833333334 0.5810185185185185 0.059895833333333336 0.1527777777777778
1 0.7153645833333333 0.5152777777777778 0.05260416666666667 0.1398148148148148
1 0.784375 0.5115740740740741 0.027083333333333334 0.1398148148148148
1 0.8114583333333333 0.5180555555555556 0.03125 0.08425925925925926
1 0.8744791666666667 0.5208333333333334 0.05625 0.11944444444444445
1 0.9591145833333333 0.5162037037037037 0.050520833333333334 0.11388888888888889
1 0.36953125 0.5208333333333334 0.03697916666666667 0.07685185185185185
1 0.15989583333333332 0.5305555555555556 0.029166666666666667 0.10370370370370371
1 0.2755208333333333 0.5152777777777778 0.03125 0.0638888888888889
1 0.3104166666666667 0.5125000000000001 0.03125 0.08425925925925926
