0 0.18333333333333332 0.5439814814814815 0.017708333333333333 0.015740740740740743
1 0.16302083333333334 0.5282407407407408 0.06979166666666667 0.19722222222222224
1 0.23385416666666667 0.5087962962962963 0.05625 0.1527777777777778
1 0.4513020833333333 0.5523148148148148 0.07552083333333333 0.325
1 0.6200520833333333 0.512962962962963 0.06822916666666666 0.1962962962962963
1 0.7317708333333334 0.4902777777777778 0.05416666666666667 0.1527777777777778
1 0.8299479166666667 0.5333333333333333 0.0640625 0.2518518518518519
1 0.8736979166666666 0.49768518518518523 0.050520833333333334 0.1787037037037037
1 0.9104166666666667 0.4814814814814815 0.035416666666666666 0.12592592592592594
1 0.9502604166666666 0.47731481481481486 0.044270833333333336 0.14537037037037037
