0 0.36171875 0.5361111111111111 0.0328125 0.016666666666666666
1 0.18723958333333332 0.513425925925926 0.05260416666666667 0.1675925925925926
1 0.2591145833333333 0.5486111111111112 0.0796875 0.2601851851851852
1 0.3190104166666667 0.5060185185185185 0.03697916666666667 0.1287037037037037
1 0.37083333333333335 0.5226851851851853 0.042708333333333334 0.14166666666666666
1 0.6072916666666667 0.5064814814814815 0.058333333333333334 0.15925925925925927
1 0.6502604166666667 0.5263888888888889 0.057812499999999996 0.23425925925925928
1 0.7221354166666667 0.4861111111111111 0.0390625 0.1277777777777778
1 0.8723958333333334 0.4967592592592593 0.05625 0.1564814814814815
1 0.9716145833333333 0.4759259259259259 0.04114583333333333 0.15185185185185185
