0 0.5833333333333334 0.525 0.029166666666666667 0.014814814814814815
1 0.78515625 0.5148148148148148 0.05260416666666667 0.1388888888888889
1 0.7609375 0.4912037037037037 0.03854166666666667 0.09166666666666667
1 0.6734375 0.5050925925925926 0.03854166666666667 0.08425925925925926
1 0.6192708333333333 0.4842592592592593 0.046875 0.10925925925925926
1 0.9356770833333333 0.5050925925925926 0.050520833333333334 0.13611111111111113
1 0.5200520833333333 0.49259259259259264 0.030729166666666665 0.10370370370370371
1 0.49505208333333334 0.4962962962962963 0.0234375 0.06481481481481481
1 0.4395833333333333 0.4967592592592593 0.04479166666666667 0.08240740740740742
1 0.3880208333333333 0.49953703703703706 0.03854166666666667 0.09537037037037037
1 0.20078125 0.5092592592592593 0.021354166666666667 0.0925925925925926
1 0.045572916666666664 0.5064814814814815 0.03697916666666667 0.09074074074074075
