1 0.19609375 0.549074074074074 0.050520833333333334 0.27592592592592596
1 0.396875 0.5064814814814815 0.04479166666666667 0.15
1 0.4979166666666667 0.5287037037037037 0.0875 0.2388888888888889
1 0.5708333333333333 0.4939814814814815 0.042708333333333334 0.11574074074074074
1 0.64140625 0.5148148148148148 0.0484375 0.17037037037037037
1 0.7044270833333334 0.4912037037037037 0.034895833333333334 0.11203703703703705
1 0.8734375 0.49583333333333335 0.05416666666666667 0.16203703703703703
1 0.9075520833333334 0.4962962962962963 0.0484375 0.1388888888888889
1 0.9609375 0.47962962962962963 0.03125 0.1388888888888889
0 0.6890625 0.5240740740740741 0.019791666666666666 0.018518518518518517
