0 0.12604166666666666 0.5435185185185185 0.027083333333333334 0.024074074074074074
1 0.0890625 0.513888888888889 0.058333333333333334 0.2
1 0.184375 0.5055555555555555 0.042708333333333334 0.16296296296296298
1 0.3403645833333333 0.5587962962962963 0.0796875 0.28611111111111115
1 0.54453125 0.5087962962962963 0.0484375 0.18796296296296297
1 0.6346354166666667 0.49722222222222223 0.0546875 0.1574074074074074
1 0.5833333333333334 0.49212962962962964 0.040625 0.11944444444444445
1 0.72109375 0.538425925925926 0.05260416666666667 0.23611111111111113
1 0.7908854166666667 0.4949074074074074 0.03697916666666667 0.1675925925925926
1 0.8190104166666666 0.48564814814814816 0.0234375 0.13796296296296298
1 0.9182291666666667 0.4981481481481482 0.046875 0.18703703703703706
1 0.96875 0.48333333333333334 0.027083333333333334 0.14814814814814814
