1 0.31927083333333334 0.5541666666666667 0.06770833333333333 0.25462962962962965
1 0.12890625 0.5203703703703704 0.03697916666666667 0.16481481481481483
1 0.2171875 0.49953703703703706 0.03125 0.12685185185185185
1 0.5940104166666667 0.5060185185185185 0.0390625 0.17500000000000002
1 0.64453125 0.4949074074074074 0.04635416666666667 0.13796296296296298
1 0.7114583333333333 0.5300925925925926 0.06770833333333333 0.24351851851851852
1 0.7802083333333333 0.4828703703703704 0.042708333333333334 0.1287037037037037
1 0.8317708333333333 0.500462962962963 0.052083333333333336 0.1527777777777778
1 0.9046875 0.4916666666666667 0.046875 0.1814814814814815
1 0.9744791666666667 0.4777777777777778 0.042708333333333334 0.15
