1 0.14166666666666666 0.5282407407407408 0.06979166666666667 0.18055555555555555
1 0.21822916666666667 0.5050925925925926 0.06041666666666667 0.14907407407407408
1 0.4015625 0.5555555555555556 0.05416666666666667 0.3
1 0.59375 0.5069444444444444 0.042708333333333334 0.1824074074074074
1 0.68828125 0.49444444444444446 0.03697916666666667 0.14814814814814814
1 0.7783854166666666 0.5305555555555556 0.06614583333333333 0.2518518518518519
1 0.8453125 0.49768518518518523 0.040625 0.14351851851851852
1 0.8890625 0.48935185185185187 0.046875 0.1398148148148148
1 0.978125 0.4949074074074074 0.042708333333333334 0.1824074074074074
0 0.15703125 0.5504629629629629 0.034895833333333334 0.025
