1 0.2015625 0.5388888888888889 0.08541666666666667 0.2574074074074074
1 0.37447916666666664 0.500925925925926 0.03125 0.13703703703703704
1 0.3997395833333333 0.5115740740740741 0.0390625 0.15092592592592594
1 0.46875 0.4847222222222222 0.040625 0.1212962962962963
1 0.5520833333333334 0.538425925925926 0.07604166666666666 0.2212962962962963
1 0.62109375 0.4949074074074074 0.0390625 0.1712962962962963
1 0.6471354166666666 0.49722222222222223 0.03697916666666667 0.15185185185185185
1 0.8734375 0.49768518518518523 0.05416666666666667 0.1638888888888889
1 0.89296875 0.4930555555555556 0.04635416666666667 0.15462962962962964
1 0.9484374999999999 0.4851851851851852 0.04479166666666667 0.14814814814814814
