1 0.30859375 0.549537037037037 0.06614583333333333 0.2564814814814815
1 0.15598958333333332 0.5236111111111111 0.0484375 0.1564814814814815
1 0.24713541666666666 0.5078703703703704 0.03697916666666667 0.125
1 0.6046875 0.5069444444444444 0.040625 0.1712962962962963
1 0.6434895833333333 0.49074074074074076 0.03697916666666667 0.14074074074074075
1 0.6901041666666666 0.5291666666666667 0.06041666666666667 0.24351851851851852
1 0.76171875 0.49259259259259264 0.0328125 0.13148148148148148
1 0.8434895833333333 0.5013888888888889 0.04114583333333333 0.15462962962962964
1 0.9036458333333334 0.5 0.04895833333333333 0.1685185185185185
1 0.9765625 0.4861111111111111 0.042708333333333334 0.13518518518518519
