1 0.045572916666666664 0.6023148148148149 0.09114583333333333 0.3564814814814815
1 0.1765625 0.5120370370370371 0.058333333333333334 0.1277777777777778
1 0.33958333333333335 0.5305555555555556 0.065625 0.07777777777777778
1 0.4270833333333333 0.500462962962963 0.03125 0.10648148148148148
1 0.46770833333333334 0.5157407407407407 0.06979166666666667 0.17962962962962964
1 0.5513020833333333 0.48842592592592593 0.0390625 0.11203703703703705
1 0.6309895833333333 0.5296296296296297 0.06197916666666667 0.08333333333333334
1 0.81328125 0.5046296296296297 0.0734375 0.20185185185185187
1 0.9619791666666666 0.500462962962963 0.06041666666666667 0.125
0 0.16380208333333332 0.5518518518518519 0.028645833333333332 0.016666666666666666
