1 0.08828125 0.5643518518518519 0.0484375 0.1287037037037037
1 0.13958333333333334 0.5509259259259259 0.03125 0.12592592592592594
1 0.209375 0.5592592592592592 0.05416666666666667 0.12962962962962962
1 0.32421875 0.5523148148148148 0.034895833333333334 0.125
1 0.5901041666666667 0.5652777777777778 0.05416666666666667 0.16944444444444445
1 0.5481770833333334 0.5375 0.0328125 0.09351851851851853
1 0.6057291666666667 0.5305555555555556 0.027083333333333334 0.12222222222222223
1 0.6463541666666667 0.5523148148148148 0.042708333333333334 0.1175925925925926
1 0.9432291666666667 0.5370370370370371 0.042708333333333334 0.1685185185185185
1 0.9869791666666666 0.5425925925925926 0.025 0.1925925925925926
