1 0.06770833333333333 0.5592592592592592 0.05 0.14074074074074075
1 0.13072916666666667 0.5611111111111111 0.06770833333333333 0.12222222222222223
1 0.2203125 0.5615740740740741 0.040625 0.14722222222222223
1 0.26484375 0.549074074074074 0.05260416666666667 0.13148148148148148
1 0.5666666666666667 0.562962962962963 0.08958333333333333 0.16481481481481483
1 0.4986979166666667 0.5398148148148149 0.0546875 0.11481481481481481
1 0.6260416666666666 0.5486111111111112 0.071875 0.13240740740740742
1 0.9075520833333334 0.5412037037037037 0.08385416666666666 0.1527777777777778
1 0.9289062499999999 0.5324074074074074 0.044270833333333336 0.11481481481481481
1 0.9677083333333333 0.5356481481481482 0.05625 0.2064814814814815
