1 0.06197916666666667 0.5703703703703704 0.05416666666666667 0.21481481481481482
1 0.15026041666666667 0.5564814814814815 0.044270833333333336 0.1685185185185185
1 0.20260416666666667 0.5435185185185185 0.040625 0.1425925925925926
1 0.29401041666666666 0.549074074074074 0.025520833333333333 0.11851851851851852
1 0.32786458333333335 0.5416666666666667 0.0390625 0.1277777777777778
1 0.3606770833333333 0.5555555555555556 0.050520833333333334 0.13333333333333333
1 0.48020833333333335 0.5546296296296297 0.08333333333333333 0.15
1 0.7161458333333334 0.5416666666666667 0.06979166666666667 0.1537037037037037
1 0.8083333333333333 0.5444444444444445 0.08333333333333333 0.1388888888888889
1 0.74921875 0.5337962962962963 0.0546875 0.09722222222222222
1 0.9403645833333333 0.5268518518518519 0.05260416666666667 0.1425925925925926
