1 0.018229166666666668 0.575925925925926 0.029166666666666667 0.1388888888888889
1 0.10859375 0.5555555555555556 0.06614583333333333 0.1277777777777778
1 0.08411458333333333 0.5666666666666667 0.0328125 0.1388888888888889
1 0.2171875 0.5430555555555556 0.05416666666666667 0.13796296296296298
1 0.29296875 0.5449074074074074 0.0703125 0.17500000000000002
1 0.56484375 0.5314814814814816 0.030729166666666665 0.15555555555555556
1 0.6171875 0.549074074074074 0.06979166666666667 0.17407407407407408
1 0.7096354166666666 0.5324074074074074 0.0484375 0.1388888888888889
1 0.7997395833333333 0.5319444444444444 0.07760416666666667 0.15092592592592594
1 0.9046875 0.5291666666666667 0.08958333333333333 0.19722222222222224
