0 0.6346354166666667 0.6125 0.034895833333333334 0.030555555555555558
1 0.11901041666666666 0.5782407407407407 0.03697916666666667 0.14722222222222223
1 0.17057291666666666 0.5777777777777778 0.050520833333333334 0.18333333333333335
1 0.32786458333333335 0.5597222222222222 0.030729166666666665 0.1638888888888889
1 0.38828125 0.562962962962963 0.034895833333333334 0.13148148148148148
1 0.49583333333333335 0.5722222222222223 0.03333333333333333 0.20925925925925926
1 0.4666666666666667 0.5476851851851852 0.03333333333333333 0.15092592592592594
1 0.5716145833333334 0.5527777777777778 0.06822916666666666 0.17037037037037037
1 0.6880208333333333 0.5444444444444445 0.04479166666666667 0.1537037037037037
1 0.7958333333333333 0.5351851851851852 0.05416666666666667 0.12407407407407407
1 0.85390625 0.5824074074074075 0.09322916666666667 0.26296296296296295
1 0.97265625 0.5458333333333334 0.0390625 0.14722222222222223
1 0.8976562499999999 0.5486111111111112 0.03697916666666667 0.1564814814814815
