1 0.03854166666666667 0.5828703703703704 0.042708333333333334 0.1527777777777778
1 0.109375 0.5722222222222223 0.05625 0.17592592592592593
1 0.24921875 0.5611111111111111 0.044270833333333336 0.1425925925925926
1 0.32109375 0.5708333333333333 0.0328125 0.14722222222222223
1 0.4231770833333333 0.5703703703703704 0.06614583333333333 0.21296296296296297
1 0.5364583333333334 0.5546296296296297 0.0875 0.19074074074074074
1 0.6424479166666667 0.5398148148148149 0.034895833333333334 0.15
1 0.7348958333333333 0.5324074074074074 0.029166666666666667 0.13518518518518519
1 0.7986979166666667 0.5851851851851853 0.05260416666666667 0.24074074074074076
1 0.9424479166666666 0.5523148148148148 0.0328125 0.1638888888888889
1 0.8328125 0.5458333333333334 0.046875 0.18796296296296297
0 0.5901041666666667 0.6212962962962963 0.03125 0.03888888888888889
