0 0.6658854166666667 0.6481481481481481 0.0390625 0.03518518518518519
1 0.19583333333333333 0.600462962962963 0.08541666666666667 0.23425925925925928
1 0.15208333333333332 0.5606481481481481 0.07604166666666666 0.19907407407407407
1 0.10078125 0.5532407407407408 0.034895833333333334 0.11203703703703705
1 0.384375 0.5564814814814815 0.08541666666666667 0.1537037037037037
1 0.5200520833333333 0.5449074074074074 0.050520833333333334 0.1712962962962963
1 0.66953125 0.537962962962963 0.07760416666666667 0.21296296296296297
1 0.8026041666666667 0.5449074074074074 0.06041666666666667 0.16574074074074074
1 0.8619791666666666 0.5675925925925926 0.058333333333333334 0.17592592592592593
1 0.7067708333333333 0.5416666666666667 0.042708333333333334 0.12222222222222223
