1 0.20651041666666667 0.5685185185185185 0.05260416666666667 0.17037037037037037
1 0.40546875 0.5625 0.0390625 0.15462962962962964
1 0.44453125 0.5537037037037037 0.04635416666666667 0.14814814814814814
1 0.5354166666666667 0.5430555555555556 0.042708333333333334 0.1712962962962963
1 0.5861979166666667 0.5689814814814815 0.0734375 0.19722222222222224
1 0.6705729166666666 0.549537037037037 0.0484375 0.13796296296296298
1 0.8122395833333333 0.5416666666666667 0.05260416666666667 0.15
1 0.8591145833333333 0.5277777777777778 0.0484375 0.13148148148148148
1 0.9114583333333334 0.5750000000000001 0.071875 0.2574074074074074
1 0.9705729166666667 0.5342592592592593 0.04635416666666667 0.17037037037037037
0 0.60546875 0.6199074074074075 0.034895833333333334 0.032407407407407406
