0 0.8268229166666666 0.6481481481481481 0.050520833333333334 0.02777777777777778
1 0.9802083333333333 0.6050925925925926 0.03854166666666667 0.1953703703703704
1 0.9453125 0.5550925925925926 0.05416666666666667 0.13240740740740742
1 0.8841145833333334 0.5606481481481481 0.0484375 0.16574074074074074
1 0.8520833333333333 0.5726851851851852 0.058333333333333334 0.2101851851851852
1 0.45234375 0.6412037037037037 0.1046875 0.275
1 0.5385416666666667 0.5814814814814815 0.05625 0.18703703703703706
1 0.6309895833333333 0.5532407407407408 0.050520833333333334 0.10648148148148148
1 0.3541666666666667 0.5643518518518519 0.071875 0.1527777777777778
1 0.28515625 0.5814814814814815 0.07760416666666667 0.16111111111111112
1 0.03359375 0.6356481481481482 0.0640625 0.27685185185185185
