1 0.42213541666666665 0.5504629629629629 0.044270833333333336 0.09907407407407408
1 0.4861979166666667 0.524537037037037 0.0328125 0.13240740740740742
1 0.584375 0.5972222222222222 0.058333333333333334 0.31851851851851853
1 0.6744791666666666 0.5296296296296297 0.05625 0.13148148148148148
1 0.25026041666666665 0.5370370370370371 0.0546875 0.15
1 0.18125 0.562962962962963 0.052083333333333336 0.18703703703703706
1 0.10963541666666667 0.5888888888888889 0.0640625 0.25
1 0.07161458333333333 0.5583333333333333 0.04635416666666667 0.1388888888888889
1 0.04348958333333333 0.5532407407407408 0.0484375 0.1287037037037037
0 0.5182291666666666 0.563425925925926 0.027083333333333334 0.019444444444444445
