0 0.29375 0.5856481481481481 0.029166666666666667 0.019444444444444445
1 0.05807291666666667 0.5851851851851853 0.0546875 0.20370370370370372
1 0.1890625 0.5689814814814815 0.052083333333333336 0.07685185185185185
1 0.5036458333333333 0.5546296296296297 0.052083333333333336 0.1574074074074074
1 0.54453125 0.5685185185185185 0.0484375 0.19814814814814816
1 0.596875 0.5722222222222223 0.05625 0.27037037037037037
1 0.8552083333333333 0.5407407407407407 0.08333333333333333 0.1574074074074074
1 0.7580729166666667 0.5361111111111111 0.0328125 0.12407407407407407
1 0.8065104166666667 0.5407407407407407 0.0328125 0.10555555555555556
1 0.6927083333333334 0.5314814814814816 0.042708333333333334 0.11851851851851852
