0 0.39088541666666665 0.4898148148148148 0.0484375 0.02962962962962963
1 0.10755208333333333 0.5935185185185186 0.044270833333333336 0.21666666666666667
1 0.16484375 0.5518518518518519 0.04635416666666667 0.16296296296296298
1 0.2513020833333333 0.5847222222222223 0.06822916666666666 0.21944444444444444
1 0.19479166666666667 0.5587962962962963 0.04479166666666667 0.10833333333333334
1 0.5541666666666667 0.5768518518518518 0.06041666666666667 0.21851851851851853
1 0.6065104166666666 0.5657407407407408 0.0796875 0.2351851851851852
1 0.64453125 0.5416666666666667 0.034895833333333334 0.11851851851851852
1 0.7609375 0.6013888888888889 0.07395833333333333 0.23240740740740742
1 0.9367187499999999 0.5277777777777778 0.059895833333333336 0.15
