1 0.74453125 0.5717592592592593 0.0640625 0.1675925925925926
1 0.7872395833333333 0.5518518518518519 0.05260416666666667 0.18703703703703706
1 0.8684895833333334 0.5782407407407407 0.0640625 0.18796296296296297
1 0.5783854166666667 0.6490740740740741 0.10052083333333334 0.24074074074074076
1 0.6716145833333333 0.549074074074074 0.034895833333333334 0.10370370370370371
1 0.4901041666666667 0.5800925925925926 0.052083333333333336 0.19166666666666668
1 0.5432291666666667 0.587962962962963 0.042708333333333334 0.18888888888888888
1 0.3143229166666667 0.5962962962962963 0.07760416666666667 0.27037037037037037
1 0.396875 0.5555555555555556 0.052083333333333336 0.13518518518518519
1 0.26484375 0.5731481481481482 0.06822916666666666 0.13518518518518519
1 0.065625 0.6486111111111111 0.10104166666666667 0.28425925925925927
0 0.75703125 0.6342592592592593 0.0390625 0.02962962962962963
