0 0.3677083333333333 0.6587962962962963 0.06458333333333333 0.03425925925925926
1 0.22291666666666665 0.5703703703703704 0.05416666666666667 0.19444444444444445
1 0.40078125 0.5583333333333333 0.0484375 0.15
1 0.45807291666666666 0.6013888888888889 0.0734375 0.25092592592592594
1 0.53359375 0.6143518518518519 0.06197916666666667 0.2638888888888889
1 0.6260416666666666 0.7046296296296296 0.11875 0.4814814814814815
1 0.6958333333333333 0.625462962962963 0.11041666666666666 0.32685185185185184
1 0.77265625 0.538425925925926 0.0390625 0.14907407407407408
1 0.82890625 0.5574074074074075 0.034895833333333334 0.20370370370370372
1 0.8747395833333333 0.5462962962962963 0.0640625 0.1962962962962963
