1 0.10755208333333333 0.5726851851851852 0.04114583333333333 0.15833333333333333
1 0.16979166666666667 0.5615740740740741 0.029166666666666667 0.10277777777777779
1 0.196875 0.5652777777777778 0.025 0.12314814814814816
1 0.21145833333333333 0.6037037037037037 0.07395833333333333 0.22037037037037038
1 0.2559895833333333 0.5532407407407408 0.06197916666666667 0.17314814814814816
1 0.30182291666666666 0.5657407407407408 0.0328125 0.15925925925925927
1 0.4015625 0.5527777777777778 0.046875 0.1277777777777778
1 0.509375 0.5560185185185186 0.040625 0.125
1 0.5481770833333334 0.5481481481481482 0.03697916666666667 0.08518518518518518
1 0.5802083333333333 0.5472222222222223 0.042708333333333334 0.11296296296296297
1 0.6161458333333333 0.5365740740740741 0.05625 0.10833333333333334
1 0.66484375 0.55 0.06822916666666666 0.12962962962962962
1 0.7221354166666667 0.5657407407407408 0.08177083333333333 0.20185185185185187
1 0.8901041666666667 0.5370370370370371 0.07604166666666666 0.10555555555555556
