1 0.7510416666666666 0.5921296296296297 0.08541666666666667 0.24722222222222223
1 0.6997395833333333 0.5638888888888889 0.05260416666666667 0.12592592592592594
1 0.6609375 0.5768518518518518 0.06041666666666667 0.13333333333333333
1 0.6075520833333333 0.5601851851851852 0.08177083333333333 0.19814814814814816
1 0.48046875 0.5680555555555555 0.07552083333333333 0.17685185185185187
1 0.27057291666666666 0.5787037037037037 0.059895833333333336 0.18888888888888888
1 0.33671875 0.5574074074074075 0.0484375 0.1277777777777778
1 0.18125 0.6023148148148149 0.09895833333333333 0.24351851851851852
1 0.08229166666666667 0.6351851851851852 0.09166666666666666 0.37222222222222223
0 0.8111979166666666 0.600925925925926 0.034895833333333334 0.02777777777777778
