1 0.7424479166666667 0.5907407407407408 0.08697916666666666 0.23703703703703705
1 0.6734375 0.5694444444444444 0.046875 0.12962962962962962
1 0.5791666666666666 0.5592592592592592 0.05625 0.1388888888888889
1 0.5473958333333333 0.5523148148148148 0.042708333333333334 0.08611111111111111
1 0.5161458333333333 0.5578703703703703 0.03125 0.1638888888888889
1 0.3919270833333333 0.5564814814814815 0.06197916666666667 0.2
1 0.2638020833333333 0.5509259259259259 0.030729166666666665 0.12037037037037038
1 0.1484375 0.5949074074074074 0.0875 0.25277777777777777
1 0.06666666666666667 0.6393518518518518 0.07604166666666666 0.35462962962962963
0 0.7716145833333333 0.5888888888888889 0.021354166666666667 0.024074074074074074
