1 0.23072916666666665 0.6032407407407407 0.10104166666666667 0.26203703703703707
1 0.4309895833333333 0.563425925925926 0.07760416666666667 0.16203703703703703
1 0.54140625 0.5541666666666667 0.04635416666666667 0.11944444444444445
1 0.6182291666666666 0.5537037037037037 0.029166666666666667 0.12592592592592594
1 0.6481770833333333 0.5351851851851852 0.0390625 0.15185185185185185
1 0.6869791666666667 0.5569444444444445 0.058333333333333334 0.15833333333333333
1 0.7239583333333334 0.5842592592592593 0.06979166666666667 0.22037037037037038
1 0.96171875 0.5861111111111111 0.0640625 0.25925925925925924
1 0.08697916666666666 0.5884259259259259 0.058333333333333334 0.20092592592592592
1 0.028906249999999998 0.5726851851851852 0.034895833333333334 0.20092592592592592
