0 0.055989583333333336 0.6064814814814815 0.034895833333333334 0.03333333333333333
1 0.11223958333333334 0.5935185185185186 0.08177083333333333 0.20555555555555557
1 0.20729166666666665 0.5518518518518519 0.042708333333333334 0.1685185185185185
1 0.35625 0.5833333333333334 0.071875 0.2111111111111111
1 0.5453125 0.5861111111111111 0.058333333333333334 0.1962962962962963
1 0.6151041666666667 0.5699074074074074 0.058333333333333334 0.25277777777777777
1 0.6765625 0.5467592592592593 0.040625 0.19907407407407407
1 0.7171875 0.5337962962962963 0.025 0.12314814814814816
1 0.78828125 0.6185185185185186 0.09322916666666667 0.2537037037037037
1 0.9684895833333333 0.5314814814814816 0.050520833333333334 0.16481481481481483
