0 0.7958333333333333 0.587962962962963 0.022916666666666665 0.024074074074074074
1 0.7424479166666667 0.5861111111111111 0.0640625 0.23333333333333334
1 0.68515625 0.5583333333333333 0.04635416666666667 0.1388888888888889
1 0.6286458333333333 0.5750000000000001 0.042708333333333334 0.13148148148148148
1 0.584375 0.562962962962963 0.03125 0.12407407407407407
1 0.5559895833333334 0.5671296296296297 0.0328125 0.16203703703703703
1 0.4278645833333333 0.5643518518518519 0.07552083333333333 0.1787037037037037
1 0.30364583333333334 0.5620370370370371 0.040625 0.14074074074074075
1 0.21223958333333334 0.5782407407407407 0.03697916666666667 0.17500000000000002
1 0.14635416666666667 0.6060185185185185 0.09895833333333333 0.23981481481481481
1 0.06197916666666667 0.650462962962963 0.08541666666666667 0.3731481481481482
