1 0.03671875 0.6430555555555556 0.06197916666666667 0.3453703703703704
1 0.12005208333333334 0.5592592592592592 0.06197916666666667 0.17222222222222222
1 0.065625 0.5828703703703704 0.042708333333333334 0.17314814814814816
1 0.18619791666666666 0.5953703703703704 0.0890625 0.2388888888888889
1 0.28515625 0.5620370370370371 0.057812499999999996 0.16481481481481483
1 0.34140625 0.5620370370370371 0.050520833333333334 0.15925925925925927
1 0.43776041666666665 0.5564814814814815 0.03697916666666667 0.1574074074074074
1 0.540625 0.5458333333333334 0.040625 0.14351851851851852
1 0.57265625 0.5546296296296297 0.0390625 0.11851851851851852
1 0.6046875 0.525 0.06770833333333333 0.13333333333333333
1 0.6578125 0.5453703703703704 0.042708333333333334 0.1388888888888889
1 0.72890625 0.5726851851851852 0.059895833333333336 0.2064814814814815
1 0.9734375 0.5342592592592593 0.052083333333333336 0.10370370370370371
