1 0.76953125 0.5861111111111111 0.06822916666666666 0.22592592592592595
1 0.7309895833333333 0.5555555555555556 0.0484375 0.13333333333333333
1 0.6755208333333333 0.5550925925925926 0.03854166666666667 0.12685185185185185
1 0.6328125 0.5662037037037038 0.05416666666666667 0.1212962962962963
1 0.3919270833333333 0.5657407407407408 0.06614583333333333 0.15925925925925927
1 0.32786458333333335 0.6074074074074074 0.0703125 0.2888888888888889
1 0.24348958333333334 0.5648148148148149 0.059895833333333336 0.19074074074074074
1 0.025 0.5930555555555556 0.03854166666666667 0.23055555555555557
1 0.9606770833333333 0.6111111111111112 0.07760416666666667 0.2388888888888889
0 0.8424479166666666 0.6194444444444445 0.0390625 0.03333333333333333
