1 0.09973958333333333 0.612037037037037 0.07135416666666666 0.24444444444444446
1 0.19505208333333332 0.6 0.0640625 0.2425925925925926
1 0.24348958333333334 0.5916666666666667 0.0328125 0.2537037037037037
1 0.28411458333333334 0.5944444444444444 0.05260416666666667 0.27222222222222225
1 0.3455729166666667 0.6060185185185185 0.050520833333333334 0.24722222222222223
1 0.39609375 0.5833333333333334 0.050520833333333334 0.2925925925925926
1 0.4510416666666667 0.5828703703703704 0.05625 0.275
1 0.5153645833333333 0.5916666666666667 0.0484375 0.26851851851851855
1 0.56484375 0.5875 0.0390625 0.26203703703703707
1 0.6122395833333333 0.5925925925925926 0.03697916666666667 0.2574074074074074
1 0.65703125 0.5884259259259259 0.025520833333333333 0.24351851851851852
1 0.7075520833333333 0.5949074074074074 0.04114583333333333 0.23981481481481481
1 0.6755208333333333 0.5962962962962963 0.027083333333333334 0.24814814814814815
1 0.7744791666666666 0.5912037037037037 0.0625 0.25277777777777777
1 0.83359375 0.587962962962963 0.0640625 0.2925925925925926
