1 0.09479166666666666 0.6125 0.06979166666666667 0.24351851851851852
1 0.15911458333333334 0.6111111111111112 0.06197916666666667 0.24629629629629632
1 0.21432291666666667 0.6060185185185185 0.06822916666666666 0.27685185185185185
1 0.28411458333333334 0.5972222222222222 0.059895833333333336 0.27037037037037037
1 0.34453125 0.5912037037037037 0.05260416666666667 0.25833333333333336
1 0.396875 0.5939814814814816 0.06770833333333333 0.2601851851851852
1 0.45598958333333334 0.5805555555555556 0.04635416666666667 0.2777777777777778
1 0.5075520833333333 0.5777777777777778 0.059895833333333336 0.26296296296296295
1 0.5619791666666667 0.5875 0.040625 0.2638888888888889
1 0.6151041666666667 0.5898148148148148 0.058333333333333334 0.2518518518518519
1 0.65703125 0.5949074074074074 0.05260416666666667 0.26203703703703707
1 0.7203125 0.5944444444444444 0.058333333333333334 0.2425925925925926
1 0.7763020833333333 0.6199074074074075 0.06197916666666667 0.18611111111111112
1 0.8317708333333333 0.5995370370370371 0.06041666666666667 0.26944444444444443
1 0.9114583333333334 0.5949074074074074 0.11875 0.24537037037037038
