1 0.0890625 0.611574074074074 0.05 0.23425925925925928
1 0.14453125 0.6050925925925926 0.0484375 0.24166666666666667
1 0.19010416666666666 0.6129629629629629 0.046875 0.25925925925925924
1 0.22786458333333334 0.5925925925925926 0.04114583333333333 0.2611111111111111
1 0.2716145833333333 0.5833333333333334 0.06614583333333333 0.2518518518518519
1 0.34921875 0.5953703703703704 0.057812499999999996 0.2611111111111111
1 0.4015625 0.5930555555555556 0.046875 0.2638888888888889
1 0.4609375 0.5861111111111111 0.04479166666666667 0.2796296296296296
1 0.5083333333333333 0.5810185185185185 0.042708333333333334 0.2638888888888889
1 0.5598958333333334 0.5888888888888889 0.052083333333333336 0.27037037037037037
1 0.6182291666666666 0.5902777777777778 0.05625 0.25092592592592594
1 0.65703125 0.5967592592592593 0.0640625 0.2490740740740741
1 0.725 0.5944444444444444 0.0875 0.2425925925925926
1 0.7802083333333333 0.6134259259259259 0.058333333333333334 0.1824074074074074
1 0.8260416666666667 0.5828703703703704 0.07604166666666666 0.28240740740740744
1 0.9317708333333333 0.5800925925925926 0.078125 0.24351851851851852
