1 0.0859375 0.6148148148148148 0.071875 0.25
1 0.12395833333333334 0.6134259259259259 0.058333333333333334 0.26203703703703707
1 0.18333333333333332 0.6018518518518519 0.06041666666666667 0.25925925925925924
1 0.23567708333333334 0.5995370370370371 0.0640625 0.28611111111111115
1 0.29296875 0.5990740740740741 0.050520833333333334 0.27592592592592596
1 0.3484375 0.5962962962962963 0.071875 0.2796296296296296
1 0.3958333333333333 0.5990740740740741 0.0625 0.25925925925925924
1 0.45026041666666666 0.5875 0.0390625 0.28240740740740744
1 0.5143229166666666 0.5833333333333334 0.0390625 0.27222222222222225
1 0.5645833333333333 0.5925925925925926 0.042708333333333334 0.27222222222222225
1 0.6143229166666666 0.5935185185185186 0.05260416666666667 0.25925925925925924
1 0.6484375 0.5875 0.05416666666666667 0.26203703703703707
1 0.71328125 0.5972222222222222 0.0640625 0.2351851851851852
1 0.7734375 0.587962962962963 0.06770833333333333 0.2388888888888889
1 0.825 0.5833333333333334 0.058333333333333334 0.27592592592592596
1 0.9520833333333333 0.5861111111111111 0.06770833333333333 0.26666666666666666
