1 0.13177083333333334 0.5462962962962963 0.03125 0.13148148148148148
1 0.00859375 0.5689814814814815 0.0171875 0.08055555555555556
1 0.3065104166666667 0.549074074074074 0.050520833333333334 0.17037037037037037
1 0.35885416666666664 0.5708333333333333 0.042708333333333334 0.1824074074074074
1 0.39869791666666665 0.587962962962963 0.05260416666666667 0.25
1 0.5432291666666667 0.5388888888888889 0.042708333333333334 0.11666666666666667
1 0.5783854166666667 0.5351851851851852 0.0390625 0.15555555555555556
1 0.62890625 0.5402777777777777 0.034895833333333334 0.11574074074074074
1 0.465625 0.5425925925925926 0.06979166666666667 0.11851851851851852
0 0.22786458333333334 0.5810185185185185 0.021354166666666667 0.021296296296296296
