1 0.10572916666666667 0.6023148148148149 0.08333333333333333 0.26944444444444443
1 0.1734375 0.6041666666666667 0.071875 0.27314814814814814
1 0.22994791666666667 0.5967592592592593 0.0640625 0.2675925925925926
1 0.2908854166666667 0.600925925925926 0.04635416666666667 0.2796296296296296
1 0.3416666666666667 0.5925925925925926 0.06979166666666667 0.2740740740740741
1 0.3880208333333333 0.5916666666666667 0.0625 0.27037037037037037
1 0.4549479166666667 0.5884259259259259 0.0640625 0.2935185185185185
1 0.50859375 0.5833333333333334 0.04635416666666667 0.26851851851851855
1 0.5588541666666667 0.5875 0.05416666666666667 0.2675925925925926
1 0.6143229166666666 0.5935185185185186 0.04114583333333333 0.2425925925925926
1 0.69375 0.5976851851851852 0.04479166666666667 0.24722222222222223
1 0.6520833333333333 0.5930555555555556 0.046875 0.24537037037037038
1 0.7520833333333333 0.5953703703703704 0.06770833333333333 0.24444444444444446
1 0.8317708333333333 0.5833333333333334 0.0875 0.25925925925925924
1 0.98515625 0.5726851851851852 0.028645833333333332 0.26203703703703707
