1 0.09375 0.6148148148148148 0.071875 0.22962962962962963
1 0.18229166666666666 0.6064814814814815 0.035416666666666666 0.24629629629629632
1 0.23177083333333334 0.5953703703703704 0.04895833333333333 0.26666666666666666
1 0.29010416666666666 0.5902777777777778 0.06041666666666667 0.26203703703703707
1 0.35104166666666664 0.587962962962963 0.042708333333333334 0.2611111111111111
1 0.3958333333333333 0.5990740740740741 0.058333333333333334 0.25925925925925924
1 0.45416666666666666 0.587962962962963 0.046875 0.2777777777777778
1 0.5075520833333333 0.5888888888888889 0.059895833333333336 0.2796296296296296
1 0.5578125 0.5865740740740741 0.040625 0.27685185185185185
1 0.6104166666666666 0.5976851851851852 0.052083333333333336 0.24722222222222223
1 0.6549479166666666 0.5851851851851853 0.03697916666666667 0.2574074074074074
1 0.7075520833333333 0.5935185185185186 0.06822916666666666 0.24814814814814815
1 0.7861979166666666 0.5939814814814816 0.0703125 0.23981481481481481
1 0.825 0.5777777777777778 0.05 0.2833333333333333
1 0.8669270833333333 0.587037037037037 0.0640625 0.2555555555555556
