1 0.03177083333333333 0.5898148148148148 0.04895833333333333 0.21296296296296297
1 0.2716145833333333 0.5921296296296297 0.0546875 0.16574074074074074
1 0.3171875 0.5319444444444444 0.036458333333333336 0.12314814814814816
1 0.3716145833333333 0.5606481481481481 0.05677083333333333 0.1398148148148148
1 0.4734375 0.5587962962962963 0.05416666666666667 0.16574074074074074
1 0.5442708333333334 0.6236111111111111 0.0875 0.2657407407407408
1 0.7638020833333333 0.5837962962962964 0.07552083333333333 0.1953703703703704
1 0.7044270833333334 0.5532407407407408 0.050520833333333334 0.075
1 0.9111979166666666 0.5208333333333334 0.0640625 0.11574074074074074
1 0.84921875 0.5111111111111112 0.0328125 0.08333333333333334
