1 0.09583333333333333 0.6055555555555556 0.06770833333333333 0.25925925925925924
1 0.16588541666666667 0.5953703703703704 0.0796875 0.2740740740740741
1 0.2375 0.5912037037037037 0.06041666666666667 0.25833333333333336
1 0.29765625 0.5949074074074074 0.0640625 0.275
1 0.3375 0.5898148148148148 0.042708333333333334 0.2740740740740741
1 0.3890625 0.5912037037037037 0.06458333333333333 0.27685185185185185
1 0.44921875 0.5865740740740741 0.059895833333333336 0.26203703703703707
1 0.496875 0.5935185185185186 0.0625 0.26481481481481484
1 0.5638020833333334 0.587962962962963 0.044270833333333336 0.2833333333333333
1 0.6111979166666667 0.5907407407407408 0.050520833333333334 0.24629629629629632
1 0.66484375 0.5912037037037037 0.0484375 0.23796296296296296
1 0.7096354166666666 0.5902777777777778 0.0484375 0.23425925925925928
1 0.76484375 0.5865740740740741 0.050520833333333334 0.24722222222222223
1 0.8260416666666667 0.5824074074074075 0.06041666666666667 0.2574074074074074
1 0.96953125 0.5810185185185185 0.059895833333333336 0.24722222222222223
