1 0.17838541666666666 0.700925925925926 0.057812499999999996 0.2962962962962963
1 0.21041666666666667 0.7111111111111111 0.06458333333333333 0.27592592592592596
1 0.27734375 0.6550925925925927 0.0546875 0.20092592592592592
1 0.3911458333333333 0.6666666666666667 0.05625 0.22222222222222224
1 0.43854166666666666 0.6606481481481482 0.07395833333333333 0.23611111111111113
1 0.64921875 0.6287037037037038 0.0484375 0.07592592592592592
1 0.725 0.6324074074074074 0.040625 0.18888888888888888
1 0.821875 0.6902777777777778 0.0875 0.34351851851851856
1 0.5658854166666667 0.5564814814814815 0.0640625 0.08703703703703704
0 0.49296875 0.7393518518518519 0.0390625 0.036111111111111115
