1 0.058854166666666666 0.7708333333333334 0.08333333333333333 0.24166666666666667
1 0.16770833333333332 0.7037037037037037 0.03333333333333333 0.1277777777777778
1 0.22005208333333334 0.7175925925925927 0.0484375 0.1462962962962963
1 0.34453125 0.7773148148148148 0.11822916666666666 0.24166666666666667
1 0.42890625 0.7185185185185186 0.0390625 0.17222222222222222
1 0.5260416666666666 0.725462962962963 0.042708333333333334 0.1527777777777778
1 0.6015625 0.6657407407407407 0.027083333333333334 0.0962962962962963
1 0.6919270833333333 0.7342592592592593 0.044270833333333336 0.08888888888888889
1 0.9278645833333333 0.7606481481481482 0.10052083333333334 0.2212962962962963
0 0.5744791666666667 0.7925925925925926 0.022916666666666665 0.02592592592592593
