0 0.41744791666666664 0.7680555555555556 0.034895833333333334 0.021296296296296296
1 0.9434895833333333 0.7763888888888889 0.07760416666666667 0.2935185185185185
1 0.8765625 0.6925925925925926 0.04479166666666667 0.15
1 0.58515625 0.6949074074074074 0.0484375 0.1564814814814815
1 0.4473958333333333 0.7032407407407407 0.071875 0.1824074074074074
1 0.29010416666666666 0.7337962962962963 0.052083333333333336 0.18611111111111112
1 0.325 0.6925925925925926 0.04479166666666667 0.1388888888888889
1 0.15104166666666666 0.7074074074074075 0.042708333333333334 0.07962962962962963
1 0.23463541666666665 0.7046296296296296 0.050520833333333334 0.0962962962962963
1 0.084375 0.65 0.05625 0.08518518518518518
