0 0.44166666666666665 0.7828703703703704 0.040625 0.026851851851851852
1 0.9502604166666666 0.8421296296296297 0.08385416666666666 0.30833333333333335
1 0.98515625 0.6990740740740741 0.028645833333333332 0.11481481481481481
1 0.753125 0.7282407407407407 0.058333333333333334 0.1953703703703704
1 0.7890625 0.7097222222222223 0.06458333333333333 0.08425925925925926
1 0.5239583333333333 0.7472222222222222 0.06979166666666667 0.2111111111111111
1 0.45026041666666666 0.7189814814814816 0.04635416666666667 0.16944444444444445
1 0.4015625 0.7023148148148148 0.042708333333333334 0.12685185185185185
1 0.37265625 0.7175925925925927 0.0546875 0.16666666666666669
1 0.22604166666666667 0.7268518518518519 0.05625 0.15
1 0.0296875 0.7939814814814815 0.05625 0.25833333333333336
