0 0.409375 0.6185185185185186 0.042708333333333334 0.040740740740740744
1 0.4744791666666667 0.5212962962962964 0.09166666666666666 0.27037037037037037
1 0.9122395833333333 0.4361111111111111 0.04635416666666667 0.13148148148148148
1 0.8203125 0.40972222222222227 0.040625 0.08611111111111111
1 0.27838541666666666 0.4898148148148148 0.05260416666666667 0.19444444444444445
1 0.19296875 0.4666666666666667 0.044270833333333336 0.17777777777777778
1 0.11328125 0.5824074074074075 0.0953125 0.32037037037037036
1 0.05807291666666667 0.4287037037037037 0.0390625 0.1
1 0.6716145833333333 0.4046296296296297 0.0390625 0.08333333333333334
1 0.75234375 0.40324074074074073 0.0640625 0.09722222222222222
