1 0.2453125 0.48333333333333334 0.06770833333333333 0.20925925925925926
1 0.11145833333333333 0.41805555555555557 0.052083333333333336 0.1212962962962963
1 0.053125 0.4027777777777778 0.03333333333333333 0.07037037037037037
1 0.3268229166666667 0.41805555555555557 0.0328125 0.11018518518518519
1 0.3658854166666667 0.42129629629629634 0.0328125 0.10740740740740741
1 0.43463541666666666 0.41481481481481486 0.050520833333333334 0.0962962962962963
1 0.5171875 0.4314814814814815 0.040625 0.13703703703703704
1 0.5638020833333334 0.4305555555555556 0.05260416666666667 0.12962962962962962
1 0.67734375 0.4305555555555556 0.0390625 0.1462962962962963
1 0.8203125 0.46296296296296297 0.071875 0.20185185185185187
