1 0.03359375 0.5027777777777778 0.05260416666666667 0.17962962962962964
1 0.07526041666666666 0.47500000000000003 0.034895833333333334 0.14444444444444446
1 0.11328125 0.46805555555555556 0.03697916666666667 0.125
1 0.14322916666666666 0.4620370370370371 0.042708333333333334 0.13703703703703704
1 0.34322916666666664 0.5152777777777778 0.058333333333333334 0.225
1 0.39765625 0.5236111111111111 0.06197916666666667 0.1638888888888889
1 0.48125 0.5263888888888889 0.08958333333333333 0.22314814814814815
1 0.7015625 0.5726851851851852 0.11458333333333333 0.33611111111111114
1 0.87265625 0.5518518518518519 0.07552083333333333 0.25925925925925924
1 0.7822916666666666 0.5120370370370371 0.065625 0.15925925925925927
