0 0.15807291666666667 0.4935185185185185 0.025520833333333333 0.022222222222222223
1 0.7114583333333333 0.6689814814814815 0.13020833333333334 0.46944444444444444
1 0.6270833333333333 0.41944444444444445 0.06979166666666667 0.15925925925925927
1 0.47552083333333334 0.4398148148148148 0.046875 0.12037037037037038
1 0.3989583333333333 0.425 0.04479166666666667 0.10555555555555556
1 0.2552083333333333 0.4342592592592593 0.04479166666666667 0.1388888888888889
1 0.3375 0.41064814814814815 0.03125 0.10833333333333334
1 0.31145833333333334 0.3990740740740741 0.017708333333333333 0.1
1 0.10572916666666667 0.4527777777777778 0.05625 0.12962962962962962
1 0.01328125 0.3912037037037037 0.0234375 0.06944444444444445
