1 0.17916666666666667 0.5111111111111112 0.05625 0.2425925925925926
1 0.13385416666666666 0.41805555555555557 0.03125 0.13611111111111113
1 0.21510416666666665 0.45555555555555555 0.042708333333333334 0.2
1 0.31145833333333334 0.45046296296296295 0.040625 0.2064814814814815
1 0.42604166666666665 0.4351851851851852 0.03333333333333333 0.12407407407407407
1 0.49296875 0.4532407407407408 0.034895833333333334 0.16944444444444445
1 0.5908854166666666 0.513425925925926 0.06822916666666666 0.25092592592592594
1 0.8666666666666667 0.4236111111111111 0.040625 0.1212962962962963
1 0.7096354166666666 0.38981481481481484 0.0484375 0.07592592592592592
1 0.665625 0.38981481481481484 0.042708333333333334 0.06851851851851852
0 0.4734375 0.5143518518518518 0.03125 0.026851851851851852
