1 0.17161458333333332 0.6050925925925926 0.07552083333333333 0.325
1 0.14036458333333332 0.47500000000000003 0.0640625 0.18333333333333335
1 0.17760416666666667 0.4847222222222222 0.029166666666666667 0.16203703703703703
1 0.059895833333333336 0.42824074074074076 0.046875 0.09907407407407408
1 0.24557291666666667 0.49259259259259264 0.03697916666666667 0.20185185185185187
1 0.39869791666666665 0.5273148148148148 0.0796875 0.28055555555555556
1 0.4395833333333333 0.4550925925925926 0.025 0.16574074074074074
1 0.5036458333333333 0.4865740740740741 0.06770833333333333 0.20092592592592592
1 0.9260416666666667 0.45462962962962966 0.058333333333333334 0.15555555555555556
0 0.33671875 0.6430555555555556 0.059895833333333336 0.04351851851851852
