1 0.12395833333333334 0.4550925925925926 0.058333333333333334 0.24351851851851852
1 0.08229166666666667 0.40185185185185185 0.05625 0.17592592592592593
1 0.32395833333333335 0.39675925925925926 0.0625 0.25092592592592594
1 0.5736979166666667 0.37777777777777777 0.0484375 0.19074074074074074
1 0.54453125 0.34814814814814815 0.03697916666666667 0.11111111111111112
1 0.49296875 0.3476851851851852 0.0390625 0.08796296296296297
1 0.6890625 0.37222222222222223 0.065625 0.22777777777777777
1 0.7630208333333334 0.4046296296296297 0.06979166666666667 0.3
1 0.84140625 0.45046296296296295 0.09114583333333333 0.47685185185185186
1 0.96953125 0.350462962962963 0.05260416666666667 0.13796296296296298
