0 0.5705729166666667 0.44351851851851853 0.030729166666666665 0.02777777777777778
1 0.6986979166666667 0.37453703703703706 0.0546875 0.13055555555555556
1 0.7348958333333333 0.3601851851851852 0.05625 0.1388888888888889
1 0.5609375 0.3819444444444445 0.0625 0.14722222222222223
1 0.5026041666666666 0.3625 0.03125 0.16018518518518518
1 0.54140625 0.37083333333333335 0.0390625 0.14351851851851852
1 0.45026041666666666 0.39212962962962966 0.0734375 0.23055555555555557
1 0.11640625 0.5083333333333333 0.14739583333333334 0.5574074074074075
1 0.21223958333333334 0.3925925925925926 0.03697916666666667 0.16666666666666669
1 0.3502604166666667 0.375 0.05260416666666667 0.12037037037037038
