1 0.6260416666666666 0.3907407407407408 0.06041666666666667 0.12592592592592594
1 0.7473958333333334 0.3814814814814815 0.05416666666666667 0.14444444444444446
0 0.7869791666666667 0.41805555555555557 0.029166666666666667 0.025
1 0.81640625 0.35324074074074074 0.0640625 0.1638888888888889
1 0.5190104166666667 0.3824074074074074 0.0484375 0.1388888888888889
1 0.4822916666666667 0.375462962962963 0.06041666666666667 0.1527777777777778
1 0.09375 0.5148148148148148 0.12604166666666666 0.5203703703703704
1 0.21041666666666667 0.39861111111111114 0.05625 0.18981481481481483
1 0.34713541666666664 0.37824074074074077 0.034895833333333334 0.15833333333333333
1 0.40260416666666665 0.3990740740740741 0.04479166666666667 0.28703703703703703
