1 0.16171875 0.49768518518518523 0.0484375 0.18611111111111112
1 0.23359375 0.5231481481481481 0.09114583333333333 0.2240740740740741
1 0.052083333333333336 0.4467592592592593 0.08541666666666667 0.28611111111111115
1 0.30052083333333335 0.4967592592592593 0.058333333333333334 0.17500000000000002
1 0.43359375 0.48194444444444445 0.0484375 0.15833333333333333
1 0.37057291666666664 0.4861111111111111 0.030729166666666665 0.17592592592592593
1 0.58515625 0.5037037037037038 0.08385416666666666 0.22962962962962963
1 0.7044270833333334 0.5 0.07760416666666667 0.2537037037037037
1 0.7502604166666667 0.4615740740740741 0.04114583333333333 0.1398148148148148
1 0.7986979166666667 0.48194444444444445 0.059895833333333336 0.1564814814814815
0 0.7880208333333333 0.5273148148148148 0.03854166666666667 0.02314814814814815
