1 0.3111979166666667 0.5740740740740741 0.09114583333333333 0.35185185185185186
1 0.26588541666666665 0.5069444444444444 0.06614583333333333 0.16574074074074074
1 0.13567708333333334 0.4865740740740741 0.050520833333333334 0.1638888888888889
1 0.4453125 0.4828703703703704 0.029166666666666667 0.13425925925925927
1 0.49192708333333335 0.47314814814814815 0.0484375 0.11666666666666667
1 0.5346354166666667 0.4712962962962963 0.044270833333333336 0.14444444444444446
1 0.5677083333333334 0.4601851851851852 0.029166666666666667 0.12222222222222223
1 0.6075520833333333 0.4847222222222222 0.0546875 0.23796296296296296
1 0.7307291666666667 0.5175925925925926 0.06041666666666667 0.24444444444444446
1 0.88515625 0.46481481481481485 0.0390625 0.1462962962962963
0 0.8200520833333333 0.5162037037037037 0.0328125 0.02314814814814815
