0 0.7104166666666667 0.5685185185185185 0.027083333333333334 0.02777777777777778
1 0.6328125 0.6824074074074075 0.07395833333333333 0.2796296296296296
1 0.5471354166666667 0.6032407407407407 0.050520833333333334 0.1564814814814815
1 0.5171875 0.5888888888888889 0.052083333333333336 0.13148148148148148
1 0.48046875 0.5939814814814816 0.0328125 0.15833333333333333
1 0.42604166666666665 0.6125 0.04479166666666667 0.18425925925925926
1 0.3872395833333333 0.5907407407407408 0.05260416666666667 0.15
1 0.3229166666666667 0.6458333333333334 0.071875 0.2138888888888889
1 0.13177083333333334 0.674074074074074 0.06979166666666667 0.17777777777777778
1 0.03671875 0.700462962962963 0.0546875 0.25092592592592594
