1 0.11328125 0.6060185185185185 0.05260416666666667 0.15462962962962964
1 0.07161458333333333 0.5930555555555556 0.04635416666666667 0.125
1 0.16979166666666667 0.5898148148148148 0.029166666666666667 0.13333333333333333
1 0.19088541666666667 0.587037037037037 0.0328125 0.10555555555555556
1 0.2484375 0.5995370370370371 0.05416666666666667 0.14537037037037037
1 0.42213541666666665 0.5708333333333333 0.04114583333333333 0.12314814814814816
1 0.46484375 0.5689814814814815 0.0484375 0.15462962962962964
1 0.6182291666666666 0.5407407407407407 0.03333333333333333 0.08333333333333334
1 0.78828125 0.5300925925925926 0.034895833333333334 0.07314814814814816
1 0.7598958333333333 0.5287037037037037 0.052083333333333336 0.0962962962962963
