1 0.2046875 0.5023148148148149 0.08333333333333333 0.19907407407407407
1 0.3541666666666667 0.4930555555555556 0.09166666666666666 0.1712962962962963
1 0.4484375 0.5226851851851853 0.06979166666666667 0.2138888888888889
1 0.4901041666666667 0.48842592592592593 0.03333333333333333 0.16018518518518518
1 0.5385416666666667 0.46805555555555556 0.04479166666666667 0.1212962962962963
1 0.6005208333333333 0.5143518518518518 0.04479166666666667 0.2138888888888889
1 0.6346354166666667 0.47731481481481486 0.0546875 0.14351851851851852
1 0.7026041666666667 0.5162037037037037 0.05416666666666667 0.22314814814814815
1 0.8182291666666667 0.48194444444444445 0.05625 0.15462962962962964
0 0.784375 0.5324074074074074 0.03125 0.031481481481481485
