1 0.05026041666666667 0.6023148148148149 0.027604166666666666 0.11388888888888889
1 0.09401041666666667 0.5888888888888889 0.05260416666666667 0.14074074074074075
1 0.17942708333333332 0.5939814814814816 0.04114583333333333 0.13425925925925927
1 0.22421875 0.5791666666666667 0.0484375 0.1175925925925926
1 0.26276041666666666 0.5833333333333334 0.05260416666666667 0.12962962962962962
1 0.4609375 0.5601851851851852 0.06041666666666667 0.16296296296296298
1 0.61328125 0.5342592592592593 0.0546875 0.08148148148148149
1 0.7958333333333333 0.5162037037037037 0.03854166666666667 0.08796296296296297
1 0.7619791666666667 0.5226851851851853 0.025 0.06944444444444445
1 0.8364583333333333 0.5189814814814815 0.042708333333333334 0.11388888888888889
1 0.9445312499999999 0.5078703703703704 0.0484375 0.08981481481481482
