1 0.01614583333333333 0.5226851851851853 0.025 0.20833333333333334
1 0.17630208333333333 0.5513888888888889 0.06614583333333333 0.3138888888888889
1 0.29973958333333334 0.49768518518518523 0.044270833333333336 0.10833333333333334
1 0.42890625 0.5393518518518519 0.027604166666666666 0.18796296296296297
1 0.48151041666666666 0.49768518518518523 0.050520833333333334 0.16574074074074074
1 0.6502604166666667 0.4861111111111111 0.0390625 0.17037037037037037
1 0.7890625 0.4763888888888889 0.040625 0.17314814814814816
1 0.84453125 0.4615740740740741 0.034895833333333334 0.1287037037037037
1 0.8919270833333334 0.500925925925926 0.044270833333333336 0.27592592592592596
1 0.9442708333333333 0.4930555555555556 0.071875 0.23240740740740742
