1 0.26484375 0.48564814814814816 0.0484375 0.2138888888888889
1 0.40729166666666666 0.5064814814814815 0.042708333333333334 0.1814814814814815
1 0.52109375 0.5273148148148148 0.05677083333333333 0.20092592592592592
1 0.5580729166666667 0.48240740740740745 0.03697916666666667 0.15
1 0.5861979166666667 0.4777777777777778 0.0390625 0.16481481481481483
1 0.63671875 0.48333333333333334 0.04635416666666667 0.1277777777777778
1 0.6794270833333333 0.5189814814814815 0.0390625 0.24351851851851852
1 0.7388020833333333 0.5115740740740741 0.10677083333333333 0.23796296296296296
1 0.8776041666666666 0.44212962962962965 0.058333333333333334 0.1527777777777778
1 0.9005208333333333 0.4564814814814815 0.042708333333333334 0.12407407407407407
1 0.9346354166666666 0.45555555555555555 0.0171875 0.12037037037037038
