1 0.19973958333333333 0.4726851851851852 0.0390625 0.1287037037037037
1 0.46197916666666666 0.4810185185185185 0.046875 0.1675925925925926
1 0.5356770833333333 0.47453703703703703 0.0390625 0.14722222222222223
1 0.7919270833333333 0.44537037037037036 0.0390625 0.10185185185185186
1 0.8143229166666667 0.45046296296296295 0.03697916666666667 0.09907407407407408
1 0.9268229166666666 0.4518518518518519 0.03697916666666667 0.15
1 0.40182291666666664 0.45972222222222225 0.050520833333333334 0.12314814814814816
1 0.02005208333333333 0.48935185185185187 0.0328125 0.14166666666666666
1 0.10364583333333333 0.4625 0.025 0.09907407407407408
1 0.15416666666666667 0.4703703703703704 0.040625 0.07777777777777778
