1 0.4453125 0.46805555555555556 0.052083333333333336 0.1787037037037037
1 0.5385416666666667 0.4675925925925926 0.036458333333333336 0.15555555555555556
1 0.7880208333333333 0.45 0.03125 0.09814814814814815
1 0.8192708333333333 0.4388888888888889 0.03854166666666667 0.11111111111111112
1 0.9161458333333333 0.4416666666666667 0.03125 0.16111111111111112
1 0.18619791666666666 0.45972222222222225 0.06197916666666667 0.15462962962962964
1 0.08229166666666667 0.46620370370370373 0.03333333333333333 0.10277777777777779
1 0.14140625 0.4689814814814815 0.0234375 0.075
1 0.3921875 0.4486111111111111 0.042708333333333334 0.09722222222222222
1 0.4966145833333333 0.44027777777777777 0.050520833333333334 0.1212962962962963
