1 0.721875 0.4351851851851852 0.08541666666666667 0.27592592592592596
1 0.6171875 0.3768518518518519 0.08125 0.14074074074074075
1 0.5083333333333333 0.4226851851851852 0.06979166666666667 0.12685185185185185
1 0.4036458333333333 0.41203703703703703 0.03854166666666667 0.10185185185185186
1 0.44947916666666665 0.3939814814814815 0.05625 0.10833333333333334
1 0.35703125 0.4425925925925926 0.0546875 0.18703703703703706
1 0.23359375 0.41712962962962963 0.05260416666666667 0.18425925925925926
1 0.2890625 0.4416666666666667 0.035416666666666666 0.13148148148148148
1 0.03463541666666667 0.45092592592592595 0.04635416666666667 0.16111111111111112
0 0.5015625 0.46574074074074073 0.04479166666666667 0.016666666666666666
