1 0.21822916666666667 0.4675925925925926 0.052083333333333336 0.17037037037037037
1 0.04635416666666667 0.48055555555555557 0.05 0.18888888888888888
1 0.37265625 0.46435185185185185 0.06614583333333333 0.1175925925925926
1 0.48515625 0.46944444444444444 0.0546875 0.17037037037037037
1 0.5763020833333333 0.4527777777777778 0.07760416666666667 0.1685185185185185
1 0.525 0.4476851851851852 0.04479166666666667 0.10648148148148148
1 0.7947916666666667 0.44722222222222224 0.017708333333333333 0.1
1 0.8192708333333333 0.4416666666666667 0.03125 0.10925925925925926
1 0.9210937499999999 0.45833333333333337 0.059895833333333336 0.15
1 0.10260416666666666 0.47175925925925927 0.03854166666666667 0.08796296296296297
1 0.16380208333333332 0.4671296296296297 0.044270833333333336 0.10277777777777779
