1 0.06770833333333333 0.5976851851851852 0.042708333333333334 0.13425925925925927
1 0.10859375 0.587962962962963 0.06197916666666667 0.12037037037037038
1 0.17838541666666666 0.5893518518518519 0.034895833333333334 0.11388888888888889
1 0.24036458333333333 0.5921296296296297 0.06197916666666667 0.13055555555555556
1 0.27447916666666666 0.5851851851851853 0.036458333333333336 0.10740740740740741
1 0.46380208333333334 0.576388888888889 0.0703125 0.16018518518518518
1 0.6018229166666667 0.5407407407407407 0.034895833333333334 0.07962962962962963
1 0.7822916666666666 0.5314814814814816 0.03125 0.053703703703703705
1 0.7513020833333334 0.5259259259259259 0.019270833333333334 0.07407407407407407
1 0.8328125 0.5421296296296296 0.03125 0.0638888888888889
