1 0.0859375 0.8902777777777778 0.071875 0.2138888888888889
1 0.48411458333333335 0.5546296296296297 0.0484375 0.1277777777777778
1 0.82890625 0.9578703703703704 0.057812499999999996 0.08055555555555556
1 0.5802083333333333 0.4620370370370371 0.03125 0.09814814814814815
1 0.7453125 0.4083333333333333 0.03854166666666667 0.07037037037037037
1 0.5854166666666667 0.3541666666666667 0.029166666666666667 0.049074074074074076
1 0.5385416666666667 0.41805555555555557 0.03333333333333333 0.08055555555555556
1 0.46380208333333334 0.425462962962963 0.0234375 0.07314814814814816
1 0.40859375 0.47870370370370374 0.0328125 0.08703703703703704
1 0.3442708333333333 0.4620370370370371 0.040625 0.09814814814814815
1 0.3481770833333333 0.4087962962962963 0.0328125 0.08425925925925926
1 0.4203125 0.39351851851851855 0.05625 0.06851851851851852
