0 0.5221354166666666 0.3527777777777778 0.0234375 0.012962962962962964
1 0.81328125 0.42129629629629634 0.0390625 0.10555555555555556
1 0.7075520833333333 0.4305555555555556 0.025520833333333333 0.07777777777777778
1 0.6723958333333333 0.46296296296296297 0.029166666666666667 0.11851851851851852
1 0.5705729166666667 0.638888888888889 0.04635416666666667 0.14074074074074075
1 0.6239583333333333 0.3851851851851852 0.025 0.06851851851851852
1 0.5630208333333333 0.4185185185185185 0.027083333333333334 0.0925925925925926
1 0.5833333333333334 0.41805555555555557 0.025 0.0787037037037037
1 0.5484375 0.3925925925925926 0.013541666666666667 0.07592592592592592
1 0.5026041666666666 0.37222222222222223 0.022916666666666665 0.07777777777777778
1 0.40572916666666664 0.42453703703703705 0.027083333333333334 0.09166666666666667
1 0.409375 0.5361111111111111 0.03854166666666667 0.11296296296296297
1 0.33958333333333335 0.513888888888889 0.042708333333333334 0.12222222222222223
