1 0.9658854166666666 0.8958333333333334 0.0640625 0.18055555555555555
1 0.80546875 0.9601851851851853 0.0890625 0.07592592592592592
1 0.6200520833333333 0.9291666666666667 0.0328125 0.13425925925925927
1 0.4986979166666667 0.7263888888888889 0.0546875 0.1398148148148148
1 0.3997395833333333 0.6995370370370371 0.050520833333333334 0.14351851851851852
1 0.39479166666666665 0.3888888888888889 0.040625 0.08333333333333334
1 0.5096354166666667 0.35555555555555557 0.0484375 0.08333333333333334
1 0.5986979166666666 0.3648148148148148 0.025520833333333333 0.05740740740740741
1 0.69765625 0.39814814814814814 0.0328125 0.06666666666666667
1 0.6453125 0.30462962962962964 0.025 0.061111111111111116
1 0.621875 0.2865740740740741 0.029166666666666667 0.0638888888888889
1 0.5471354166666667 0.27546296296296297 0.034895833333333334 0.062037037037037036
1 0.51328125 0.2712962962962963 0.044270833333333336 0.07222222222222223
1 0.4609375 0.24953703703703706 0.040625 0.05648148148148149
1 0.4552083333333333 0.21342592592592594 0.017708333333333333 0.036111111111111115
1 0.38229166666666664 0.27685185185185185 0.027083333333333334 0.06851851851851852
1 0.33567708333333335 0.25601851851851853 0.0234375 0.05277777777777778
1 0.3104166666666667 0.26435185185185184 0.027083333333333334 0.04351851851851852
