1 0.18307291666666667 0.6 0.05260416666666667 0.15
1 0.21822916666666667 0.6 0.03333333333333333 0.11481481481481481
1 0.28828125 0.6 0.03697916666666667 0.0962962962962963
1 0.32786458333333335 0.5898148148148148 0.0390625 0.08148148148148149
1 0.3638020833333333 0.6041666666666667 0.03697916666666667 0.11388888888888889
1 0.39401041666666664 0.5800925925925926 0.0390625 0.09907407407407408
1 0.44635416666666666 0.576388888888889 0.05416666666666667 0.11574074074074074
1 0.5559895833333334 0.5611111111111111 0.03697916666666667 0.12222222222222223
1 0.6299479166666666 0.5527777777777778 0.0328125 0.10555555555555556
1 0.6958333333333333 0.5638888888888889 0.03333333333333333 0.12962962962962962
1 0.7317708333333334 0.5421296296296296 0.027083333333333334 0.08611111111111111
