0 0.8046875 0.9916666666666667 0.025 0.011111111111111112
1 0.7473958333333334 0.8777777777777778 0.058333333333333334 0.17592592592592593
1 0.6434895833333333 0.8856481481481482 0.0796875 0.15833333333333333
1 0.47265625 0.8856481481481482 0.06822916666666666 0.16203703703703703
1 0.5125 0.7194444444444444 0.05416666666666667 0.13518518518518519
1 0.3328125 0.6263888888888889 0.040625 0.11018518518518519
1 0.725 0.39537037037037037 0.04479166666666667 0.0925925925925926
1 0.5997395833333333 0.3791666666666667 0.030729166666666665 0.06944444444444445
1 0.6416666666666666 0.30833333333333335 0.029166666666666667 0.061111111111111116
1 0.6221354166666666 0.28750000000000003 0.025520833333333333 0.058333333333333334
1 0.5083333333333333 0.36203703703703705 0.03125 0.08703703703703704
1 0.5424479166666667 0.2814814814814815 0.0171875 0.06666666666666667
1 0.4986979166666667 0.2828703703703704 0.0234375 0.05648148148148149
1 0.3299479166666667 0.38287037037037036 0.034895833333333334 0.06574074074074074
1 0.3046875 0.2662037037037037 0.027083333333333334 0.058333333333333334
1 0.3755208333333333 0.28750000000000003 0.013541666666666667 0.049074074074074076
1 0.453125 0.25462962962962965 0.013541666666666667 0.05555555555555556
1 0.45338541666666665 0.21435185185185185 0.021354166666666667 0.030555555555555558
