1 0.23958333333333334 0.6990740740740741 0.04479166666666667 0.17222222222222222
1 0.25416666666666665 0.5527777777777778 0.046875 0.1277777777777778
1 0.8317708333333333 0.6819444444444445 0.040625 0.1787037037037037
1 0.5231770833333333 0.5143518518518518 0.03697916666666667 0.10277777777777779
1 0.5395833333333333 0.4078703703703704 0.027083333333333334 0.08055555555555556
1 0.4473958333333333 0.4222222222222222 0.040625 0.08518518518518518
1 0.3502604166666667 0.45833333333333337 0.0328125 0.08333333333333334
1 0.3455729166666667 0.4083333333333333 0.034895833333333334 0.0962962962962963
1 0.309375 0.4083333333333333 0.03333333333333333 0.07592592592592592
1 0.69296875 0.4462962962962963 0.027604166666666666 0.09814814814814815
1 0.7510416666666666 0.40231481481481485 0.03125 0.08611111111111111
1 0.8005208333333333 0.42083333333333334 0.029166666666666667 0.08425925925925926
1 0.5927083333333333 0.3680555555555556 0.029166666666666667 0.06944444444444445
1 0.6171875 0.3314814814814815 0.015625 0.06666666666666667
0 0.36875 0.47731481481481486 0.03125 0.015740740740740743
