1 0.04921875 0.5986111111111111 0.05260416666666667 0.14166666666666666
1 0.14635416666666667 0.5953703703703704 0.029166666666666667 0.11111111111111112
1 0.18046875 0.5921296296296297 0.019270833333333334 0.1175925925925926
1 0.2015625 0.5907407407407408 0.027083333333333334 0.10740740740740741
1 0.23177083333333334 0.5912037037037037 0.029166666666666667 0.09907407407407408
1 0.2755208333333333 0.5833333333333334 0.058333333333333334 0.13148148148148148
1 0.35234375 0.5824074074074075 0.03697916666666667 0.12222222222222223
1 0.5036458333333333 0.562962962962963 0.03333333333333333 0.1425925925925926
1 0.6658854166666667 0.5300925925925926 0.0390625 0.07685185185185185
1 0.7958333333333333 0.5217592592592593 0.019791666666666666 0.05277777777777778
