1 0.05416666666666667 0.6199074074074075 0.05416666666666667 0.1527777777777778
1 0.16302083333333334 0.5935185185185186 0.027083333333333334 0.11481481481481481
1 0.19010416666666666 0.5851851851851853 0.019791666666666666 0.11296296296296297
1 0.22786458333333334 0.5837962962962964 0.03697916666666667 0.1212962962962963
1 0.3190104166666667 0.5856481481481481 0.0328125 0.11944444444444445
1 0.409375 0.5773148148148148 0.03854166666666667 0.1175925925925926
1 0.47161458333333334 0.5694444444444444 0.0390625 0.14074074074074075
1 0.62890625 0.5337962962962963 0.0234375 0.09722222222222222
1 0.796875 0.5152777777777778 0.040625 0.08055555555555556
1 0.8346354166666666 0.525 0.0234375 0.10925925925925926
