1 0.28984375 0.7277777777777779 0.0484375 0.17777777777777778
1 0.2947916666666667 0.5569444444444445 0.046875 0.13425925925925927
1 0.3677083333333333 0.49953703703703706 0.052083333333333336 0.09722222222222222
1 0.36666666666666664 0.4217592592592593 0.042708333333333334 0.08055555555555556
1 0.39765625 0.3912037037037037 0.0390625 0.07314814814814816
1 0.46875 0.4324074074074074 0.04479166666666667 0.06851851851851852
1 0.45598958333333334 0.500925925925926 0.050520833333333334 0.10370370370370371
1 0.5473958333333333 0.5314814814814816 0.06979166666666667 0.11111111111111112
1 0.5765625 0.41944444444444445 0.03125 0.07592592592592592
1 0.6559895833333333 0.3662037037037037 0.019270833333333334 0.05092592592592593
1 0.6744791666666666 0.3439814814814815 0.029166666666666667 0.049074074074074076
1 0.74140625 0.47175925925925927 0.034895833333333334 0.09351851851851853
1 0.8057291666666666 0.42083333333333334 0.042708333333333334 0.06944444444444445
1 0.84140625 0.4393518518518519 0.0328125 0.07685185185185185
1 0.865625 0.700462962962963 0.058333333333333334 0.17685185185185187
0 0.39010416666666664 0.525462962962963 0.015625 0.015740740740740743
