1 0.21041666666666667 0.7314814814814815 0.04895833333333333 0.20370370370370372
1 0.49192708333333335 0.5055555555555555 0.03697916666666667 0.0962962962962963
1 0.47552083333333334 0.4240740740740741 0.022916666666666665 0.07407407407407407
0 0.48515625 0.4449074074074074 0.019270833333333334 0.015740740740740743
1 0.7734375 0.41203703703703703 0.025 0.07777777777777778
1 0.7151041666666667 0.40324074074074073 0.029166666666666667 0.05277777777777778
1 0.6153645833333333 0.43333333333333335 0.030729166666666665 0.09814814814814815
1 0.57265625 0.32685185185185184 0.0234375 0.06851851851851852
1 0.52421875 0.37083333333333335 0.034895833333333334 0.06944444444444445
1 0.45703125 0.41203703703703703 0.0171875 0.08148148148148149
1 0.43072916666666666 0.437962962962963 0.03125 0.08888888888888889
1 0.42213541666666665 0.39675925925925926 0.025520833333333333 0.075
1 0.4005208333333333 0.4185185185185185 0.029166666666666667 0.05740740740740741
1 0.36666666666666664 0.41064814814814815 0.03125 0.10277777777777779
1 0.34140625 0.4046296296296297 0.0390625 0.07407407407407407
1 0.153125 0.5856481481481481 0.046875 0.14907407407407408
1 0.79765625 0.7541666666666667 0.06197916666666667 0.18611111111111112
