1 0.02786458333333333 0.6763888888888889 0.044270833333333336 0.2212962962962963
1 0.07552083333333333 0.6444444444444445 0.05416666666666667 0.17037037037037037
1 0.13958333333333334 0.6513888888888889 0.07395833333333333 0.19722222222222224
1 0.22604166666666667 0.6421296296296296 0.06041666666666667 0.2175925925925926
1 0.31536458333333334 0.6111111111111112 0.06822916666666666 0.15555555555555556
1 0.5364583333333334 0.6175925925925926 0.04479166666666667 0.14444444444444446
1 0.6588541666666666 0.674537037037037 0.05625 0.2935185185185185
1 0.625 0.5902777777777778 0.03854166666666667 0.14537037037037037
1 0.6997395833333333 0.5986111111111111 0.059895833333333336 0.1638888888888889
1 0.46770833333333334 0.5837962962962964 0.03125 0.11574074074074074
