0 0.38046875 0.45833333333333337 0.019270833333333334 0.012962962962962964
1 0.8153645833333333 0.6814814814814815 0.050520833333333334 0.17222222222222222
1 0.79296875 0.412962962962963 0.025520833333333333 0.07962962962962963
1 0.7346354166666667 0.3962962962962963 0.025520833333333333 0.07962962962962963
1 0.6697916666666667 0.4481481481481482 0.027083333333333334 0.08518518518518518
1 0.6036458333333333 0.3277777777777778 0.027083333333333334 0.06296296296296297
1 0.5752604166666666 0.36203703703703705 0.021354166666666667 0.06481481481481481
1 0.5375 0.4 0.027083333333333334 0.07962962962962963
1 0.509375 0.412962962962963 0.029166666666666667 0.07962962962962963
1 0.45807291666666666 0.42638888888888893 0.0234375 0.07314814814814816
1 0.5221354166666666 0.5018518518518519 0.030729166666666665 0.10740740740740741
1 0.35703125 0.4305555555555556 0.030729166666666665 0.08518518518518518
1 0.3765625 0.42824074074074076 0.046875 0.09166666666666667
1 0.340625 0.38842592592592595 0.029166666666666667 0.06574074074074074
1 0.29401041666666666 0.39814814814814814 0.0484375 0.07222222222222223
1 0.24140625 0.5458333333333334 0.05260416666666667 0.11944444444444445
1 0.23098958333333333 0.6921296296296297 0.06197916666666667 0.19166666666666668
