1 0.23567708333333334 0.6935185185185185 0.05677083333333333 0.17407407407407408
1 0.21328125 0.5564814814814815 0.06197916666666667 0.1425925925925926
1 0.29973958333333334 0.39490740740740743 0.03697916666666667 0.06574074074074074
1 0.33671875 0.38842592592592595 0.03697916666666667 0.062037037037037036
1 0.5473958333333333 0.36574074074074076 0.015625 0.05925925925925926
1 0.5927083333333333 0.33425925925925926 0.029166666666666667 0.05185185185185186
1 0.6403645833333333 0.43472222222222223 0.034895833333333334 0.08611111111111111
1 0.7151041666666667 0.39583333333333337 0.040625 0.06944444444444445
1 0.784375 0.41064814814814815 0.027083333333333334 0.075
1 0.51640625 0.3939814814814815 0.019270833333333334 0.075
1 0.4901041666666667 0.4050925925925926 0.025 0.06574074074074074
1 0.45598958333333334 0.4328703703703704 0.030729166666666665 0.08240740740740742
1 0.3815104166666667 0.42314814814814816 0.03697916666666667 0.08148148148148149
1 0.4044270833333333 0.4185185185185185 0.03697916666666667 0.07777777777777778
1 0.50546875 0.500925925925926 0.03697916666666667 0.10555555555555556
1 0.8143229166666667 0.6870370370370371 0.0640625 0.1814814814814815
0 0.4171875 0.45 0.027083333333333334 0.018518518518518517
