0 0.3598958333333333 0.5050925925925926 0.03333333333333333 0.019444444444444445
1 0.8424479166666666 0.6907407407407408 0.0390625 0.16481481481481483
1 0.8229166666666666 0.4277777777777778 0.027083333333333334 0.07962962962962963
1 0.78046875 0.412962962962963 0.0234375 0.07777777777777778
1 0.7171875 0.4638888888888889 0.040625 0.09444444444444444
1 0.54453125 0.5259259259259259 0.0328125 0.11111111111111112
1 0.5578125 0.4199074074074074 0.029166666666666667 0.08425925925925926
1 0.44947916666666665 0.4305555555555556 0.029166666666666667 0.07592592592592592
1 0.3989583333333333 0.47361111111111115 0.029166666666666667 0.08796296296296297
1 0.27630208333333334 0.5527777777777778 0.0328125 0.12407407407407407
1 0.2552083333333333 0.7199074074074074 0.06041666666666667 0.1712962962962963
1 0.3502604166666667 0.48055555555555557 0.03697916666666667 0.08148148148148149
1 0.3325520833333333 0.40601851851851856 0.03697916666666667 0.09166666666666667
1 0.353125 0.4240740740740741 0.035416666666666666 0.07592592592592592
1 0.3697916666666667 0.3962962962962963 0.029166666666666667 0.07962962962962963
1 0.6270833333333333 0.375462962962963 0.015625 0.075
1 0.6455729166666666 0.3388888888888889 0.021354166666666667 0.05185185185185186
