1 0.17838541666666666 0.7708333333333334 0.08177083333333333 0.2101851851851852
1 0.58125 0.33981481481481485 0.025 0.05555555555555556
1 0.5239583333333333 0.3888888888888889 0.022916666666666665 0.06481481481481481
1 0.6036458333333333 0.44953703703703707 0.03854166666666667 0.09166666666666667
1 0.7200520833333334 0.4087962962962963 0.034895833333333334 0.06574074074074074
1 0.7783854166666666 0.4189814814814815 0.0234375 0.06574074074074074
1 0.48723958333333334 0.5212962962962964 0.034895833333333334 0.10740740740740741
0 0.5143229166666666 0.44722222222222224 0.019270833333333334 0.012962962962962964
1 0.5026041666666666 0.41712962962962963 0.042708333333333334 0.08981481481481482
1 0.4192708333333333 0.4444444444444445 0.03854166666666667 0.10370370370370371
1 0.42994791666666665 0.39861111111111114 0.021354166666666667 0.0712962962962963
1 0.40572916666666664 0.39814814814814814 0.03125 0.06666666666666667
1 0.3794270833333333 0.38842592592592595 0.0328125 0.06759259259259259
1 0.36744791666666665 0.4087962962962963 0.021354166666666667 0.075
1 0.34921875 0.4337962962962963 0.0390625 0.07685185185185185
1 0.10833333333333334 0.6212962962962963 0.05416666666666667 0.1574074074074074
1 0.7947916666666667 0.813425925925926 0.071875 0.2175925925925926
