1 0.24244791666666665 0.3939814814814815 0.030729166666666665 0.1787037037037037
1 0.2752604166666667 0.3819444444444445 0.034895833333333334 0.14722222222222223
1 0.4484375 0.3717592592592593 0.06979166666666667 0.17314814814814816
1 0.5065104166666666 0.3717592592592593 0.0390625 0.13796296296296298
1 0.5502604166666667 0.3712962962962963 0.05260416666666667 0.14814814814814814
1 0.6338541666666666 0.4467592592592593 0.071875 0.39537037037037037
1 0.6783854166666666 0.37777777777777777 0.044270833333333336 0.21481481481481482
1 0.7299479166666667 0.3527777777777778 0.0234375 0.12037037037037038
1 0.8424479166666666 0.35185185185185186 0.04635416666666667 0.17037037037037037
1 0.884375 0.3648148148148148 0.08333333333333333 0.1425925925925926
