1 0.6028645833333334 0.3736111111111111 0.021354166666666667 0.06018518518518519
1 0.7260416666666667 0.425462962962963 0.027083333333333334 0.05648148148148149
1 0.684375 0.4236111111111111 0.040625 0.058333333333333334
1 0.6182291666666666 0.4393518518518519 0.025 0.062037037037037036
1 0.59296875 0.48935185185185187 0.03697916666666667 0.09351851851851853
1 0.5591145833333333 0.4587962962962963 0.034895833333333334 0.06574074074074074
1 0.5065104166666666 0.41712962962962963 0.030729166666666665 0.09907407407407408
1 0.49114583333333334 0.4050925925925926 0.027083333333333334 0.07685185185185185
1 0.4432291666666667 0.39583333333333337 0.029166666666666667 0.06944444444444445
1 0.36276041666666664 0.41620370370370374 0.034895833333333334 0.08055555555555556
1 0.3171875 0.5097222222222222 0.040625 0.10648148148148148
1 0.4036458333333333 0.5203703703703704 0.03854166666666667 0.11111111111111112
1 0.4927083333333333 0.6263888888888889 0.042708333333333334 0.13425925925925927
0 0.6424479166666667 0.4625 0.034895833333333334 0.02314814814814815
