1 0.8697916666666666 0.8916666666666667 0.06979166666666667 0.1685185185185185
1 0.6861979166666666 0.938425925925926 0.0640625 0.11944444444444445
1 0.5510416666666667 0.9199074074074074 0.042708333333333334 0.14722222222222223
1 0.51328125 0.7217592592592593 0.04114583333333333 0.10462962962962963
1 0.3598958333333333 0.6680555555555556 0.040625 0.14351851851851852
1 0.3609375 0.3888888888888889 0.03125 0.07407407407407407
1 0.5005208333333333 0.362962962962963 0.027083333333333334 0.07037037037037037
1 0.5966145833333333 0.3736111111111111 0.03697916666666667 0.08425925925925926
1 0.7096354166666666 0.40092592592592596 0.03697916666666667 0.07037037037037037
1 0.6416666666666666 0.31203703703703706 0.029166666666666667 0.05185185185185186
1 0.6182291666666666 0.2847222222222222 0.025 0.058333333333333334
1 0.5453125 0.2777777777777778 0.022916666666666665 0.053703703703703705
1 0.50546875 0.27824074074074073 0.025520833333333333 0.05648148148148149
1 0.45026041666666666 0.2606481481481482 0.0234375 0.05092592592592593
1 0.453125 0.2162037037037037 0.029166666666666667 0.03796296296296296
1 0.3802083333333333 0.2851851851851852 0.027083333333333334 0.04259259259259259
1 0.32395833333333335 0.25787037037037036 0.019791666666666666 0.04722222222222222
1 0.30546875 0.2662037037037037 0.0171875 0.04722222222222222
0 0.85 0.9888888888888889 0.042708333333333334 0.018518518518518517
