1 0.6104166666666666 0.4013888888888889 0.029166666666666667 0.0712962962962963
1 0.5638020833333334 0.4425925925925926 0.0328125 0.08703703703703704
1 0.5481770833333334 0.4013888888888889 0.021354166666666667 0.06759259259259259
1 0.4940104166666667 0.39537037037037037 0.025520833333333333 0.06851851851851852
1 0.39375 0.4217592592592593 0.03125 0.08425925925925926
1 0.33359375 0.5365740740740741 0.034895833333333334 0.10648148148148148
1 0.4192708333333333 0.5486111111111112 0.058333333333333334 0.11944444444444445
1 0.653125 0.5023148148148149 0.029166666666666667 0.09351851851851853
1 0.7028645833333333 0.4449074074074074 0.034895833333333334 0.10277777777777779
1 0.79296875 0.4305555555555556 0.021354166666666667 0.07592592592592592
1 0.54140625 0.6689814814814815 0.050520833333333334 0.15092592592592594
