1 0.01640625 0.6134259259259259 0.0328125 0.09722222222222222
1 0.05520833333333333 0.5972222222222222 0.025 0.08518518518518518
1 0.12890625 0.5967592592592593 0.025520833333333333 0.12685185185185185
1 0.16276041666666666 0.6041666666666667 0.0234375 0.10462962962962963
1 0.17838541666666666 0.5837962962962964 0.015104166666666667 0.09351851851851853
1 0.21822916666666667 0.5902777777777778 0.040625 0.13055555555555556
1 0.3221354166666667 0.5851851851851853 0.030729166666666665 0.1388888888888889
1 0.49765624999999997 0.5560185185185186 0.0484375 0.14351851851851852
1 0.6997395833333333 0.5319444444444444 0.05260416666666667 0.07685185185185185
1 0.8028645833333333 0.5231481481481481 0.021354166666666667 0.05185185185185186
1 0.83671875 0.5222222222222223 0.0234375 0.06296296296296297
