0 0.66171875 0.4416666666666667 0.0234375 0.018518518518518517
1 0.5231770833333333 0.675462962962963 0.03697916666666667 0.15092592592592594
1 0.41041666666666665 0.5449074074074074 0.04479166666666667 0.11388888888888889
1 0.3182291666666667 0.5273148148148148 0.046875 0.13055555555555556
1 0.36875 0.42824074074074076 0.03125 0.0787037037037037
1 0.6239583333333333 0.5106481481481482 0.040625 0.11574074074074074
1 0.7549479166666666 0.4328703703703704 0.0390625 0.08240740740740742
1 0.69375 0.43842592592592594 0.029166666666666667 0.062037037037037036
1 0.6736979166666667 0.44722222222222224 0.019270833333333334 0.07407407407407407
1 0.5630208333333333 0.46851851851851856 0.027083333333333334 0.08148148148148149
1 0.5395833333333333 0.4449074074074074 0.022916666666666665 0.075
1 0.51640625 0.41250000000000003 0.019270833333333334 0.0712962962962963
1 0.47239583333333335 0.3925925925925926 0.029166666666666667 0.07592592592592592
