1 0.13671875 0.8361111111111111 0.059895833333333336 0.23148148148148148
1 0.8075520833333333 0.8967592592592593 0.050520833333333334 0.1953703703703704
1 0.4901041666666667 0.5393518518518519 0.04479166666666667 0.14351851851851852
1 0.5880208333333333 0.45787037037037037 0.046875 0.08611111111111111
1 0.7471354166666666 0.4199074074074074 0.0234375 0.0712962962962963
1 0.7609375 0.41620370370370374 0.03125 0.06018518518518519
1 0.4106770833333333 0.4763888888888889 0.021354166666666667 0.08796296296296297
1 0.5890625 0.34953703703703703 0.021875 0.058333333333333334
1 0.53671875 0.3939814814814815 0.0328125 0.0638888888888889
1 0.4471354166666667 0.4203703703703704 0.021354166666666667 0.06666666666666667
1 0.42421875 0.39814814814814814 0.03697916666666667 0.07222222222222223
1 0.4036458333333333 0.3944444444444445 0.019791666666666666 0.05925925925925926
1 0.3921875 0.38842592592592595 0.042708333333333334 0.075
1 0.3578125 0.40185185185185185 0.013541666666666667 0.07222222222222223
1 0.3442708333333333 0.45231481481481484 0.025 0.08981481481481482
1 0.05 0.6712962962962963 0.042708333333333334 0.17962962962962964
0 0.525 0.44583333333333336 0.025 0.012037037037037037
1 0.5317708333333333 0.4226851851851852 0.03125 0.0712962962962963
