1 0.07265625 0.6231481481481481 0.03697916666666667 0.14074074074074075
1 0.03463541666666667 0.6111111111111112 0.034895833333333334 0.11111111111111112
1 0.0067708333333333336 0.6027777777777777 0.013541666666666667 0.11481481481481481
1 0.14635416666666667 0.600462962962963 0.04479166666666667 0.11388888888888889
1 0.10364583333333333 0.6013888888888889 0.036458333333333336 0.1175925925925926
1 0.18229166666666666 0.5967592592592593 0.046875 0.09907407407407408
1 0.22317708333333333 0.5736111111111112 0.034895833333333334 0.10092592592592593
1 0.34140625 0.5750000000000001 0.050520833333333334 0.1277777777777778
1 0.53671875 0.5472222222222223 0.0484375 0.16111111111111112
1 0.4705729166666667 0.5425925925925926 0.0328125 0.10555555555555556
1 0.7627604166666666 0.524537037037037 0.0234375 0.08981481481481482
1 0.8104166666666667 0.5310185185185186 0.029166666666666667 0.05277777777777778
