1 0.33177083333333335 0.512962962962963 0.027083333333333334 0.11296296296296297
1 0.4153645833333333 0.5324074074074074 0.030729166666666665 0.11481481481481481
1 0.5723958333333333 0.6222222222222222 0.042708333333333334 0.14074074074074075
1 0.6744791666666666 0.475462962962963 0.036458333333333336 0.10648148148148148
1 0.71796875 0.42314814814814816 0.034895833333333334 0.08333333333333334
1 0.8143229166666667 0.42592592592592593 0.021354166666666667 0.08703703703703704
1 0.62109375 0.4356481481481482 0.034895833333333334 0.07685185185185185
1 0.6114583333333333 0.38842592592592595 0.042708333333333334 0.09907407407407408
1 0.5684895833333333 0.4013888888888889 0.034895833333333334 0.10277777777777779
1 0.5442708333333334 0.38333333333333336 0.025 0.07777777777777778
1 0.5046875 0.3824074074074074 0.027083333333333334 0.07407407407407407
1 0.4028645833333333 0.425 0.021354166666666667 0.09074074074074075
