0 0.4375 0.5472222222222223 0.025 0.02592592592592593
1 0.28828125 0.7282407407407407 0.0640625 0.19722222222222224
1 0.8463541666666666 0.6990740740740741 0.05 0.15925925925925927
1 0.8114583333333333 0.4351851851851852 0.046875 0.0962962962962963
1 0.7122395833333334 0.47361111111111115 0.034895833333333334 0.08425925925925926
1 0.5317708333333333 0.5388888888888889 0.05 0.12222222222222223
1 0.5736979166666667 0.4217592592592593 0.0484375 0.08055555555555556
1 0.4552083333333333 0.49953703703703706 0.040625 0.09722222222222222
1 0.465625 0.4300925925925926 0.03125 0.07685185185185185
1 0.38229166666666664 0.5120370370370371 0.035416666666666666 0.08703703703703704
1 0.3734375 0.425462962962963 0.040625 0.08425925925925926
1 0.4044270833333333 0.38287037037037036 0.03697916666666667 0.0712962962962963
1 0.27265625 0.5574074074074075 0.05260416666666667 0.13518518518518519
1 0.65234375 0.36435185185185187 0.034895833333333334 0.04722222222222222
1 0.6609375 0.34305555555555556 0.025 0.049074074074074076
