1 0.026041666666666668 0.6148148148148148 0.025 0.0925925925925926
1 0.052083333333333336 0.611574074074074 0.027083333333333334 0.11574074074074074
1 0.06979166666666667 0.6231481481481481 0.03125 0.15925925925925927
1 0.09583333333333333 0.5967592592592593 0.040625 0.125
1 0.153125 0.5902777777777778 0.046875 0.1287037037037037
1 0.19296875 0.5939814814814816 0.044270833333333336 0.12314814814814816
1 0.2171875 0.5796296296296296 0.042708333333333334 0.10925925925925926
1 0.321875 0.5810185185185185 0.06979166666666667 0.10833333333333334
1 0.5192708333333333 0.5611111111111111 0.06041666666666667 0.1425925925925926
1 0.7723958333333333 0.5231481481481481 0.042708333333333334 0.08703703703703704
1 0.80078125 0.5189814814814815 0.04114583333333333 0.06018518518518519
