1 0.41744791666666664 0.7541666666666667 0.034895833333333334 0.14351851851851852
1 0.4791666666666667 0.6944444444444444 0.042708333333333334 0.1425925925925926
1 0.6200520833333333 0.8694444444444445 0.05260416666666667 0.1814814814814815
1 0.6666666666666666 0.40046296296296297 0.03333333333333333 0.06944444444444445
1 0.6424479166666667 0.2976851851851852 0.0234375 0.05092592592592593
1 0.59296875 0.35879629629629634 0.0328125 0.06759259259259259
1 0.50546875 0.34305555555555556 0.025520833333333333 0.058333333333333334
1 0.4125 0.39305555555555555 0.029166666666666667 0.07314814814814816
1 0.5182291666666666 0.2814814814814815 0.015625 0.05555555555555556
1 0.5453125 0.27824074074074073 0.03125 0.06574074074074074
1 0.6075520833333333 0.28055555555555556 0.027604166666666666 0.040740740740740744
1 0.45416666666666666 0.24953703703703706 0.022916666666666665 0.03981481481481482
1 0.45416666666666666 0.2199074074074074 0.019791666666666666 0.03796296296296296
1 0.39010416666666664 0.27870370370370373 0.027083333333333334 0.061111111111111116
1 0.31328125 0.26342592592592595 0.0171875 0.05277777777777778
1 0.3338541666666667 0.2518518518518519 0.015625 0.03518518518518519
