1 0.55703125 0.6939814814814815 0.1046875 0.16944444444444445
1 0.7734375 0.625925925925926 0.12604166666666666 0.18333333333333335
1 0.83671875 0.4425925925925926 0.09322916666666667 0.2833333333333333
1 0.50546875 0.4203703703703704 0.07552083333333333 0.27037037037037037
1 0.38307291666666665 0.4847222222222222 0.10677083333333333 0.287962962962963
0 0.48203124999999997 0.7819444444444444 0.0640625 0.04722222222222222
1 0.10182291666666667 0.22083333333333335 0.10677083333333333 0.27314814814814814
1 0.28125 0.043055555555555555 0.06979166666666667 0.08240740740740742
1 0.6286458333333333 0.05324074074074074 0.042708333333333334 0.10462962962962963
1 0.9705729166666667 0.026851851851851852 0.057812499999999996 0.05185185185185186
