1 0.5424479166666667 0.587962962962963 0.0484375 0.13333333333333333
1 0.47552083333333334 0.4791666666666667 0.03125 0.11018518518518519
1 0.37838541666666664 0.537962962962963 0.0390625 0.11666666666666667
1 0.33671875 0.5050925925925926 0.03697916666666667 0.10462962962962963
1 0.3385416666666667 0.4388888888888889 0.040625 0.09074074074074075
1 0.5395833333333333 0.40324074074074073 0.03125 0.09722222222222222
1 0.5580729166666667 0.3712962962962963 0.03697916666666667 0.07592592592592592
1 0.5958333333333333 0.3476851851851852 0.03125 0.06018518518518519
1 0.50546875 0.3925925925925926 0.025520833333333333 0.07962962962962963
1 0.6755208333333333 0.4587962962962963 0.022916666666666665 0.08981481481481482
1 0.725 0.4185185185185185 0.03333333333333333 0.07407407407407407
1 0.7997395833333333 0.4375 0.027604166666666666 0.08425925925925926
