1 0.48203124999999997 0.6208333333333333 0.0640625 0.11203703703703705
1 0.5658854166666667 0.7393518518518519 0.0484375 0.1527777777777778
1 0.36276041666666664 0.8194444444444445 0.050520833333333334 0.14444444444444446
1 0.58046875 0.36064814814814816 0.0234375 0.075
1 0.69375 0.4083333333333333 0.029166666666666667 0.08518518518518518
1 0.6260416666666666 0.2902777777777778 0.013541666666666667 0.0638888888888889
1 0.5958333333333333 0.27870370370370373 0.03854166666666667 0.03888888888888889
1 0.5375 0.28703703703703703 0.027083333333333334 0.061111111111111116
1 0.50546875 0.34490740740740744 0.03697916666666667 0.07314814814814816
1 0.4171875 0.3685185185185185 0.058333333333333334 0.08518518518518518
1 0.44635416666666666 0.26666666666666666 0.027083333333333334 0.06481481481481481
1 0.50078125 0.2740740740740741 0.0546875 0.05925925925925926
1 0.3833333333333333 0.28101851851851856 0.03333333333333333 0.05277777777777778
1 0.3072916666666667 0.2657407407407408 0.029166666666666667 0.03518518518518519
1 0.32786458333333335 0.2550925925925926 0.015104166666666667 0.032407407407407406
1 0.4434895833333333 0.21574074074074076 0.025520833333333333 0.044444444444444446
