0 0.45598958333333334 0.5611111111111111 0.034895833333333334 0.02777777777777778
1 0.27734375 0.725 0.050520833333333334 0.1814814814814815
1 0.23072916666666665 0.5597222222222222 0.046875 0.1287037037037037
1 0.37265625 0.5263888888888889 0.034895833333333334 0.10462962962962963
1 0.4278645833333333 0.4953703703703704 0.044270833333333336 0.10555555555555556
1 0.365625 0.4328703703703704 0.040625 0.09907407407407408
1 0.3989583333333333 0.3824074074074074 0.013541666666666667 0.06666666666666667
1 0.465625 0.4277777777777778 0.03125 0.08148148148148149
1 0.5677083333333334 0.4324074074074074 0.04895833333333333 0.10555555555555556
1 0.5268229166666667 0.5314814814814816 0.025520833333333333 0.1277777777777778
1 0.6940104166666666 0.48055555555555557 0.05260416666666667 0.10185185185185186
1 0.78125 0.43333333333333335 0.071875 0.11481481481481481
1 0.8260416666666667 0.688425925925926 0.052083333333333336 0.16203703703703703
1 0.6580729166666667 0.3550925925925926 0.030729166666666665 0.08611111111111111
