1 0.3346354166666667 0.5837962962962964 0.05260416666666667 0.26203703703703707
1 0.22005208333333334 0.5824074074074075 0.07552083333333333 0.2425925925925926
1 0.06302083333333333 0.5652777777777778 0.071875 0.20833333333333334
1 0.4734375 0.5296296296296297 0.058333333333333334 0.14074074074074075
1 0.58515625 0.5273148148148148 0.044270833333333336 0.23425925925925928
1 0.62109375 0.6180555555555556 0.08177083333333333 0.3212962962962963
1 0.6684895833333333 0.5120370370370371 0.0484375 0.16296296296296298
1 0.7075520833333333 0.524537037037037 0.044270833333333336 0.11388888888888889
1 0.8403645833333333 0.6180555555555556 0.07760416666666667 0.25833333333333336
1 0.9151041666666666 0.6037037037037037 0.08333333333333333 0.2351851851851852
