1 0.053125 0.5722222222222223 0.029166666666666667 0.11296296296296297
1 0.09583333333333333 0.5388888888888889 0.025 0.08518518518518518
1 0.21145833333333333 0.5935185185185186 0.042708333333333334 0.13518518518518519
1 0.23776041666666667 0.5958333333333333 0.0328125 0.13425925925925927
0 0.21041666666666667 0.6287037037037038 0.040625 0.020370370370370372
1 0.26979166666666665 0.5587962962962963 0.03125 0.12685185185185185
1 0.29973958333333334 0.5462962962962963 0.028645833333333332 0.0925925925925926
1 0.409375 0.5652777777777778 0.046875 0.13796296296296298
1 0.4239583333333333 0.49583333333333335 0.029166666666666667 0.075
1 0.5578125 0.5226851851851853 0.040625 0.09722222222222222
1 0.62109375 0.487962962962963 0.0234375 0.07962962962962963
1 0.6513020833333333 0.500462962962963 0.021354166666666667 0.07685185185185185
1 0.6755208333333333 0.48935185185185187 0.027083333333333334 0.04351851851851852
1 0.7473958333333334 0.47685185185185186 0.027083333333333334 0.07037037037037037
1 0.8502604166666666 0.48333333333333334 0.034895833333333334 0.07592592592592592
1 0.8890625 0.45787037037037037 0.035416666666666666 0.05277777777777778
