1 0.17526041666666667 0.576388888888889 0.0796875 0.19166666666666668
1 0.35703125 0.5625 0.06197916666666667 0.1953703703703704
1 0.32109375 0.5 0.0484375 0.18333333333333335
1 0.41640625 0.5222222222222223 0.05260416666666667 0.17407407407407408
1 0.46770833333333334 0.37222222222222223 0.046875 0.1277777777777778
1 0.6065104166666666 0.4342592592592593 0.0484375 0.15555555555555556
1 0.43671875 0.26944444444444443 0.0546875 0.1277777777777778
1 0.7143229166666667 0.21851851851851853 0.0390625 0.12407407407407407
1 0.8630208333333333 0.2796296296296296 0.04479166666666667 0.11296296296296297
1 0.77265625 0.33981481481481485 0.0546875 0.14074074074074075
1 0.85703125 0.1925925925925926 0.04114583333333333 0.09444444444444444
1 0.7822916666666666 0.1537037037037037 0.03854166666666667 0.09074074074074075
1 0.65703125 0.14814814814814814 0.0328125 0.07592592592592592
