1 0.4114583333333333 0.5958333333333333 0.03854166666666667 0.19166666666666668
1 0.44921875 0.5726851851851852 0.025520833333333333 0.18981481481481483
1 0.47161458333333334 0.43333333333333335 0.04635416666666667 0.10185185185185186
1 0.45703125 0.3212962962962963 0.044270833333333336 0.10555555555555556
1 0.59375 0.47361111111111115 0.058333333333333334 0.1712962962962963
1 0.7125 0.41805555555555557 0.027083333333333334 0.13611111111111113
1 0.69765625 0.2976851851851852 0.021354166666666667 0.09722222222222222
1 0.7239583333333334 0.28564814814814815 0.019791666666666666 0.08055555555555556
1 0.66171875 0.23148148148148148 0.0234375 0.06481481481481481
1 0.7502604166666667 0.2337962962962963 0.03697916666666667 0.09351851851851853
1 0.7822916666666666 0.27731481481481485 0.027083333333333334 0.09722222222222222
1 0.8111979166666666 0.2199074074074074 0.034895833333333334 0.0712962962962963
1 0.85703125 0.3402777777777778 0.044270833333333336 0.09907407407407408
1 0.9794270833333333 0.33564814814814814 0.03697916666666667 0.08611111111111111
