1 0.31223958333333335 0.4416666666666667 0.0234375 0.0925925925925926
1 0.3442708333333333 0.5425925925925926 0.040625 0.12962962962962962
1 0.35703125 0.5 0.034895833333333334 0.12037037037037038
1 0.3919270833333333 0.5203703703703704 0.027604166666666666 0.12222222222222223
1 0.49973958333333335 0.5805555555555556 0.05260416666666667 0.14074074074074075
1 0.66484375 0.4601851851851852 0.04114583333333333 0.10185185185185186
1 0.7221354166666667 0.42592592592592593 0.04635416666666667 0.08333333333333334
1 0.7791666666666667 0.44351851851851853 0.04479166666666667 0.0925925925925926
1 0.5122395833333333 0.4083333333333333 0.034895833333333334 0.11111111111111112
1 0.48723958333333334 0.4 0.034895833333333334 0.09444444444444444
1 0.46484375 0.37222222222222223 0.0328125 0.07592592592592592
1 0.5375 0.3787037037037037 0.015625 0.05740740740740741
1 0.55625 0.35833333333333334 0.029166666666666667 0.07777777777777778
