1 0.34713541666666664 0.576388888888889 0.06197916666666667 0.2657407407407408
1 0.41822916666666665 0.5101851851851852 0.036458333333333336 0.14074074074074075
1 0.4705729166666667 0.5393518518518519 0.0484375 0.10833333333333334
1 0.5822916666666667 0.5421296296296296 0.05416666666666667 0.19166666666666668
1 0.6346354166666667 0.6138888888888889 0.0734375 0.31666666666666665
1 0.7463541666666667 0.5263888888888889 0.06041666666666667 0.13055555555555556
1 0.8841145833333334 0.6222222222222222 0.06822916666666666 0.25
1 0.9684895833333333 0.6125 0.06197916666666667 0.21574074074074076
1 0.25234375 0.5837962962962964 0.06197916666666667 0.23055555555555557
1 0.12786458333333334 0.575462962962963 0.057812499999999996 0.20462962962962963
