1 0.19765625 0.5814814814814815 0.06197916666666667 0.23703703703703705
1 0.2833333333333333 0.5810185185185185 0.05416666666666667 0.24351851851851852
1 0.340625 0.524537037037037 0.06041666666666667 0.17685185185185187
1 0.5190104166666667 0.525 0.0484375 0.16296296296296298
1 0.5713541666666666 0.5541666666666667 0.029166666666666667 0.2101851851851852
1 0.6190104166666667 0.6245370370370371 0.06614583333333333 0.31574074074074077
1 0.6979166666666666 0.5180555555555556 0.05625 0.15462962962962964
1 0.78125 0.612037037037037 0.04479166666666667 0.26481481481481484
1 0.8880208333333334 0.6185185185185186 0.05625 0.24444444444444446
1 0.45989583333333334 0.5435185185185185 0.065625 0.08703703703703704
