1 0.3346354166666667 0.7393518518518519 0.07552083333333333 0.18796296296296297
1 0.40338541666666666 0.763888888888889 0.050520833333333334 0.18333333333333335
1 0.4239583333333333 0.6680555555555556 0.06041666666666667 0.1675925925925926
1 0.45989583333333334 0.5675925925925926 0.042708333333333334 0.13518518518518519
1 0.43359375 0.45972222222222225 0.0484375 0.11203703703703705
1 0.5947916666666666 0.6037037037037037 0.05625 0.14444444444444446
1 0.6229166666666667 0.5291666666666667 0.042708333333333334 0.12314814814814816
1 0.65703125 0.4310185185185185 0.04114583333333333 0.09351851851851853
1 0.628125 0.3819444444444445 0.029166666666666667 0.07314814814814816
1 0.6833333333333333 0.42453703703703705 0.03125 0.07685185185185185
1 0.70546875 0.40370370370370373 0.0328125 0.08888888888888889
1 0.7520833333333333 0.3662037037037037 0.029166666666666667 0.05648148148148149
1 0.8065104166666667 0.46944444444444444 0.0484375 0.10740740740740741
1 0.9221354166666667 0.4625 0.030729166666666665 0.08796296296296297
1 0.9888020833333333 0.4935185185185185 0.021354166666666667 0.11851851851851852
