1 0.4044270833333333 0.762962962962963 0.05260416666666667 0.14074074074074075
1 0.48046875 0.6578703703703704 0.0484375 0.13425925925925927
1 0.59296875 0.8050925925925926 0.059895833333333336 0.16018518518518518
1 0.6705729166666666 0.4 0.03697916666666667 0.07407407407407407
1 0.584375 0.3490740740740741 0.03125 0.06481481481481481
1 0.6317708333333333 0.29305555555555557 0.025 0.04351851851851852
1 0.54921875 0.27546296296296297 0.027604166666666666 0.0638888888888889
1 0.60859375 0.28101851851851856 0.025520833333333333 0.05648148148148149
1 0.5125 0.33842592592592596 0.015625 0.058333333333333334
1 0.5122395833333333 0.2763888888888889 0.0234375 0.05092592592592593
1 0.4171875 0.3851851851851852 0.022916666666666665 0.07222222222222223
1 0.45598958333333334 0.2523148148148148 0.0234375 0.04537037037037037
1 0.38619791666666664 0.28240740740740744 0.027604166666666666 0.053703703703703705
1 0.30963541666666666 0.2652777777777778 0.021354166666666667 0.04351851851851852
1 0.4513020833333333 0.21064814814814817 0.021354166666666667 0.03425925925925926
