1 0.28802083333333334 0.4481481481481482 0.03333333333333333 0.08518518518518518
1 0.3203125 0.5546296296296297 0.042708333333333334 0.12592592592592594
1 0.3578125 0.549074074074074 0.040625 0.12037037037037038
1 0.37447916666666664 0.5143518518518518 0.03125 0.11388888888888889
1 0.47265625 0.5833333333333334 0.05260416666666667 0.1462962962962963
1 0.6638020833333333 0.4513888888888889 0.04635416666666667 0.08796296296296297
1 0.7192708333333333 0.42824074074074076 0.029166666666666667 0.07685185185185185
1 0.7822916666666666 0.4467592592592593 0.03854166666666667 0.08425925925925926
1 0.5268229166666667 0.3837962962962963 0.0171875 0.08425925925925926
1 0.5502604166666667 0.3513888888888889 0.021354166666666667 0.07314814814814816
1 0.5015625 0.40740740740740744 0.040625 0.10185185185185186
1 0.4708333333333333 0.3962962962962963 0.029166666666666667 0.09814814814814815
1 0.4609375 0.3717592592592593 0.025 0.06574074074074074
