1 0.32109375 0.5125000000000001 0.0328125 0.1175925925925926
1 0.4114583333333333 0.5375 0.022916666666666665 0.11574074074074074
1 0.3841145833333333 0.4277777777777778 0.0234375 0.07962962962962963
1 0.5502604166666667 0.4078703703703704 0.03697916666666667 0.0787037037037037
1 0.5783854166666667 0.44907407407407407 0.0234375 0.08333333333333334
1 0.5966145833333333 0.3773148148148148 0.03697916666666667 0.0787037037037037
1 0.52578125 0.38472222222222224 0.019270833333333334 0.0787037037037037
1 0.71796875 0.4175925925925926 0.034895833333333334 0.0925925925925926
1 0.6791666666666667 0.4625 0.027083333333333334 0.09537037037037037
1 0.8111979166666666 0.42685185185185187 0.050520833333333334 0.08703703703703704
1 0.56875 0.6106481481481482 0.05416666666666667 0.15462962962962964
