1 0.18697916666666667 0.600925925925926 0.05625 0.26666666666666666
1 0.26484375 0.5370370370370371 0.06822916666666666 0.1814814814814815
1 0.3763020833333333 0.5305555555555556 0.06614583333333333 0.10185185185185186
1 0.509375 0.563425925925926 0.05625 0.18611111111111112
1 0.5658854166666667 0.6435185185185185 0.0796875 0.29814814814814816
1 0.6182291666666666 0.5263888888888889 0.040625 0.1287037037037037
1 0.5841145833333333 0.5300925925925926 0.04635416666666667 0.13611111111111113
1 0.67265625 0.6282407407407408 0.059895833333333336 0.24537037037037038
1 0.8143229166666667 0.6212962962962963 0.059895833333333336 0.21851851851851853
1 0.109375 0.5898148148148148 0.06041666666666667 0.22777777777777777
