1 0.396875 0.6273148148148149 0.040625 0.2101851851851852
1 0.44427083333333334 0.6018518518518519 0.05416666666666667 0.16111111111111112
1 0.42682291666666666 0.5745370370370371 0.0390625 0.18055555555555555
1 0.4744791666666667 0.45555555555555555 0.036458333333333336 0.13148148148148148
1 0.453125 0.3472222222222222 0.025 0.10185185185185186
1 0.6125 0.49722222222222223 0.040625 0.15185185185185185
1 0.6677083333333333 0.41620370370370374 0.035416666666666666 0.1287037037037037
1 0.6763020833333333 0.32083333333333336 0.0328125 0.09166666666666667
1 0.6473958333333333 0.2574074074074074 0.029166666666666667 0.07962962962962963
1 0.7065104166666667 0.3055555555555556 0.0390625 0.08333333333333334
1 0.740625 0.28564814814814815 0.025 0.13796296296296298
1 0.7901041666666666 0.24537037037037038 0.027083333333333334 0.06481481481481481
1 0.8346354166666666 0.3560185185185185 0.0234375 0.11944444444444445
1 0.94921875 0.3592592592592593 0.057812499999999996 0.11481481481481481
