0 0.70859375 0.5476851851851852 0.034895833333333334 0.04351851851851852
1 0.75703125 0.7162037037037037 0.06197916666666667 0.2564814814814815
1 0.8463541666666666 0.5643518518518519 0.08541666666666667 0.23611111111111113
1 0.5958333333333333 0.6152777777777778 0.078125 0.2064814814814815
1 0.5872395833333334 0.43333333333333335 0.03697916666666667 0.18333333333333335
1 0.465625 0.45925925925925926 0.058333333333333334 0.16666666666666669
1 0.24348958333333334 0.7384259259259259 0.0640625 0.24351851851851852
1 0.23854166666666665 0.5263888888888889 0.065625 0.19166666666666668
1 0.6015625 0.33240740740740743 0.07395833333333333 0.16296296296296298
1 0.9416666666666667 0.3902777777777778 0.058333333333333334 0.18796296296296297
