0 0.7588541666666666 0.637962962962963 0.03854166666666667 0.031481481481481485
1 0.7619791666666667 0.7907407407407407 0.071875 0.24074074074074076
1 0.7578125 0.5856481481481481 0.09895833333333333 0.20277777777777778
1 0.6997395833333333 0.500925925925926 0.07135416666666666 0.17962962962962964
1 0.6356770833333333 0.4981481481481482 0.08697916666666666 0.1851851851851852
1 0.5783854166666667 0.5777777777777778 0.0734375 0.25
1 0.48020833333333335 0.6620370370370371 0.0875 0.24074074074074076
1 0.46197916666666666 0.3814814814814815 0.08125 0.20925925925925926
1 0.6182291666666666 0.28425925925925927 0.040625 0.1462962962962963
1 0.18307291666666667 0.45555555555555555 0.0640625 0.15555555555555556
1 0.8919270833333334 0.287962962962963 0.0484375 0.17222222222222222
