1 0.23645833333333333 0.7444444444444445 0.10104166666666667 0.26296296296296295
1 0.5947916666666666 0.5337962962962963 0.07604166666666666 0.22314814814814815
1 0.65390625 0.5643518518518519 0.050520833333333334 0.2138888888888889
1 0.6481770833333333 0.46296296296296297 0.06614583333333333 0.1851851851851852
1 0.85390625 0.47824074074074074 0.050520833333333334 0.19166666666666668
1 0.96953125 0.7064814814814815 0.059895833333333336 0.23333333333333334
1 0.47161458333333334 0.437962962962963 0.050520833333333334 0.17037037037037037
1 0.19010416666666666 0.46481481481481485 0.08958333333333333 0.20925925925925926
1 0.5434895833333333 0.3 0.0390625 0.15185185185185185
0 0.8278645833333333 0.5666666666666667 0.03697916666666667 0.02962962962962963
