1 0.225 0.5277777777777778 0.10833333333333334 0.12592592592592594
1 0.45234375 0.6981481481481482 0.07760416666666667 0.21666666666666667
1 0.496875 0.5527777777777778 0.06979166666666667 0.17037037037037037
1 0.52109375 0.39675925925925926 0.07552083333333333 0.17685185185185187
1 0.5890625 0.31203703703703706 0.052083333333333336 0.14074074074074075
1 0.6533854166666666 0.5162037037037037 0.0640625 0.1953703703703704
1 0.8260416666666667 0.6199074074074075 0.06770833333333333 0.1712962962962963
1 0.8096354166666666 0.5180555555555556 0.06614583333333333 0.19166666666666668
1 0.6182291666666666 0.7560185185185185 0.09895833333333333 0.22870370370370371
0 0.7723958333333333 0.537962962962963 0.03125 0.03333333333333333
