0 0.8627604166666667 0.5583333333333333 0.0328125 0.022222222222222223
1 0.8890625 0.4851851851851852 0.058333333333333334 0.19444444444444445
1 0.6432291666666666 0.47500000000000003 0.05625 0.1962962962962963
1 0.5861979166666667 0.525462962962963 0.06614583333333333 0.2101851851851852
1 0.5434895833333333 0.5435185185185185 0.0734375 0.2388888888888889
1 0.425 0.47175925925925927 0.078125 0.18796296296296297
1 0.17942708333333332 0.487962962962963 0.07552083333333333 0.20925925925925926
1 0.1609375 0.8250000000000001 0.11666666666666667 0.2962962962962963
1 0.5153645833333333 0.29583333333333334 0.0640625 0.1638888888888889
1 0.7270833333333333 0.3194444444444445 0.071875 0.17037037037037037
