0 0.7979166666666666 0.5652777777777778 0.03125 0.030555555555555558
1 0.7989583333333333 0.7046296296296296 0.05625 0.2240740740740741
1 0.8075520833333333 0.4851851851851852 0.06197916666666667 0.20185185185185187
1 0.7151041666666667 0.5592592592592592 0.071875 0.2240740740740741
1 0.6356770833333333 0.4842592592592593 0.04114583333333333 0.2
1 0.5880208333333333 0.5592592592592592 0.06979166666666667 0.21296296296296297
1 0.48125 0.4115740740740741 0.08125 0.18796296296296297
1 0.54921875 0.29120370370370374 0.057812499999999996 0.15833333333333333
1 0.196875 0.48333333333333334 0.09895833333333333 0.1814814814814815
1 0.33880208333333334 0.6958333333333334 0.0640625 0.25092592592592594
