1 0.2513020833333333 0.7527777777777778 0.07552083333333333 0.26666666666666666
1 0.5239583333333333 0.6569444444444444 0.11666666666666667 0.22314814814814815
1 0.765625 0.6981481481481482 0.09895833333333333 0.2888888888888889
1 0.9356770833333333 0.612037037037037 0.11302083333333333 0.22962962962962963
1 0.5541666666666667 0.4625 0.071875 0.17314814814814816
1 0.6075520833333333 0.45416666666666666 0.0390625 0.1564814814814815
1 0.57734375 0.3277777777777778 0.0484375 0.12407407407407407
1 0.44036458333333334 0.46990740740740744 0.06197916666666667 0.20277777777777778
1 0.2453125 0.525 0.06770833333333333 0.17777777777777778
0 0.6356770833333333 0.4967592592592593 0.05260416666666667 0.028703703703703703
