1 0.9114583333333334 0.3041666666666667 0.09895833333333333 0.20277777777777778
1 0.596875 0.3050925925925926 0.08333333333333333 0.1638888888888889
1 0.4901041666666667 0.3768518518518519 0.06041666666666667 0.18703703703703706
1 0.20078125 0.47314814814814815 0.08385416666666666 0.15185185185185185
1 0.45208333333333334 0.675 0.058333333333333334 0.22777777777777777
1 0.5171875 0.5694444444444444 0.09166666666666666 0.2537037037037037
1 0.63203125 0.5060185185185185 0.0640625 0.17314814814814816
1 0.7453125 0.49768518518518523 0.06979166666666667 0.16203703703703703
1 0.7822916666666666 0.6111111111111112 0.065625 0.24074074074074076
1 0.68125 0.7421296296296297 0.07395833333333333 0.23425925925925928
0 0.7296875 0.5814814814814815 0.042708333333333334 0.04259259259259259
