1 0.30078125 0.9439814814814815 0.08177083333333333 0.10833333333333334
1 0.34348958333333335 0.6106481481481482 0.07760416666666667 0.22685185185185186
1 0.44921875 0.7069444444444445 0.0640625 0.2490740740740741
1 0.44817708333333334 0.4712962962962963 0.0890625 0.17407407407407408
1 0.53359375 0.37592592592592594 0.09322916666666667 0.17777777777777778
1 0.3833333333333333 0.3550925925925926 0.08333333333333333 0.14907407407407408
1 0.6075520833333333 0.576388888888889 0.050520833333333334 0.20462962962962963
1 0.8861979166666667 0.5277777777777778 0.0796875 0.22222222222222224
1 0.08046875 0.4240740740740741 0.0953125 0.1851851851851852
0 0.3684895833333333 0.3236111111111111 0.034895833333333334 0.028703703703703703
