1 0.52109375 0.7689814814814815 0.09114583333333333 0.19907407407407407
1 0.41041666666666665 0.5907407407407408 0.071875 0.19814814814814816
1 0.5104166666666666 0.49768518518518523 0.07395833333333333 0.18796296296296297
1 0.7200520833333334 0.5458333333333334 0.06614583333333333 0.2064814814814815
1 0.9093749999999999 0.5865740740740741 0.08333333333333333 0.20277777777777778
1 0.70859375 0.3564814814814815 0.0890625 0.15925925925925927
1 0.7588541666666666 0.2925925925925926 0.058333333333333334 0.12962962962962962
1 0.6143229166666666 0.22222222222222224 0.04114583333333333 0.12592592592592594
1 0.37447916666666664 0.46574074074074073 0.065625 0.16666666666666669
1 0.26484375 0.4671296296296297 0.10677083333333333 0.19722222222222224
