0 0.6395833333333333 0.7097222222222223 0.04479166666666667 0.03425925925925926
1 0.8484375 0.5601851851851852 0.05416666666666667 0.20555555555555557
1 0.70078125 0.5388888888888889 0.06614583333333333 0.1814814814814815
1 0.6638020833333333 0.3560185185185185 0.0390625 0.15833333333333333
1 0.7502604166666667 0.28703703703703703 0.0484375 0.11851851851851852
1 0.49192708333333335 0.4800925925925926 0.06822916666666666 0.19351851851851853
1 0.38307291666666665 0.5342592592592593 0.0640625 0.14444444444444446
1 0.28020833333333334 0.4689814814814815 0.06770833333333333 0.1712962962962963
1 0.22890625 0.437962962962963 0.07760416666666667 0.1574074074074074
1 0.6026041666666666 0.8199074074074074 0.071875 0.23981481481481481
