0 0.5666666666666667 0.7972222222222223 0.03854166666666667 0.02592592592592593
1 0.5502604166666667 0.7125 0.0328125 0.23055555555555557
1 0.5046875 0.6699074074074074 0.08541666666666667 0.17685185185185187
1 0.4901041666666667 0.5592592592592592 0.071875 0.20185185185185187
1 0.5591145833333333 0.4324074074074074 0.06614583333333333 0.17222222222222222
1 0.6541666666666667 0.40092592592592596 0.0625 0.18703703703703706
1 0.7356770833333334 0.5796296296296296 0.04635416666666667 0.18703703703703706
1 0.61328125 0.31342592592592594 0.050520833333333334 0.13796296296296298
1 0.6114583333333333 0.23657407407407408 0.058333333333333334 0.13611111111111113
1 0.325 0.44722222222222224 0.07916666666666666 0.15925925925925927
