1 0.5268229166666667 0.737962962962963 0.0796875 0.17962962962962964
1 0.44453125 0.6912037037037038 0.06197916666666667 0.1824074074074074
1 0.509375 0.5467592592592593 0.07604166666666666 0.1527777777777778
1 0.4940104166666667 0.44537037037037036 0.0640625 0.17777777777777778
1 0.7171875 0.3814814814814815 0.06770833333333333 0.1537037037037037
1 0.72109375 0.3060185185185185 0.03697916666666667 0.1175925925925926
1 0.63359375 0.25277777777777777 0.0484375 0.12222222222222223
1 0.3247395833333333 0.46064814814814814 0.0640625 0.15462962962962964
1 0.7377604166666667 0.5671296296296297 0.06197916666666667 0.17685185185185187
0 0.58125 0.7902777777777779 0.04479166666666667 0.032407407407407406
