1 0.140625 0.4527777777777778 0.06041666666666667 0.17222222222222222
1 0.19765625 0.4740740740740741 0.0390625 0.20555555555555557
1 0.3734375 0.5189814814814815 0.071875 0.18611111111111112
1 0.4453125 0.46574074074074073 0.06770833333333333 0.17592592592592593
1 0.58046875 0.34490740740740744 0.1046875 0.18055555555555555
1 0.7125 0.27083333333333337 0.058333333333333334 0.13611111111111113
1 0.4434895833333333 0.2162037037037037 0.044270833333333336 0.13055555555555556
1 0.6716145833333333 0.500925925925926 0.057812499999999996 0.1814814814814815
1 0.7940104166666666 0.5546296296296297 0.0390625 0.19444444444444445
1 0.7317708333333334 0.8027777777777778 0.1125 0.22037037037037038
0 0.7716145833333333 0.6217592592592592 0.04114583333333333 0.036111111111111115
