1 0.5716145833333334 0.5675925925925926 0.0640625 0.18333333333333335
1 0.8268229166666666 0.6805555555555556 0.07760416666666667 0.2
1 0.9364583333333333 0.7037037037037037 0.071875 0.1962962962962963
1 0.853125 0.38472222222222224 0.09479166666666666 0.1638888888888889
1 0.46380208333333334 0.41250000000000003 0.06614583333333333 0.1638888888888889
1 0.20260416666666667 0.3611111111111111 0.052083333333333336 0.17407407407407408
1 0.12578125 0.6013888888888889 0.034895833333333334 0.21574074074074076
1 0.08619791666666667 0.45972222222222225 0.0328125 0.18425925925925926
1 0.5065104166666666 0.2606481481481482 0.034895833333333334 0.12685185185185185
0 0.5716145833333334 0.6138888888888889 0.0328125 0.016666666666666666
