1 0.73671875 0.6462962962962964 0.13385416666666666 0.3314814814814815
1 0.5229166666666667 0.6546296296296297 0.06041666666666667 0.20185185185185187
1 0.44140625 0.701388888888889 0.10260416666666666 0.23981481481481481
1 0.39010416666666664 0.6393518518518518 0.042708333333333334 0.14907407407407408
1 0.3268229166666667 0.6486111111111111 0.0640625 0.20833333333333334
1 0.2630208333333333 0.6615740740740741 0.05625 0.24722222222222223
1 0.18333333333333332 0.7083333333333334 0.09895833333333333 0.32962962962962966
1 0.07057291666666667 0.6328703703703704 0.07552083333333333 0.18796296296296297
1 0.13255208333333332 0.6268518518518519 0.0796875 0.2111111111111111
0 0.41822916666666665 0.7824074074074074 0.052083333333333336 0.04259259259259259
