0 0.15208333333333332 0.33333333333333337 0.03333333333333333 0.011111111111111112
1 0.7794270833333333 0.6282407407407408 0.12239583333333333 0.3287037037037037
1 0.7036458333333333 0.47314814814814815 0.121875 0.27592592592592596
1 0.59375 0.35370370370370374 0.07395833333333333 0.17407407407407408
1 0.8385416666666666 0.32916666666666666 0.10104166666666667 0.1953703703703704
1 0.9588541666666667 0.2935185185185185 0.08125 0.15555555555555556
1 0.5171875 0.2587962962962963 0.06770833333333333 0.13425925925925927
1 0.45338541666666665 0.2574074074074074 0.0640625 0.11481481481481481
1 0.39010416666666664 0.6361111111111112 0.12395833333333334 0.37962962962962965
1 0.10755208333333333 0.2962962962962963 0.03697916666666667 0.1277777777777778
