0 0.4627604166666667 0.7768518518518519 0.0484375 0.04259259259259259
1 0.7541666666666667 0.6717592592592593 0.11041666666666666 0.23796296296296296
1 0.5190104166666667 0.6643518518518519 0.0953125 0.3027777777777778
1 0.5296875 0.6467592592592593 0.06979166666666667 0.20833333333333334
1 0.38125 0.6412037037037037 0.04895833333333333 0.14907407407407408
1 0.3268229166666667 0.6287037037037038 0.07552083333333333 0.20740740740740743
1 0.25703125 0.6657407407407407 0.0796875 0.24814814814814815
1 0.196875 0.7425925925925926 0.1375 0.31666666666666665
1 0.1375 0.6291666666666667 0.08541666666666667 0.23425925925925928
1 0.06953125 0.6439814814814815 0.08177083333333333 0.14907407407407408
