1 0.15234375 0.41805555555555557 0.0796875 0.2138888888888889
1 0.10364583333333333 0.23935185185185187 0.06041666666666667 0.10648148148148148
1 0.2677083333333333 0.2175925925925926 0.058333333333333334 0.1277777777777778
1 0.3015625 0.2199074074074074 0.04479166666666667 0.11018518518518519
1 0.3859375 0.23842592592592593 0.042708333333333334 0.08611111111111111
1 0.4239583333333333 0.2935185185185185 0.04479166666666667 0.15555555555555556
1 0.5046875 0.24583333333333335 0.042708333333333334 0.10277777777777779
1 0.66484375 0.23148148148148148 0.044270833333333336 0.13333333333333333
1 0.7541666666666667 0.3277777777777778 0.09479166666666666 0.22777777777777777
1 0.9580729166666666 0.3541666666666667 0.07552083333333333 0.1527777777777778
