1 0.29791666666666666 0.31574074074074077 0.06770833333333333 0.1574074074074074
1 0.3911458333333333 0.2490740740740741 0.04479166666666667 0.12407407407407407
1 0.5453125 0.3337962962962963 0.042708333333333334 0.19722222222222224
1 0.5947916666666666 0.3125 0.04479166666666667 0.16574074074074074
1 0.49895833333333334 0.23148148148148148 0.042708333333333334 0.12407407407407407
1 0.7890625 0.3023148148148148 0.06458333333333333 0.17314814814814816
1 0.9377604166666667 0.26435185185185184 0.050520833333333334 0.10648148148148148
1 0.978125 0.31851851851851853 0.042708333333333334 0.14814814814814814
1 0.12213541666666666 0.25092592592592594 0.04635416666666667 0.13148148148148148
1 0.1453125 0.22777777777777777 0.05416666666666667 0.12407407407407407
1 0.02109375 0.5148148148148148 0.0390625 0.26666666666666666
