0 0.3377604166666667 0.2972222222222222 0.034895833333333334 0.031481481481481485
1 0.47161458333333334 0.6435185185185185 0.1046875 0.3277777777777778
1 0.92578125 0.5314814814814816 0.10885416666666667 0.29074074074074074
1 0.7705729166666666 0.33333333333333337 0.050520833333333334 0.15925925925925927
1 0.59765625 0.31342592592592594 0.06197916666666667 0.1527777777777778
1 0.39869791666666665 0.25833333333333336 0.05260416666666667 0.12962962962962962
1 0.9627604166666667 0.2601851851851852 0.034895833333333334 0.09814814814814815
1 0.94921875 0.8805555555555555 0.10052083333333334 0.2388888888888889
1 0.16692708333333334 0.31851851851851853 0.06614583333333333 0.14074074074074075
1 0.26953125 0.2550925925925926 0.050520833333333334 0.11944444444444445
