1 0.19479166666666667 0.41712962962962963 0.05625 0.23055555555555557
1 0.05234375 0.3976851851851852 0.06614583333333333 0.18796296296296297
1 0.023177083333333334 0.2884259259259259 0.0390625 0.14907407407407408
1 0.153125 0.2657407407407408 0.05416666666666667 0.09814814814814815
1 0.19583333333333333 0.27083333333333337 0.035416666666666666 0.10462962962962963
1 0.2669270833333333 0.2898148148148148 0.03697916666666667 0.11296296296296297
1 0.36875 0.3050925925925926 0.03854166666666667 0.13611111111111113
1 0.4890625 0.300462962962963 0.0625 0.1675925925925926
1 0.83671875 0.2777777777777778 0.050520833333333334 0.13148148148148148
0 0.153125 0.3226851851851852 0.035416666666666666 0.036111111111111115
