1 0.2747395833333333 0.3300925925925926 0.0640625 0.14166666666666666
1 0.25390625 0.27222222222222225 0.050520833333333334 0.13333333333333333
1 0.29375 0.23564814814814816 0.040625 0.09907407407407408
1 0.38515625 0.24444444444444446 0.044270833333333336 0.1277777777777778
1 0.4708333333333333 0.2625 0.05625 0.11944444444444445
1 0.48333333333333334 0.21203703703703705 0.027083333333333334 0.08703703703703704
1 0.5200520833333333 0.2175925925925926 0.034895833333333334 0.07592592592592592
1 0.5716145833333334 0.31527777777777777 0.06822916666666666 0.1564814814814815
1 0.6541666666666667 0.27083333333333337 0.0625 0.11018518518518519
1 0.8171875 0.325 0.0625 0.15
1 0.14244791666666667 0.23333333333333334 0.059895833333333336 0.10370370370370371
0 0.48828125 0.2949074074074074 0.0640625 0.03425925925925926
