1 0.7221354166666667 0.34305555555555556 0.0734375 0.17314814814814816
1 0.75390625 0.2657407407407408 0.0484375 0.10370370370370371
1 0.9299479166666667 0.35324074074074074 0.07760416666666667 0.1564814814814815
1 0.39088541666666665 0.26481481481481484 0.05260416666666667 0.10740740740740741
1 0.35703125 0.24629629629629632 0.0546875 0.11296296296296297
1 0.2908854166666667 0.22175925925925927 0.06197916666666667 0.1398148148148148
1 0.253125 0.30462962962962964 0.071875 0.1537037037037037
1 0.15989583333333332 0.2851851851851852 0.04895833333333333 0.11851851851851852
1 0.14348958333333334 0.23842592592592593 0.04635416666666667 0.10648148148148148
1 0.5018229166666667 0.19490740740740742 0.0640625 0.13611111111111113
1 0.46015625 0.22268518518518518 0.034895833333333334 0.06759259259259259
1 0.44140625 0.21666666666666667 0.0484375 0.08703703703703704
0 0.49296875 0.25092592592592594 0.034895833333333334 0.018518518518518517
