0 0.29192708333333334 0.3087962962962963 0.0328125 0.026851851851851852
1 0.5783854166666667 0.8587962962962963 0.1359375 0.28240740740740744
1 0.48515625 0.6490740740740741 0.07760416666666667 0.3574074074074074
1 0.9104166666666667 0.4810185185185185 0.09270833333333334 0.3138888888888889
1 0.7190104166666667 0.3421296296296296 0.07552083333333333 0.1675925925925926
1 0.64453125 0.3055555555555556 0.06197916666666667 0.16666666666666669
1 0.3919270833333333 0.2449074074074074 0.04635416666666667 0.11944444444444445
1 0.3424479166666667 0.26944444444444443 0.0484375 0.11111111111111112
1 0.17265625 0.2962962962962963 0.04635416666666667 0.12592592592592594
1 0.9182291666666667 0.23472222222222222 0.042708333333333334 0.09722222222222222
