0 0.521875 0.29814814814814816 0.027083333333333334 0.02962962962962963
1 0.49973958333333335 0.24629629629629632 0.044270833333333336 0.13148148148148148
1 0.40859375 0.23981481481481481 0.0328125 0.10185185185185186
1 0.3260416666666667 0.32685185185185184 0.07395833333333333 0.16296296296296298
1 0.29375 0.274537037037037 0.04479166666666667 0.1398148148148148
1 0.13489583333333333 0.23101851851851854 0.05625 0.125
1 0.5919270833333333 0.29074074074074074 0.0703125 0.14444444444444446
1 0.6627604166666666 0.2740740740740741 0.0484375 0.0962962962962963
1 0.7940104166666666 0.3226851851851852 0.06197916666666667 0.12314814814814816
1 0.5630208333333333 0.20601851851851852 0.058333333333333334 0.10833333333333334
1 0.9473958333333333 0.362962962962963 0.08958333333333333 0.16666666666666669
