1 0.21432291666666667 0.4310185185185185 0.09114583333333333 0.2175925925925926
1 0.36276041666666664 0.675 0.1203125 0.3851851851851852
1 0.55703125 0.37777777777777777 0.0859375 0.20185185185185187
1 0.46953125 0.29953703703703705 0.06197916666666667 0.16574074074074074
1 0.7356770833333334 0.4189814814814815 0.0890625 0.22314814814814815
1 0.7122395833333334 0.3060185185185185 0.07760416666666667 0.14166666666666666
1 0.7822916666666666 0.3472222222222222 0.05416666666666667 0.11481481481481481
1 0.9674479166666666 0.43333333333333335 0.0640625 0.2611111111111111
1 0.825 0.3416666666666667 0.05 0.16111111111111112
1 0.10546875 0.2847222222222222 0.06822916666666666 0.1527777777777778
1 0.015104166666666667 0.4990740740740741 0.027083333333333334 0.21296296296296297
