1 0.2484375 0.3800925925925926 0.058333333333333334 0.20833333333333334
1 0.253125 0.23148148148148148 0.052083333333333336 0.10370370370370371
1 0.02005208333333333 0.32083333333333336 0.03697916666666667 0.14537037037037037
1 0.05911458333333333 0.23240740740740742 0.03697916666666667 0.08703703703703704
1 0.39088541666666665 0.22314814814814815 0.0484375 0.0962962962962963
1 0.8591145833333333 0.3560185185185185 0.05260416666666667 0.15833333333333333
1 0.8989583333333333 0.3675925925925926 0.058333333333333334 0.20370370370370372
1 0.7901041666666666 0.2490740740740741 0.046875 0.11481481481481481
1 0.484375 0.27870370370370373 0.040625 0.13518518518518519
1 0.56171875 0.25092592592592594 0.0640625 0.10740740740740741
1 0.44635416666666666 0.23564814814814816 0.05 0.10833333333333334
0 0.42890625 0.26203703703703707 0.0234375 0.02592592592592593
