1 0.3765625 0.3462962962962963 0.042708333333333334 0.17222222222222222
1 0.409375 0.25601851851851853 0.042708333333333334 0.11203703703703705
1 0.4609375 0.22870370370370371 0.040625 0.11666666666666667
1 0.5075520833333333 0.24814814814814815 0.05260416666666667 0.11851851851851852
1 0.57265625 0.2175925925925926 0.0546875 0.11851851851851852
1 0.5958333333333333 0.28240740740740744 0.046875 0.12222222222222223
1 0.6986979166666667 0.2851851851851852 0.050520833333333334 0.11296296296296297
1 0.7627604166666666 0.3111111111111111 0.04635416666666667 0.14444444444444446
1 0.28515625 0.3101851851851852 0.0390625 0.14444444444444446
1 0.2591145833333333 0.24166666666666667 0.0328125 0.10925925925925926
1 0.1015625 0.24027777777777778 0.04479166666666667 0.11018518518518519
1 0.92421875 0.36203703703703705 0.050520833333333334 0.14074074074074075
