0 0.4549479166666667 0.27222222222222225 0.05260416666666667 0.02592592592592593
1 0.9666666666666667 0.3791666666666667 0.0625 0.17685185185185187
1 0.8104166666666667 0.34351851851851856 0.06041666666666667 0.17407407407407408
1 0.58515625 0.3226851851851852 0.0640625 0.16944444444444445
1 0.6502604166666667 0.2490740740740741 0.06197916666666667 0.1277777777777778
1 0.38984375 0.26805555555555555 0.050520833333333334 0.12685185185185185
1 0.32109375 0.24305555555555555 0.04114583333333333 0.12685185185185185
1 0.225 0.32546296296296295 0.05416666666666667 0.14537037037037037
1 0.24739583333333334 0.2351851851851852 0.040625 0.11296296296296297
1 0.1734375 0.2800925925925926 0.05625 0.13425925925925927
1 0.10260416666666666 0.2351851851851852 0.05416666666666667 0.12592592592592594
