0 0.46380208333333334 0.549074074074074 0.04635416666666667 0.04814814814814815
1 0.2708333333333333 0.5875 0.11458333333333333 0.2675925925925926
1 0.20260416666666667 0.38333333333333336 0.06041666666666667 0.17037037037037037
1 0.06770833333333333 0.36574074074074076 0.08958333333333333 0.2240740740740741
1 0.14322916666666666 0.25925925925925924 0.058333333333333334 0.15185185185185185
1 0.22786458333333334 0.28194444444444444 0.03697916666666667 0.11203703703703705
1 0.37838541666666664 0.3597222222222222 0.050520833333333334 0.225
1 0.4239583333333333 0.2611111111111111 0.040625 0.14074074074074075
1 0.50546875 0.4800925925925926 0.0953125 0.21203703703703705
1 0.46875 0.4101851851851852 0.06770833333333333 0.17222222222222222
1 0.6559895833333333 0.4375 0.07760416666666667 0.21944444444444444
1 0.7028645833333333 0.2726851851851852 0.034895833333333334 0.1212962962962963
1 0.72890625 0.28101851851851856 0.0328125 0.11944444444444445
1 0.88046875 0.40694444444444444 0.07552083333333333 0.2064814814814815
