0 0.21119791666666665 0.3236111111111111 0.050520833333333334 0.032407407407407406
1 0.6794270833333333 0.6768518518518519 0.11614583333333334 0.3648148148148148
1 0.7841145833333333 0.46574074074074073 0.09739583333333333 0.2740740740740741
1 0.7619791666666667 0.33935185185185185 0.06041666666666667 0.13796296296296298
1 0.6502604166666667 0.34444444444444444 0.09322916666666667 0.20185185185185187
1 0.33177083333333335 0.7412037037037037 0.12083333333333333 0.38796296296296295
1 0.48046875 0.2574074074074074 0.05260416666666667 0.12407407407407407
1 0.43385416666666665 0.2537037037037037 0.06041666666666667 0.1388888888888889
1 0.13463541666666667 0.2800925925925926 0.05260416666666667 0.14351851851851852
1 0.9752604166666666 0.24074074074074076 0.0484375 0.09814814814814815
