1 0.42890625 0.32962962962962966 0.0390625 0.14074074074074075
1 0.39791666666666664 0.28425925925925927 0.042708333333333334 0.11296296296296297
1 0.20729166666666665 0.25601851851851853 0.042708333333333334 0.10277777777777779
1 0.12317708333333333 0.2814814814814815 0.0328125 0.0925925925925926
1 0.6182291666666666 0.3143518518518519 0.04895833333333333 0.15462962962962964
1 0.7638020833333333 0.3648148148148148 0.0484375 0.1685185185185185
1 0.6765625 0.250462962962963 0.04479166666666667 0.10092592592592593
1 0.64453125 0.22314814814814815 0.050520833333333334 0.10555555555555556
1 0.46484375 0.25833333333333336 0.0328125 0.13518518518518519
1 0.43463541666666666 0.23796296296296296 0.030729166666666665 0.08518518518518518
