1 0.365625 0.3592592592592593 0.05625 0.1574074074074074
1 0.34739583333333335 0.2865740740740741 0.058333333333333334 0.1212962962962963
1 0.26588541666666665 0.26296296296296295 0.050520833333333334 0.11111111111111112
1 0.45703125 0.30324074074074076 0.04114583333333333 0.15833333333333333
1 0.3958333333333333 0.28101851851851856 0.046875 0.1564814814814815
1 0.59296875 0.2555555555555556 0.03697916666666667 0.10185185185185186
1 0.6908854166666667 0.24120370370370373 0.0390625 0.08055555555555556
1 0.7317708333333334 0.2564814814814815 0.035416666666666666 0.10370370370370371
1 0.6559895833333333 0.38287037037037036 0.06197916666666667 0.2064814814814815
1 0.7919270833333333 0.3013888888888889 0.06614583333333333 0.1287037037037037
1 0.9645833333333333 0.5060185185185185 0.06979166666666667 0.24722222222222223
