1 0.20833333333333334 0.3675925925925926 0.04479166666666667 0.1814814814814815
1 0.08307291666666666 0.34351851851851856 0.050520833333333334 0.17777777777777778
1 0.3424479166666667 0.2175925925925926 0.05260416666666667 0.11851851851851852
1 0.45598958333333334 0.3055555555555556 0.0390625 0.14074074074074075
1 0.45208333333333334 0.24120370370370373 0.058333333333333334 0.13240740740740742
1 0.609375 0.25277777777777777 0.03854166666666667 0.11851851851851852
1 0.5880208333333333 0.22546296296296298 0.05416666666666667 0.10277777777777779
1 0.6609375 0.25787037037037036 0.03333333333333333 0.125
1 0.7424479166666667 0.32546296296296295 0.05677083333333333 0.17500000000000002
1 0.8026041666666667 0.24166666666666667 0.04479166666666667 0.10925925925925926
1 0.8609375 0.25833333333333336 0.052083333333333336 0.12407407407407407
1 0.93359375 0.39490740740740743 0.04635416666666667 0.19907407407407407
