0 0.3645833333333333 0.2953703703703704 0.027083333333333334 0.02592592592592593
1 0.2947916666666667 0.2925925925925926 0.042708333333333334 0.13333333333333333
1 0.3609375 0.24537037037037038 0.042708333333333334 0.1537037037037037
1 0.3872395833333333 0.2425925925925926 0.021354166666666667 0.13333333333333333
1 0.4317708333333333 0.23750000000000002 0.03333333333333333 0.12314814814814816
1 0.57265625 0.24351851851851852 0.0390625 0.1
1 0.6182291666666666 0.274537037037037 0.04895833333333333 0.14907407407407408
1 0.5434895833333333 0.3550925925925926 0.06197916666666667 0.18055555555555555
1 0.41432291666666665 0.4013888888888889 0.0796875 0.23240740740740742
1 0.7432291666666666 0.2569444444444445 0.042708333333333334 0.11574074074074074
1 0.7755208333333333 0.27870370370370373 0.05625 0.12407407407407407
