1 0.15390625 0.3726851851851852 0.0484375 0.24351851851851852
1 0.2203125 0.41944444444444445 0.071875 0.25925925925925924
1 0.41119791666666666 0.32407407407407407 0.07760416666666667 0.17222222222222222
1 0.45416666666666666 0.2449074074074074 0.03854166666666667 0.10648148148148148
1 0.48802083333333335 0.2439814814814815 0.03333333333333333 0.125
1 0.5841145833333333 0.3365740740740741 0.04635416666666667 0.18796296296296297
1 0.6463541666666667 0.26990740740740743 0.042708333333333334 0.12314814814814816
1 0.7424479166666667 0.27222222222222225 0.0484375 0.1462962962962963
1 0.7190104166666667 0.22592592592592595 0.0484375 0.11111111111111112
1 0.7822916666666666 0.3648148148148148 0.05416666666666667 0.1814814814814815
