1 0.45208333333333334 0.2865740740740741 0.03854166666666667 0.1675925925925926
1 0.48333333333333334 0.24166666666666667 0.042708333333333334 0.1388888888888889
1 0.5520833333333334 0.25324074074074077 0.03333333333333333 0.10833333333333334
1 0.59609375 0.22546296296296298 0.050520833333333334 0.08796296296296297
1 0.6388020833333333 0.3180555555555556 0.050520833333333334 0.15092592592592594
1 0.6822916666666666 0.25462962962962965 0.036458333333333336 0.1425925925925926
1 0.7588541666666666 0.26435185185185184 0.046875 0.10092592592592593
1 0.7744791666666666 0.2425925925925926 0.046875 0.12222222222222223
1 0.84921875 0.3805555555555556 0.05260416666666667 0.17407407407407408
1 0.19088541666666667 0.3939814814814815 0.0640625 0.1953703703703704
1 0.13932291666666666 0.3625 0.050520833333333334 0.16203703703703703
