1 0.49192708333333335 0.31851851851851853 0.0640625 0.16296296296296298
1 0.509375 0.4527777777777778 0.07604166666666666 0.20370370370370372
1 0.46484375 0.24212962962962964 0.03697916666666667 0.125
1 0.40078125 0.23981481481481481 0.04114583333333333 0.08703703703703704
1 0.33958333333333335 0.3236111111111111 0.05416666666666667 0.16018518518518518
1 0.353125 0.22916666666666669 0.035416666666666666 0.10833333333333334
1 0.6822916666666666 0.29953703703703705 0.04895833333333333 0.13240740740740742
1 0.65703125 0.2555555555555556 0.05677083333333333 0.11111111111111112
1 0.7580729166666667 0.2740740740740741 0.03697916666666667 0.12407407407407407
1 0.9132812499999999 0.3162037037037037 0.05260416666666667 0.13240740740740742
