1 0.31796875 0.3680555555555556 0.050520833333333334 0.1712962962962963
1 0.24453125 0.2865740740740741 0.050520833333333334 0.1287037037037037
1 0.36302083333333335 0.24583333333333335 0.042708333333333334 0.13055555555555556
1 0.4015625 0.2388888888888889 0.03125 0.10740740740740741
1 0.4861979166666667 0.24537037037037038 0.03697916666666667 0.13148148148148148
1 0.5270833333333333 0.2777777777777778 0.040625 0.14444444444444446
1 0.653125 0.23425925925925928 0.05625 0.1277777777777778
1 0.7044270833333334 0.2518518518518519 0.019270833333333334 0.10925925925925926
1 0.74921875 0.287962962962963 0.04635416666666667 0.11851851851851852
1 0.6697916666666667 0.4083333333333333 0.06979166666666667 0.22592592592592595
0 0.37057291666666664 0.29444444444444445 0.0234375 0.018518518518518517
