1 0.059895833333333336 0.3601851851851852 0.03854166666666667 0.17037037037037037
1 0.22708333333333333 0.3578703703703704 0.07395833333333333 0.19907407407407407
1 0.43463541666666666 0.31342592592592594 0.06614583333333333 0.1675925925925926
1 0.425 0.2388888888888889 0.035416666666666666 0.12962962962962962
1 0.3338541666666667 0.21712962962962964 0.03125 0.09537037037037037
1 0.5979166666666667 0.21851851851851853 0.042708333333333334 0.1
1 0.6453125 0.2611111111111111 0.04479166666666667 0.12407407407407407
1 0.7541666666666667 0.3421296296296296 0.06041666666666667 0.1712962962962963
1 0.7794270833333333 0.2555555555555556 0.06822916666666666 0.13333333333333333
1 0.8919270833333334 0.2675925925925926 0.04114583333333333 0.11296296296296297
1 0.9562499999999999 0.40185185185185185 0.05625 0.18888888888888888
