0 0.36744791666666665 0.29305555555555557 0.021354166666666667 0.021296296296296296
1 0.22604166666666667 0.28564814814814815 0.04479166666666667 0.1287037037037037
1 0.3221354166666667 0.35000000000000003 0.034895833333333334 0.19444444444444445
1 0.36666666666666664 0.2490740740740741 0.03854166666666667 0.15185185185185185
1 0.4036458333333333 0.23425925925925928 0.019791666666666666 0.11666666666666667
1 0.4986979166666667 0.26481481481481484 0.0546875 0.17222222222222222
1 0.6552083333333333 0.40370370370370373 0.06770833333333333 0.21481481481481482
1 0.6861979166666666 0.2513888888888889 0.0484375 0.11388888888888889
1 0.7432291666666666 0.2916666666666667 0.042708333333333334 0.1574074074074074
1 0.8559895833333333 0.23611111111111113 0.0546875 0.08888888888888889
