1 0.14739583333333334 0.28055555555555556 0.03854166666666667 0.1685185185185185
1 0.30755208333333334 0.3 0.059895833333333336 0.15185185185185185
1 0.4153645833333333 0.23796296296296296 0.04635416666666667 0.19444444444444445
1 0.4471354166666667 0.21157407407407408 0.0484375 0.1287037037037037
1 0.5552083333333333 0.37222222222222223 0.058333333333333334 0.17407407407407408
1 0.5375 0.26805555555555555 0.05416666666666667 0.1564814814814815
1 0.625 0.23703703703703705 0.05 0.11851851851851852
1 0.6822916666666666 0.2518518518518519 0.05625 0.08148148148148149
1 0.7286458333333333 0.3277777777777778 0.05625 0.17777777777777778
0 0.4640625 0.2351851851851852 0.042708333333333334 0.024074074074074074
