1 0.3502604166666667 0.3365740740740741 0.04114583333333333 0.1527777777777778
1 0.43645833333333334 0.275 0.058333333333333334 0.1388888888888889
1 0.47942708333333334 0.2523148148148148 0.0390625 0.1212962962962963
1 0.66484375 0.3472222222222222 0.0484375 0.19814814814814816
1 0.6919270833333333 0.25092592592592594 0.059895833333333336 0.11296296296296297
1 0.6385416666666667 0.23935185185185187 0.03854166666666667 0.09722222222222222
1 0.3015625 0.2569444444444445 0.05625 0.12685185185185185
1 0.15598958333333332 0.25601851851851853 0.04114583333333333 0.11018518518518519
1 0.8424479166666666 0.2888888888888889 0.057812499999999996 0.12222222222222223
1 0.88515625 0.4314814814814815 0.0734375 0.22777777777777777
1 0.8833333333333333 0.22870370370370371 0.042708333333333334 0.11666666666666667
