0 0.3502604166666667 0.41481481481481486 0.03697916666666667 0.031481481481481485
1 0.69296875 0.5 0.04635416666666667 0.26666666666666666
1 0.6190104166666667 0.40972222222222227 0.06614583333333333 0.20462962962962963
1 0.5122395833333333 0.4314814814814815 0.07760416666666667 0.2240740740740741
1 0.46953125 0.30833333333333335 0.04635416666666667 0.11851851851851852
1 0.5424479166666667 0.2587962962962963 0.0484375 0.10092592592592593
1 0.7911458333333333 0.3189814814814815 0.071875 0.24537037037037038
1 0.8794270833333333 0.27083333333333337 0.04635416666666667 0.16944444444444445
1 0.31328125 0.3564814814814815 0.06822916666666666 0.16111111111111112
1 0.37734375 0.3662037037037037 0.03697916666666667 0.1787037037037037
