0 0.4270833333333333 0.2638888888888889 0.027083333333333334 0.016666666666666666
1 0.7231770833333333 0.31527777777777777 0.0484375 0.15462962962962964
1 0.6919270833333333 0.2523148148148148 0.044270833333333336 0.09166666666666667
1 0.6328125 0.24351851851851852 0.0625 0.12962962962962962
1 0.5763020833333333 0.375462962962963 0.050520833333333334 0.18981481481481483
1 0.525 0.26805555555555555 0.040625 0.1564814814814815
1 0.4395833333333333 0.26990740740740743 0.04895833333333333 0.14166666666666666
1 0.40859375 0.23657407407407408 0.025520833333333333 0.1175925925925926
1 0.30859375 0.32592592592592595 0.04635416666666667 0.13148148148148148
1 0.16171875 0.2902777777777778 0.0484375 0.13796296296296298
