1 0.2630208333333333 0.3768518518518519 0.0875 0.2111111111111111
1 0.43776041666666665 0.32222222222222224 0.0640625 0.18703703703703706
1 0.37734375 0.22731481481481483 0.0484375 0.125
1 0.3104166666666667 0.23287037037037037 0.058333333333333334 0.10648148148148148
1 0.01640625 0.3611111111111111 0.0328125 0.1685185185185185
1 0.5940104166666667 0.24166666666666667 0.04635416666666667 0.15555555555555556
1 0.6783854166666666 0.24722222222222223 0.044270833333333336 0.14444444444444446
1 0.7463541666666667 0.23981481481481481 0.052083333333333336 0.10185185185185186
1 0.7872395833333333 0.3476851851851852 0.03697916666666667 0.19722222222222224
1 0.953125 0.28703703703703703 0.05416666666666667 0.12962962962962962
