1 0.24713541666666666 0.2425925925925926 0.0484375 0.13333333333333333
1 0.40182291666666664 0.3375 0.034895833333333334 0.17500000000000002
1 0.40651041666666665 0.2777777777777778 0.044270833333333336 0.10370370370370371
1 0.44817708333333334 0.25416666666666665 0.034895833333333334 0.13611111111111113
1 0.4744791666666667 0.2638888888888889 0.06041666666666667 0.16666666666666669
1 0.6307291666666667 0.3212962962962963 0.042708333333333334 0.1462962962962963
1 0.6385416666666667 0.23842592592592593 0.042708333333333334 0.10462962962962963
1 0.68125 0.2490740740740741 0.03854166666666667 0.12592592592592594
1 0.79296875 0.38287037037037036 0.05260416666666667 0.1824074074074074
1 0.96484375 0.3041666666666667 0.06197916666666667 0.14907407407407408
1 0.13177083333333334 0.26944444444444443 0.05 0.12407407407407407
