1 0.3403645833333333 0.3439814814814815 0.05260416666666667 0.1564814814814815
1 0.3260416666666667 0.2611111111111111 0.042708333333333334 0.11666666666666667
1 0.18802083333333333 0.27314814814814814 0.042708333333333334 0.10555555555555556
1 0.4356770833333333 0.28750000000000003 0.06822916666666666 0.15462962962962964
1 0.5114583333333333 0.2537037037037037 0.040625 0.10555555555555556
1 0.6481770833333333 0.23425925925925928 0.050520833333333334 0.08148148148148149
1 0.6723958333333333 0.3578703703703704 0.040625 0.18796296296296297
1 0.70078125 0.2574074074074074 0.050520833333333334 0.12222222222222223
1 0.809375 0.2828703703703704 0.0625 0.12314814814814816
1 0.9114583333333334 0.4569444444444445 0.052083333333333336 0.23796296296296296
