0 0.396875 0.2763888888888889 0.03333333333333333 0.019444444444444445
1 0.08333333333333333 0.45601851851851855 0.08541666666666667 0.2564814814814815
1 0.29010416666666666 0.2564814814814815 0.040625 0.12222222222222223
1 0.38515625 0.3578703703703704 0.06822916666666666 0.20277777777777778
1 0.37057291666666664 0.25601851851851853 0.0546875 0.1175925925925926
1 0.4192708333333333 0.22222222222222224 0.042708333333333334 0.08518518518518518
1 0.5036458333333333 0.2337962962962963 0.05625 0.10648148148148148
1 0.5317708333333333 0.27592592592592596 0.05416666666666667 0.15185185185185185
1 0.6044270833333333 0.33240740740740743 0.0484375 0.14444444444444446
1 0.8278645833333333 0.26296296296296295 0.03697916666666667 0.13148148148148148
