1 0.125 0.29074074074074074 0.04479166666666667 0.1388888888888889
1 0.08515625 0.25416666666666665 0.034895833333333334 0.11944444444444445
1 0.3638020833333333 0.29583333333333334 0.044270833333333336 0.14351851851851852
1 0.40651041666666665 0.2662037037037037 0.04114583333333333 0.10833333333333334
1 0.44921875 0.24444444444444446 0.03697916666666667 0.09814814814814815
1 0.5057291666666667 0.36574074074074076 0.071875 0.17037037037037037
1 0.5783854166666667 0.27592592592592596 0.0234375 0.13148148148148148
1 0.6203125 0.24351851851851852 0.04479166666666667 0.10925925925925926
1 0.6677083333333333 0.250462962962963 0.035416666666666666 0.10833333333333334
1 0.7065104166666667 0.3314814814814815 0.06614583333333333 0.17407407407407408
0 0.4765625 0.24861111111111112 0.029166666666666667 0.01388888888888889
