1 0.4830729166666667 0.6666666666666667 0.09322916666666667 0.32222222222222224
1 0.4986979166666667 0.5666666666666667 0.13177083333333334 0.2888888888888889
1 0.6471354166666666 0.6143518518518519 0.10677083333333333 0.32685185185185184
1 0.6940104166666666 0.825462962962963 0.12239583333333333 0.3490740740740741
1 0.8104166666666667 0.5421296296296296 0.11875 0.25833333333333336
1 0.7734375 0.3560185185185185 0.08333333333333333 0.20462962962962963
1 0.40078125 0.2851851851851852 0.06822916666666666 0.17592592592592593
1 0.17552083333333332 0.3111111111111111 0.03333333333333333 0.1425925925925926
0 0.1765625 0.7916666666666667 0.046875 0.04814814814814815
1 0.05416666666666667 0.9166666666666667 0.096875 0.15555555555555556
