1 0.17552083333333332 0.37083333333333335 0.06770833333333333 0.19166666666666668
1 0.22708333333333333 0.40092592592592596 0.042708333333333334 0.24074074074074076
1 0.23098958333333333 0.21342592592592594 0.06614583333333333 0.11203703703703705
1 0.46953125 0.3027777777777778 0.06197916666666667 0.16111111111111112
1 0.50078125 0.24120370370370373 0.050520833333333334 0.14166666666666666
1 0.5541666666666667 0.24166666666666667 0.040625 0.12037037037037038
1 0.5940104166666667 0.23287037037037037 0.034895833333333334 0.09722222222222222
1 0.625 0.32083333333333336 0.03854166666666667 0.1638888888888889
1 0.6763020833333333 0.26481481481481484 0.03697916666666667 0.13703703703703704
1 0.7588541666666666 0.2606481481481482 0.042708333333333334 0.1398148148148148
1 0.84140625 0.37222222222222223 0.0640625 0.17777777777777778
