1 0.6442708333333333 0.3939814814814815 0.05416666666666667 0.1953703703703704
1 0.7375 0.30694444444444446 0.058333333333333334 0.1398148148148148
1 0.6979166666666666 0.2537037037037037 0.029166666666666667 0.10925925925925926
1 0.6627604166666666 0.24953703703703706 0.0484375 0.09722222222222222
1 0.5104166666666666 0.2449074074074074 0.03854166666666667 0.13240740740740742
1 0.47369791666666666 0.2740740740740741 0.034895833333333334 0.1462962962962963
1 0.41822916666666665 0.23750000000000002 0.03333333333333333 0.10648148148148148
1 0.38828125 0.24166666666666667 0.050520833333333334 0.12037037037037038
1 0.3375 0.33611111111111114 0.07395833333333333 0.1814814814814815
1 0.20755208333333333 0.2837962962962963 0.030729166666666665 0.14166666666666666
0 0.3716145833333333 0.28750000000000003 0.021354166666666667 0.021296296296296296
