1 0.4901041666666667 0.40601851851851856 0.06041666666666667 0.22870370370370371
1 0.5356770833333333 0.3263888888888889 0.034895833333333334 0.14722222222222223
1 0.5763020833333333 0.2740740740740741 0.034895833333333334 0.10740740740740741
1 0.6192708333333333 0.3143518518518519 0.046875 0.13796296296296298
1 0.6638020833333333 0.2990740740740741 0.0234375 0.15
1 0.4395833333333333 0.287962962962963 0.029166666666666667 0.11851851851851852
1 0.5065104166666666 0.2657407407407408 0.027604166666666666 0.10925925925925926
1 0.40182291666666664 0.24120370370370373 0.0234375 0.13055555555555556
1 0.38125 0.30324074074074076 0.029166666666666667 0.14166666666666666
1 0.3463541666666667 0.23055555555555557 0.036458333333333336 0.10370370370370371
1 0.2989583333333333 0.20925925925925926 0.042708333333333334 0.11296296296296297
1 0.09869791666666666 0.36064814814814816 0.04635416666666667 0.18981481481481483
1 0.0328125 0.3578703703703704 0.042708333333333334 0.1675925925925926
0 0.29401041666666666 0.21296296296296297 0.025520833333333333 0.016666666666666666
