1 0.10755208333333333 0.3574074074074074 0.0796875 0.17037037037037037
1 0.11041666666666666 0.2537037037037037 0.046875 0.0962962962962963
1 0.24427083333333333 0.2662037037037037 0.058333333333333334 0.1175925925925926
1 0.3463541666666667 0.31527777777777777 0.052083333333333336 0.14166666666666666
1 0.54609375 0.34074074074074073 0.0640625 0.15
1 0.5403645833333334 0.23935185185185187 0.0328125 0.07314814814814816
1 0.6299479166666666 0.29814814814814816 0.059895833333333336 0.15925925925925927
1 0.8018229166666666 0.36342592592592593 0.07760416666666667 0.1787037037037037
1 0.8471354166666667 0.3143518518518519 0.0640625 0.18055555555555555
1 0.8559895833333333 0.4277777777777778 0.0734375 0.23333333333333334
1 0.74921875 0.8962962962962964 0.13177083333333334 0.20740740740740743
