1 0.25807291666666665 0.41435185185185186 0.050520833333333334 0.2138888888888889
1 0.17942708333333332 0.3476851851851852 0.0640625 0.16574074074074074
1 0.16197916666666667 0.28935185185185186 0.07604166666666666 0.12685185185185185
1 0.25494791666666666 0.25092592592592594 0.05260416666666667 0.16481481481481483
1 0.48802083333333335 0.25416666666666665 0.052083333333333336 0.11018518518518519
1 0.5705729166666667 0.26851851851851855 0.07760416666666667 0.1925925925925926
1 0.6221354166666666 0.47175925925925927 0.12239583333333333 0.1953703703703704
1 0.8104166666666667 0.3888888888888889 0.06458333333333333 0.1814814814814815
1 0.9559895833333333 0.6828703703703703 0.08697916666666666 0.2564814814814815
1 0.82109375 0.9152777777777779 0.13177083333333334 0.16944444444444445
