0 0.30963541666666666 0.2111111111111111 0.021354166666666667 0.011111111111111112
1 0.6455729166666666 0.3050925925925926 0.03697916666666667 0.13240740740740742
1 0.54140625 0.4078703703703704 0.034895833333333334 0.16574074074074074
1 0.5822916666666667 0.2916666666666667 0.042708333333333334 0.1462962962962963
1 0.5484375 0.2564814814814815 0.04479166666666667 0.1425925925925926
1 0.45598958333333334 0.2800925925925926 0.0546875 0.14351851851851852
1 0.4200520833333333 0.24074074074074076 0.0484375 0.13703703703703704
1 0.38125 0.22731481481481483 0.017708333333333333 0.09722222222222222
1 0.35703125 0.30694444444444446 0.04635416666666667 0.18055555555555555
1 0.3046875 0.21203703703703705 0.027083333333333334 0.08888888888888889
1 0.11822916666666666 0.3574074074074074 0.042708333333333334 0.20185185185185187
1 0.05703125 0.3439814814814815 0.059895833333333336 0.19907407407407407
1 0.753125 0.275 0.027083333333333334 0.11851851851851852
