0 0.43854166666666666 0.8541666666666667 0.058333333333333334 0.04351851851851852
1 0.57265625 0.9282407407407408 0.13177083333333334 0.1398148148148148
1 0.5036458333333333 0.7652777777777778 0.09166666666666666 0.33425925925925926
1 0.5075520833333333 0.5805555555555556 0.10677083333333333 0.26851851851851855
1 0.5841145833333333 0.2833333333333333 0.050520833333333334 0.12407407407407407
1 0.9143229166666667 0.4814814814814815 0.06614583333333333 0.22962962962962963
1 0.9270833333333334 0.31712962962962965 0.08333333333333333 0.1638888888888889
1 0.19895833333333332 0.3791666666666667 0.0875 0.23981481481481481
1 0.14244791666666667 0.7305555555555556 0.1296875 0.40555555555555556
1 0.040625 0.5555555555555556 0.07395833333333333 0.2888888888888889
