1 0.17239583333333333 0.3236111111111111 0.042708333333333334 0.16203703703703703
1 0.19869791666666667 0.33194444444444443 0.021354166666666667 0.14722222222222223
1 0.25234375 0.3541666666666667 0.034895833333333334 0.13611111111111113
1 0.5075520833333333 0.3662037037037037 0.0640625 0.1824074074074074
1 0.6986979166666667 0.3652777777777778 0.12447916666666667 0.17685185185185187
1 0.7841145833333333 0.2967592592592593 0.06197916666666667 0.14907407407407408
1 0.6783854166666666 0.23425925925925928 0.0328125 0.09074074074074075
1 0.6104166666666666 0.25324074074074077 0.071875 0.08611111111111111
1 0.46380208333333334 0.2625 0.057812499999999996 0.1212962962962963
1 0.4278645833333333 0.24629629629629632 0.0484375 0.10925925925925926
1 0.45989583333333334 0.6129629629629629 0.13229166666666667 0.26666666666666666
