1 0.2171875 0.6800925925925926 0.10520833333333333 0.3175925925925926
1 0.27265625 0.500925925925926 0.059895833333333336 0.24814814814814815
1 0.33177083333333335 0.3689814814814815 0.042708333333333334 0.18611111111111112
1 0.26979166666666665 0.33287037037037037 0.08541666666666667 0.15462962962962964
1 0.6057291666666667 0.3912037037037037 0.06979166666666667 0.20833333333333334
1 0.7716145833333333 0.27037037037037037 0.0484375 0.10370370370370371
1 0.6171875 0.2662037037037037 0.042708333333333334 0.10092592592592593
1 0.59296875 0.24722222222222223 0.0484375 0.1277777777777778
1 0.8114583333333333 0.2601851851851852 0.0625 0.15
1 0.8182291666666667 0.39861111111111114 0.071875 0.21203703703703705
1 0.9677083333333333 0.3199074074074074 0.06041666666666667 0.1564814814814815
0 0.17447916666666666 0.5745370370370371 0.03854166666666667 0.04351851851851852
