1 0.08619791666666667 0.725 0.1453125 0.37592592592592594
1 0.22890625 0.6699074074074074 0.1046875 0.3805555555555556
1 0.49114583333333334 0.6731481481481482 0.128125 0.4166666666666667
1 0.5919270833333333 0.525 0.1359375 0.29444444444444445
1 0.65703125 0.524537037037037 0.0953125 0.28611111111111115
1 0.39401041666666664 0.40046296296296297 0.09322916666666667 0.24166666666666667
1 0.43463541666666666 0.33425925925925926 0.04635416666666667 0.17222222222222222
1 0.52109375 0.30833333333333335 0.044270833333333336 0.17037037037037037
1 0.0609375 0.3314814814814815 0.071875 0.1574074074074074
1 0.9416666666666667 0.8046296296296297 0.1125 0.362962962962963
0 0.09973958333333333 0.2949074074074074 0.05677083333333333 0.036111111111111115
