1 0.059895833333333336 0.6208333333333333 0.10520833333333333 0.33425925925925926
1 0.05130208333333333 0.4027777777777778 0.0640625 0.21481481481481482
1 0.07447916666666667 0.32407407407407407 0.04895833333333333 0.1537037037037037
1 0.07083333333333333 0.26296296296296295 0.071875 0.12037037037037038
1 0.3958333333333333 0.3574074074074074 0.058333333333333334 0.17037037037037037
1 0.47734375 0.3175925925925926 0.030729166666666665 0.14074074074074075
1 0.440625 0.25324074074074077 0.042708333333333334 0.11203703703703705
1 0.4083333333333333 0.2162037037037037 0.029166666666666667 0.09722222222222222
1 0.5619791666666667 0.38842592592592595 0.05625 0.2101851851851852
1 0.60078125 0.2550925925925926 0.05260416666666667 0.13611111111111113
1 0.5697916666666667 0.2555555555555556 0.06041666666666667 0.12407407407407407
1 0.71328125 0.33194444444444443 0.059895833333333336 0.14166666666666666
