1 0.2986979166666667 0.20694444444444446 0.04635416666666667 0.09907407407407408
1 0.3424479166666667 0.2884259259259259 0.0484375 0.1787037037037037
1 0.440625 0.27037037037037037 0.05416666666666667 0.13518518518518519
1 0.484375 0.27037037037037037 0.040625 0.13518518518518519
1 0.5580729166666667 0.2490740740740741 0.0328125 0.10370370370370371
1 0.5822916666666667 0.3055555555555556 0.05416666666666667 0.18703703703703706
1 0.6755208333333333 0.3148148148148148 0.05416666666666667 0.20185185185185187
1 0.7192708333333333 0.3462962962962963 0.040625 0.12962962962962962
1 0.7638020833333333 0.26712962962962966 0.03697916666666667 0.11388888888888889
1 0.20651041666666667 0.3601851851851852 0.05677083333333333 0.19444444444444445
1 0.15520833333333334 0.3509259259259259 0.058333333333333334 0.18333333333333335
0 0.2890625 0.22592592592592595 0.03125 0.016666666666666666
