1 0.35625 0.475462962962963 0.09895833333333333 0.2490740740740741
1 0.40729166666666666 0.33981481481481485 0.042708333333333334 0.19074074074074074
1 0.425 0.30694444444444446 0.07395833333333333 0.24166666666666667
1 0.49374999999999997 0.27361111111111114 0.04479166666666667 0.12314814814814816
1 0.5473958333333333 0.25462962962962965 0.03854166666666667 0.11666666666666667
1 0.621875 0.31712962962962965 0.05625 0.18611111111111112
1 0.6880208333333333 0.3027777777777778 0.03333333333333333 0.14814814814814814
1 0.3364583333333333 0.22731481481481483 0.040625 0.10648148148148148
1 0.28151041666666665 0.22731481481481483 0.034895833333333334 0.09537037037037037
1 0.07161458333333333 0.35324074074074074 0.0734375 0.18796296296296297
1 0.76875 0.2726851851851852 0.058333333333333334 0.1212962962962963
