1 0.5046875 0.39537037037037037 0.08958333333333333 0.23148148148148148
1 0.48411458333333335 0.3037037037037037 0.06822916666666666 0.15925925925925927
1 0.4484375 0.24675925925925926 0.05416666666666667 0.13425925925925927
1 0.4161458333333333 0.20787037037037037 0.04479166666666667 0.1175925925925926
1 0.39010416666666664 0.3416666666666667 0.05416666666666667 0.2
1 0.5549479166666667 0.26203703703703707 0.04635416666666667 0.12407407407407407
1 0.5940104166666667 0.2606481481481482 0.0390625 0.1175925925925926
1 0.7346354166666667 0.31527777777777777 0.0640625 0.17500000000000002
1 0.052083333333333336 0.33796296296296297 0.046875 0.16666666666666669
1 0.8356770833333333 0.274537037037037 0.05677083333333333 0.1398148148148148
