1 0.03958333333333333 0.3611111111111111 0.04895833333333333 0.2111111111111111
1 0.02786458333333333 0.25462962962962965 0.044270833333333336 0.1574074074074074
1 0.22109375 0.2523148148148148 0.0546875 0.10462962962962963
1 0.28229166666666666 0.26296296296296295 0.04479166666666667 0.11296296296296297
1 0.32786458333333335 0.3037037037037037 0.04635416666666667 0.15
1 0.3598958333333333 0.2606481481481482 0.029166666666666667 0.11944444444444445
1 0.41354166666666664 0.23148148148148148 0.042708333333333334 0.14444444444444446
1 0.3890625 0.3180555555555556 0.06458333333333333 0.16203703703703703
1 0.5463541666666667 0.2916666666666667 0.04895833333333333 0.12592592592592594
0 0.42994791666666665 0.20046296296296298 0.0328125 0.026851851851851852
