1 0.07447916666666667 0.3574074074074074 0.04895833333333333 0.1962962962962963
1 0.2986979166666667 0.22685185185185186 0.030729166666666665 0.08703703703703704
1 0.3375 0.23148148148148148 0.03125 0.11851851851851852
1 0.396875 0.32731481481481484 0.040625 0.1638888888888889
1 0.42890625 0.2837962962962963 0.027604166666666666 0.13055555555555556
1 0.4075520833333333 0.23703703703703705 0.0234375 0.1
1 0.49192708333333335 0.3365740740740741 0.044270833333333336 0.1712962962962963
1 0.48020833333333335 0.25833333333333336 0.025 0.08888888888888889
1 0.55390625 0.2606481481481482 0.03697916666666667 0.13425925925925927
1 0.6182291666666666 0.3212962962962963 0.052083333333333336 0.1425925925925926
1 0.6677083333333333 0.3050925925925926 0.03125 0.16574074074074074
1 0.42890625 0.4393518518518519 0.07760416666666667 0.25277777777777777
