1 0.8231770833333333 0.4337962962962963 0.06197916666666667 0.20833333333333334
1 0.63359375 0.4226851851851852 0.07552083333333333 0.19907407407407407
1 0.7755208333333333 0.26296296296296295 0.04479166666666667 0.12407407407407407
1 0.8192708333333333 0.26342592592592595 0.046875 0.12314814814814816
1 0.6471354166666666 0.3087962962962963 0.0484375 0.1398148148148148
1 0.5997395833333333 0.2837962962962963 0.06614583333333333 0.16574074074074074
1 0.3598958333333333 0.3675925925925926 0.071875 0.20185185185185187
1 0.25703125 0.3439814814814815 0.059895833333333336 0.19722222222222224
1 0.2552083333333333 0.5430555555555556 0.08333333333333333 0.25833333333333336
1 0.19505208333333332 0.6856481481481482 0.10677083333333333 0.36944444444444446
1 0.11822916666666666 0.5087962962962963 0.046875 0.18981481481481483
