1 0.5919270833333333 0.4027777777777778 0.050520833333333334 0.24444444444444446
1 0.6416666666666666 0.3601851851851852 0.04479166666666667 0.18703703703703706
1 0.7296875 0.2814814814814815 0.08541666666666667 0.15
1 0.7135416666666666 0.48750000000000004 0.09895833333333333 0.2101851851851852
1 0.57265625 0.2657407407407408 0.0546875 0.15
1 0.35703125 0.4564814814814815 0.07760416666666667 0.21851851851851853
1 0.28802083333333334 0.33425925925925926 0.05625 0.17037037037037037
1 0.209375 0.33240740740740743 0.046875 0.15185185185185185
1 0.17734375 0.6638888888888889 0.07552083333333333 0.3611111111111111
0 0.16666666666666666 0.5143518518518518 0.046875 0.05092592592592593
