1 0.8424479166666666 0.5018518518518519 0.06197916666666667 0.23148148148148148
1 0.8239583333333333 0.33055555555555555 0.06041666666666667 0.12222222222222223
1 0.7619791666666667 0.26481481481481484 0.06041666666666667 0.12962962962962962
1 0.5153645833333333 0.3699074074074074 0.059895833333333336 0.1638888888888889
1 0.4705729166666667 0.32962962962962966 0.05260416666666667 0.15925925925925927
1 0.5143229166666666 0.25277777777777777 0.04635416666666667 0.12222222222222223
1 0.44635416666666666 0.2884259259259259 0.03854166666666667 0.12314814814814816
1 0.3346354166666667 0.29212962962962963 0.0640625 0.15833333333333333
1 0.2950520833333333 0.38981481481481484 0.06197916666666667 0.2388888888888889
1 0.14739583333333334 0.43194444444444446 0.08125 0.20462962962962963
1 0.21614583333333334 0.23472222222222222 0.05625 0.12314814814814816
