0 0.20078125 0.5532407407407408 0.04114583333333333 0.062037037037037036
1 0.33567708333333335 0.6407407407407407 0.07760416666666667 0.3
1 0.3260416666666667 0.3805555555555556 0.058333333333333334 0.25925925925925924
1 0.27447916666666666 0.3277777777777778 0.040625 0.1425925925925926
1 0.6346354166666667 0.35879629629629634 0.06197916666666667 0.22685185185185186
1 0.60546875 0.25833333333333336 0.06197916666666667 0.1537037037037037
1 0.7588541666666666 0.2555555555555556 0.058333333333333334 0.11666666666666667
1 0.8200520833333333 0.25601851851851853 0.0484375 0.09166666666666667
1 0.96171875 0.30972222222222223 0.05260416666666667 0.16018518518518518
1 0.82109375 0.39722222222222225 0.08177083333333333 0.1925925925925926
