0 0.17369791666666667 0.4981481481481482 0.03697916666666667 0.044444444444444446
1 0.7559895833333333 0.44907407407407407 0.1109375 0.20740740740740743
1 0.625 0.425 0.046875 0.2111111111111111
1 0.6541666666666667 0.350462962962963 0.058333333333333334 0.20092592592592592
1 0.5794270833333334 0.27175925925925926 0.08385416666666666 0.17685185185185187
1 0.27734375 0.35324074074074074 0.04635416666666667 0.15833333333333333
1 0.3182291666666667 0.5078703703703704 0.06979166666666667 0.25277777777777777
1 0.19869791666666667 0.33564814814814814 0.0484375 0.14351851851851852
1 0.18020833333333333 0.6685185185185185 0.07395833333333333 0.3574074074074074
1 0.7627604166666666 0.2726851851851852 0.07760416666666667 0.12314814814814816
