1 0.2677083333333333 0.2189814814814815 0.027083333333333334 0.08055555555555556
1 0.32109375 0.31342592592592594 0.028645833333333332 0.1638888888888889
1 0.35390625 0.2726851851851852 0.03697916666666667 0.13425925925925927
1 0.5151041666666667 0.27592592592592596 0.071875 0.13703703703703704
1 0.5794270833333334 0.28703703703703703 0.0484375 0.15185185185185185
1 0.6317708333333333 0.27546296296296297 0.04479166666666667 0.13796296296296298
1 0.6609375 0.27685185185185185 0.040625 0.12962962962962962
1 0.7065104166666667 0.3041666666666667 0.0390625 0.14351851851851852
1 0.7434895833333334 0.2972222222222222 0.04635416666666667 0.16111111111111112
1 0.23072916666666665 0.3625 0.03854166666666667 0.1824074074074074
1 0.17552083333333332 0.3527777777777778 0.05625 0.16666666666666669
0 0.26848958333333334 0.2152777777777778 0.03697916666666667 0.025
