0 0.19192708333333333 0.27685185185185185 0.030729166666666665 0.020370370370370372
1 0.59375 0.6472222222222223 0.128125 0.35555555555555557
1 0.78828125 0.35694444444444445 0.1203125 0.2657407407407408
1 0.82109375 0.2935185185185185 0.04635416666666667 0.11111111111111112
1 0.5645833333333333 0.33472222222222225 0.058333333333333334 0.14907407407407408
1 0.5192708333333333 0.3597222222222222 0.05625 0.2101851851851852
1 0.6385416666666667 0.24027777777777778 0.027083333333333334 0.0638888888888889
1 0.7065104166666667 0.23611111111111113 0.027604166666666666 0.08148148148148149
1 0.42994791666666665 0.2726851851851852 0.059895833333333336 0.13055555555555556
1 0.2734375 0.32407407407407407 0.05416666666666667 0.12037037037037038
1 0.2046875 0.33611111111111114 0.06041666666666667 0.15925925925925927
1 0.16770833333333332 0.33333333333333337 0.06458333333333333 0.13518518518518519
