1 0.7640625 0.25416666666666665 0.071875 0.1527777777777778
1 0.5841145833333333 0.3851851851851852 0.0546875 0.18703703703703706
1 0.640625 0.28055555555555556 0.027083333333333334 0.14074074074074075
1 0.6684895833333333 0.3023148148148148 0.03697916666666667 0.1398148148148148
1 0.5908854166666666 0.2796296296296296 0.0328125 0.10370370370370371
1 0.6114583333333333 0.26712962962962966 0.03125 0.10092592592592593
1 0.5434895833333333 0.2953703703703704 0.0390625 0.11481481481481481
1 0.56484375 0.25324074074074077 0.0390625 0.09537037037037037
1 0.4666666666666667 0.2865740740740741 0.04479166666666667 0.13055555555555556
1 0.44140625 0.24629629629629632 0.03697916666666667 0.12962962962962962
1 0.41822916666666665 0.26342592592592595 0.03333333333333333 0.1175925925925926
1 0.3463541666666667 0.3148148148148148 0.052083333333333336 0.16481481481481483
1 0.29583333333333334 0.21574074074074076 0.03333333333333333 0.09074074074074075
1 0.1453125 0.3717592592592593 0.046875 0.20092592592592592
1 0.08333333333333333 0.35694444444444445 0.08125 0.18055555555555555
0 0.28828125 0.20601851851851852 0.021354166666666667 0.012037037037037037
