1 0.68515625 0.7412037037037037 0.07760416666666667 0.3712962962962963
1 0.88046875 0.40370370370370373 0.13385416666666666 0.20370370370370372
1 0.90078125 0.32175925925925924 0.09739583333333333 0.1675925925925926
1 0.7567708333333333 0.23333333333333334 0.042708333333333334 0.0962962962962963
1 0.66953125 0.23981481481481481 0.0390625 0.06481481481481481
1 0.628125 0.3375 0.05625 0.13240740740740742
1 0.5221354166666666 0.3740740740740741 0.0546875 0.1685185185185185
1 0.41328125 0.275 0.0546875 0.09444444444444444
1 0.38515625 0.24120370370370373 0.03697916666666667 0.07685185185185185
1 0.33177083333333335 0.2990740740740741 0.07395833333333333 0.17037037037037037
1 0.2453125 0.3125 0.04479166666666667 0.10833333333333334
1 0.1609375 0.33425925925925926 0.065625 0.15
0 0.16380208333333332 0.38333333333333336 0.0328125 0.03518518518518519
