1 0.2765625 0.5101851851851852 0.071875 0.2611111111111111
1 0.34713541666666664 0.35370370370370374 0.06197916666666667 0.19444444444444445
1 0.41328125 0.33240740740740743 0.050520833333333334 0.15185185185185185
1 0.42213541666666665 0.26990740740740743 0.05260416666666667 0.15092592592592594
1 0.4979166666666667 0.26157407407407407 0.040625 0.10648148148148148
1 0.5559895833333334 0.26157407407407407 0.044270833333333336 0.125
1 0.6190104166666667 0.34074074074074073 0.0234375 0.17962962962962964
1 0.7140625 0.31157407407407406 0.042708333333333334 0.1212962962962963
1 0.253125 0.21712962962962964 0.04895833333333333 0.13796296296296298
1 0.35130208333333335 0.20925925925925926 0.034895833333333334 0.10185185185185186
1 0.06380208333333333 0.3597222222222222 0.09322916666666667 0.17685185185185187
