1 0.42890625 0.6157407407407408 0.09739583333333333 0.27592592592592596
1 0.35130208333333335 0.3625 0.050520833333333334 0.16574074074074074
1 0.3140625 0.3416666666666667 0.042708333333333334 0.16111111111111112
1 0.27734375 0.3125 0.050520833333333334 0.15092592592592594
1 0.6044270833333333 0.3675925925925926 0.0484375 0.18703703703703706
1 0.5919270833333333 0.2712962962962963 0.04635416666666667 0.12962962962962962
1 0.56484375 0.2518518518518519 0.0390625 0.09444444444444444
1 0.7385416666666667 0.24166666666666667 0.071875 0.12407407407407407
1 0.80078125 0.23425925925925928 0.05260416666666667 0.13703703703703704
1 0.809375 0.3800925925925926 0.046875 0.17500000000000002
1 0.9096354166666667 0.3111111111111111 0.0640625 0.13148148148148148
0 0.2203125 0.2990740740740741 0.04479166666666667 0.03518518518518519
