0 0.12890625 0.2199074074074074 0.0328125 0.025
1 0.7791666666666667 0.6175925925925926 0.13020833333333334 0.32962962962962966
1 0.9210937499999999 0.5 0.08697916666666666 0.23703703703703705
1 0.9567708333333333 0.32685185185185184 0.042708333333333334 0.13703703703703704
1 0.7890625 0.3194444444444445 0.06458333333333333 0.17037037037037037
1 0.5950520833333334 0.38472222222222224 0.09114583333333333 0.23055555555555557
1 0.5947916666666666 0.26203703703703707 0.040625 0.1425925925925926
1 0.52890625 0.24861111111111112 0.06822916666666666 0.14907407407407408
1 0.39479166666666665 0.5449074074074074 0.09895833333333333 0.325
1 0.2833333333333333 0.4101851851851852 0.07395833333333333 0.19444444444444445
