1 0.7046875 0.3578703703703704 0.03854166666666667 0.18981481481481483
1 0.9502604166666666 0.2652777777777778 0.0328125 0.10833333333333334
1 0.9723958333333333 0.49583333333333335 0.05416666666666667 0.25833333333333336
1 0.553125 0.3509259259259259 0.046875 0.19074074074074074
1 0.5151041666666667 0.3106481481481482 0.08333333333333333 0.16203703703703703
1 0.4713541666666667 0.5032407407407408 0.08541666666666667 0.2953703703703704
1 0.44427083333333334 0.24166666666666667 0.058333333333333334 0.11481481481481481
1 0.41822916666666665 0.2111111111111111 0.05625 0.08703703703703704
1 0.13072916666666667 0.34305555555555556 0.071875 0.17500000000000002
1 0.7229166666666667 0.21203703703703705 0.025 0.07407407407407407
