0 0.5473958333333333 0.3962962962962963 0.027083333333333334 0.024074074074074074
1 0.5958333333333333 0.5777777777777778 0.08541666666666667 0.312962962962963
1 0.6317708333333333 0.33425925925925926 0.04895833333333333 0.15
1 0.6833333333333333 0.25 0.042708333333333334 0.1277777777777778
1 0.7260416666666667 0.3180555555555556 0.046875 0.18425925925925926
1 0.6317708333333333 0.18333333333333335 0.052083333333333336 0.12407407407407407
1 0.5697916666666667 0.33101851851851855 0.040625 0.11388888888888889
1 0.5901041666666667 0.28055555555555556 0.046875 0.14074074074074075
1 0.45234375 0.38472222222222224 0.06197916666666667 0.21944444444444444
1 0.38515625 0.27083333333333337 0.044270833333333336 0.14907407407407408
1 0.26197916666666665 0.3703703703703704 0.046875 0.1851851851851852
1 0.11432291666666666 0.2837962962962963 0.050520833333333334 0.12685185185185185
