1 0.4705729166666667 0.40601851851851856 0.0640625 0.23796296296296296
1 0.5734375 0.4305555555555556 0.06770833333333333 0.23333333333333334
1 0.6432291666666666 0.2851851851851852 0.05625 0.16666666666666669
1 0.6940104166666666 0.31712962962962965 0.0640625 0.1638888888888889
1 0.7424479166666667 0.20740740740740743 0.0328125 0.08703703703703704
1 0.8481770833333333 0.36944444444444446 0.06197916666666667 0.16296296296296298
1 0.8890625 0.28101851851851856 0.058333333333333334 0.13796296296296298
1 0.41901041666666666 0.2152777777777778 0.06197916666666667 0.09166666666666667
1 0.49296875 0.2152777777777778 0.04635416666666667 0.12314814814814816
1 0.2520833333333333 0.3462962962962963 0.05416666666666667 0.15
1 0.94140625 0.27870370370370373 0.08177083333333333 0.20185185185185187
0 0.421875 0.2564814814814815 0.029166666666666667 0.024074074074074074
