1 0.32109375 0.39583333333333337 0.05677083333333333 0.14722222222222223
1 0.4747395833333333 0.23935185185185187 0.0640625 0.15462962962962964
1 0.540625 0.4476851851851852 0.05625 0.2138888888888889
1 0.6075520833333333 0.36064814814814816 0.0703125 0.16203703703703703
1 0.6723958333333333 0.28425925925925927 0.05625 0.1462962962962963
1 0.6986979166666667 0.3425925925925926 0.04635416666666667 0.15555555555555556
1 0.7328125 0.17222222222222222 0.04479166666666667 0.12222222222222223
1 0.7841145833333333 0.25601851851851853 0.04635416666666667 0.14351851851851852
1 0.8609375 0.3550925925925926 0.071875 0.16203703703703703
1 0.7036458333333333 0.6138888888888889 0.06770833333333333 0.3685185185185185
0 0.6018229166666667 0.43472222222222223 0.034895833333333334 0.026851851851851852
