1 0.8677083333333333 0.7166666666666667 0.096875 0.42592592592592593
1 0.7765625 0.5819444444444445 0.07395833333333333 0.3490740740740741
1 0.7997395833333333 0.425 0.07760416666666667 0.23703703703703705
1 0.7822916666666666 0.31527777777777777 0.058333333333333334 0.17685185185185187
1 0.6911458333333333 0.34490740740740744 0.05416666666666667 0.19166666666666668
1 0.8268229166666666 0.1615740740740741 0.050520833333333334 0.10277777777777779
1 0.56875 0.24120370370370373 0.046875 0.17500000000000002
1 0.29192708333333334 0.24675925925925926 0.07552083333333333 0.14166666666666666
1 0.2125 0.49768518518518523 0.06041666666666667 0.25092592592592594
0 0.7239583333333334 0.412962962962963 0.042708333333333334 0.04259259259259259
