1 0.27838541666666666 0.41111111111111115 0.0484375 0.1851851851851852
1 0.32395833333333335 0.2689814814814815 0.05416666666666667 0.09166666666666667
1 0.44557291666666665 0.3375 0.0640625 0.11944444444444445
1 0.44166666666666665 0.28240740740740744 0.040625 0.10555555555555556
1 0.5018229166666667 0.26944444444444443 0.0328125 0.10185185185185186
1 0.5911458333333334 0.28935185185185186 0.04479166666666667 0.14351851851851852
1 0.6239583333333333 0.39305555555555555 0.08333333333333333 0.23240740740740742
1 0.6424479166666667 0.27824074074074073 0.06614583333333333 0.12314814814814816
1 0.7325520833333333 0.2388888888888889 0.03697916666666667 0.07777777777777778
1 0.8231770833333333 0.28425925925925927 0.034895833333333334 0.13518518518518519
1 0.965625 0.22731481481481483 0.05625 0.08796296296296297
1 0.7986979166666667 0.688425925925926 0.1109375 0.36388888888888893
