0 0.5328125 0.22546296296296298 0.029166666666666667 0.015740740740740743
1 0.5375 0.20324074074074075 0.05416666666666667 0.07685185185185185
1 0.4200520833333333 0.22268518518518518 0.021354166666666667 0.08240740740740742
1 0.19505208333333332 0.34861111111111115 0.03697916666666667 0.18425925925925926
1 0.4231770833333333 0.43333333333333335 0.0390625 0.22222222222222224
1 0.6299479166666666 0.31157407407407406 0.059895833333333336 0.1398148148148148
1 0.6794270833333333 0.3013888888888889 0.0546875 0.15092592592592594
1 0.7473958333333334 0.22592592592592595 0.046875 0.08888888888888889
1 0.9385416666666666 0.2513888888888889 0.04479166666666667 0.12314814814814816
1 0.9388020833333334 0.34351851851851856 0.0640625 0.16481481481481483
1 0.75703125 0.3726851851851852 0.0546875 0.20277777777777778
1 0.6919270833333333 0.4481481481481482 0.059895833333333336 0.22962962962962963
