1 0.23072916666666665 0.37083333333333335 0.05416666666666667 0.19166666666666668
1 0.3221354166666667 0.2828703703703704 0.06614583333333333 0.13240740740740742
1 0.3794270833333333 0.35000000000000003 0.0640625 0.1277777777777778
1 0.43072916666666666 0.2925925925925926 0.046875 0.13333333333333333
1 0.47734375 0.29444444444444445 0.030729166666666665 0.08148148148148149
1 0.5744791666666667 0.37453703703703706 0.0625 0.16574074074074074
1 0.6403645833333333 0.3513888888888889 0.050520833333333334 0.17314814814814816
1 0.6153645833333333 0.6032407407407407 0.09322916666666667 0.287962962962963
1 0.7705729166666666 0.2990740740740741 0.050520833333333334 0.12037037037037038
1 0.7200520833333334 0.2675925925925926 0.019270833333333334 0.11481481481481481
1 0.8453125 0.24120370370370373 0.029166666666666667 0.0787037037037037
