0 0.6919270833333333 0.2564814814814815 0.03697916666666667 0.012962962962962964
1 0.15625 0.6231481481481481 0.0875 0.30185185185185187
1 0.17838541666666666 0.39166666666666666 0.030729166666666665 0.21851851851851853
1 0.23880208333333333 0.3763888888888889 0.050520833333333334 0.24166666666666667
1 0.16770833333333332 0.30648148148148147 0.036458333333333336 0.15555555555555556
1 0.0609375 0.42453703703703705 0.040625 0.16574074074074074
1 0.09401041666666667 0.31574074074074077 0.0328125 0.1425925925925926
1 0.03177083333333333 0.3375 0.029166666666666667 0.1564814814814815
1 0.5861979166666667 0.23564814814814816 0.027604166666666666 0.125
1 0.46588541666666666 0.2712962962962963 0.04635416666666667 0.12037037037037038
1 0.4270833333333333 0.25092592592592594 0.027083333333333334 0.10185185185185186
