1 0.25390625 0.3736111111111111 0.034895833333333334 0.17500000000000002
1 0.3104166666666667 0.27083333333333337 0.03854166666666667 0.10833333333333334
1 0.42890625 0.37777777777777777 0.034895833333333334 0.17962962962962964
1 0.4765625 0.3175925925925926 0.05625 0.1814814814814815
1 0.5377604166666666 0.2587962962962963 0.034895833333333334 0.10833333333333334
1 0.5861979166666667 0.25462962962962965 0.050520833333333334 0.11666666666666667
1 0.6239583333333333 0.2606481481481482 0.029166666666666667 0.11944444444444445
1 0.82578125 0.20601851851851852 0.03697916666666667 0.08240740740740742
1 0.5072916666666667 0.6217592592592592 0.071875 0.2990740740740741
1 0.09609375 0.41944444444444445 0.0640625 0.22222222222222224
1 0.1859375 0.28703703703703703 0.042708333333333334 0.1277777777777778
