1 0.3880208333333333 0.3560185185185185 0.042708333333333334 0.1675925925925926
1 0.5221354166666666 0.37592592592592594 0.06614583333333333 0.17777777777777778
1 0.5979166666666667 0.26851851851851855 0.042708333333333334 0.12037037037037038
1 0.6513020833333333 0.38796296296296295 0.059895833333333336 0.22222222222222224
1 0.78125 0.28564814814814815 0.04895833333333333 0.16203703703703703
1 0.7114583333333333 0.20092592592592592 0.029166666666666667 0.07777777777777778
1 0.9200520833333333 0.2796296296296296 0.06197916666666667 0.11666666666666667
1 0.44557291666666665 0.2162037037037037 0.0484375 0.11203703703703705
1 0.40651041666666665 0.21944444444444444 0.04114583333333333 0.09814814814814815
0 0.44140625 0.2606481481481482 0.025520833333333333 0.012037037037037037
