1 0.4203125 0.4861111111111111 0.05625 0.2537037037037037
1 0.5861979166666667 0.30972222222222223 0.0546875 0.1564814814814815
1 0.6677083333333333 0.38657407407407407 0.046875 0.18611111111111112
1 0.6947916666666667 0.31574074074074077 0.07395833333333333 0.16666666666666669
1 0.8018229166666666 0.47314814814814815 0.07760416666666667 0.26481481481481484
1 0.9473958333333333 0.28055555555555556 0.08541666666666667 0.14814814814814814
1 0.72890625 0.2175925925925926 0.04114583333333333 0.08703703703703704
1 0.4171875 0.23564814814814816 0.05416666666666667 0.10092592592592593
1 0.48020833333333335 0.1865740740740741 0.04479166666666667 0.09722222222222222
1 0.17552083333333332 0.34305555555555556 0.04479166666666667 0.14537037037037037
