1 0.30859375 0.5935185185185186 0.06614583333333333 0.30185185185185187
1 0.27265625 0.4185185185185185 0.09114583333333333 0.21296296296296297
1 0.5473958333333333 0.39490740740740743 0.06979166666666667 0.18796296296296297
1 0.5338541666666666 0.26805555555555555 0.07395833333333333 0.1527777777777778
1 0.6815104166666667 0.30694444444444446 0.050520833333333334 0.1287037037037037
1 0.7549479166666666 0.612037037037037 0.10885416666666667 0.3740740740740741
1 0.83671875 0.4712962962962963 0.0546875 0.2425925925925926
1 0.8697916666666666 0.32407407407407407 0.058333333333333334 0.12962962962962962
1 0.4434895833333333 0.24722222222222223 0.0484375 0.10740740740740741
0 0.1203125 0.39675925925925926 0.042708333333333334 0.03796296296296296
