1 0.24739583333333334 0.36342592592592593 0.052083333333333336 0.17500000000000002
1 0.453125 0.5351851851851852 0.09166666666666666 0.26296296296296295
1 0.5744791666666667 0.38796296296296295 0.065625 0.1925925925925926
1 0.6143229166666666 0.28564814814814815 0.0484375 0.14722222222222223
1 0.57265625 0.23935185185185187 0.0546875 0.12314814814814816
1 0.7588541666666666 0.5736111111111112 0.08541666666666667 0.3175925925925926
1 0.8541666666666666 0.3513888888888889 0.07395833333333333 0.14722222222222223
1 0.94140625 0.5152777777777778 0.08177083333333333 0.24166666666666667
1 0.9802083333333333 0.3111111111111111 0.03854166666666667 0.1685185185185185
0 0.13645833333333332 0.3087962962962963 0.029166666666666667 0.010185185185185186
