1 0.1765625 0.3805555555555556 0.042708333333333334 0.19074074074074074
1 0.309375 0.27546296296296297 0.05625 0.13796296296296298
1 0.36875 0.3842592592592593 0.0625 0.19814814814814816
1 0.4861979166666667 0.2916666666666667 0.06822916666666666 0.1574074074074074
1 0.5627604166666667 0.31712962962962965 0.050520833333333334 0.18055555555555555
1 0.5328125 0.17962962962962964 0.03333333333333333 0.09814814814814815
1 0.6015625 0.31851851851851853 0.058333333333333334 0.18333333333333335
1 0.5046875 0.5675925925925926 0.06979166666666667 0.31851851851851853
1 0.9395833333333333 0.45787037037037037 0.096875 0.2657407407407408
0 0.5317708333333333 0.3740740740740741 0.03854166666666667 0.02962962962962963
