1 0.34140625 0.5574074074074075 0.0890625 0.26296296296296295
1 0.2638020833333333 0.425462962962963 0.0734375 0.1953703703703704
1 0.13255208333333332 0.41250000000000003 0.0640625 0.18796296296296297
1 0.040625 0.4476851851851852 0.06979166666666667 0.21574074074074076
1 0.48333333333333334 0.2888888888888889 0.07395833333333333 0.12222222222222223
1 0.7239583333333334 0.28425925925925927 0.0625 0.11481481481481481
1 0.80546875 0.38333333333333336 0.050520833333333334 0.22222222222222224
1 0.8901041666666667 0.3527777777777778 0.03333333333333333 0.17407407407407408
1 0.4822916666666667 0.6430555555555556 0.09895833333333333 0.38981481481481484
0 0.5442708333333334 0.3365740740740741 0.04479166666666667 0.025
