1 0.4395833333333333 0.3578703703703704 0.036458333333333336 0.14907407407407408
1 0.54140625 0.3560185185185185 0.0546875 0.19907407407407407
1 0.6065104166666666 0.2569444444444445 0.0328125 0.12685185185185185
1 0.6997395833333333 0.2064814814814815 0.028645833333333332 0.08333333333333334
1 0.7395833333333334 0.21157407407407408 0.046875 0.0787037037037037
1 0.78125 0.2925925925925926 0.040625 0.14074074074074075
1 0.7153645833333333 0.3902777777777778 0.059895833333333336 0.2212962962962963
1 0.4434895833333333 0.2212962962962963 0.0328125 0.10185185185185186
1 0.3697916666666667 0.22777777777777777 0.04479166666666667 0.09444444444444444
1 0.9705729166666667 0.2800925925925926 0.04635416666666667 0.14907407407407408
