0 0.46197916666666666 0.2935185185185185 0.03125 0.016666666666666666
1 0.8296875 0.6736111111111112 0.08333333333333333 0.33425925925925926
1 0.5901041666666667 0.40092592592592596 0.0625 0.22777777777777777
1 0.69296875 0.26990740740740743 0.06197916666666667 0.1527777777777778
1 0.54140625 0.24351851851851852 0.04635416666666667 0.10370370370370371
1 0.5861979166666667 0.22592592592592595 0.050520833333333334 0.1
1 0.496875 0.28055555555555556 0.03854166666666667 0.1388888888888889
1 0.4328125 0.27685185185185185 0.046875 0.14444444444444446
1 0.3559895833333333 0.3194444444444445 0.059895833333333336 0.19074074074074074
1 0.2986979166666667 0.2888888888888889 0.0546875 0.14444444444444446
1 0.26484375 0.28935185185185186 0.04114583333333333 0.09907407407407408
1 0.16979166666666667 0.4240740740740741 0.071875 0.20925925925925926
1 0.165625 0.2675925925925926 0.029166666666666667 0.11296296296296297
1 0.7979166666666666 0.21666666666666667 0.046875 0.09444444444444444
