1 0.10859375 0.650462962962963 0.1515625 0.27870370370370373
1 0.07734375 0.4550925925925926 0.06197916666666667 0.17314814814814816
1 0.045572916666666664 0.3597222222222222 0.0484375 0.14537037037037037
1 0.1046875 0.312962962962963 0.05416666666666667 0.12962962962962962
1 0.19479166666666667 0.40972222222222227 0.04479166666666667 0.25833333333333336
1 0.16666666666666666 0.3226851851851852 0.05416666666666667 0.2101851851851852
1 0.4046875 0.2513888888888889 0.04479166666666667 0.11018518518518519
1 0.48151041666666666 0.27731481481481485 0.050520833333333334 0.12314814814814816
1 0.553125 0.23657407407407408 0.046875 0.11203703703703705
0 0.6859375 0.25416666666666665 0.029166666666666667 0.01388888888888889
