1 0.44244791666666666 0.23472222222222222 0.0546875 0.10277777777777779
1 0.4075520833333333 0.21157407407407408 0.0546875 0.10462962962962963
1 0.5463541666666667 0.3092592592592593 0.04479166666666667 0.1537037037037037
1 0.5908854166666666 0.36435185185185187 0.0640625 0.2064814814814815
1 0.6958333333333333 0.3421296296296296 0.071875 0.16574074074074074
1 0.7221354166666667 0.21296296296296297 0.04635416666666667 0.07407407407407407
1 0.96484375 0.27361111111111114 0.0390625 0.10462962962962963
1 0.98984375 0.3037037037037037 0.019270833333333334 0.14814814814814814
1 0.9140625 0.4902777777777778 0.08541666666666667 0.2675925925925926
1 0.45026041666666666 0.5074074074074074 0.09739583333333333 0.2833333333333333
1 0.14166666666666666 0.34861111111111115 0.058333333333333334 0.1564814814814815
0 0.49973958333333335 0.2337962962962963 0.028645833333333332 0.019444444444444445
