1 0.5385416666666667 0.6476851851851853 0.06041666666666667 0.33611111111111114
1 0.6067708333333334 0.38981481481481484 0.071875 0.2962962962962963
1 0.47265625 0.31574074074074077 0.025520833333333333 0.13148148148148148
1 0.4356770833333333 0.2976851851851852 0.04114583333333333 0.15092592592592594
1 0.3619791666666667 0.25833333333333336 0.040625 0.12407407407407407
1 0.07734375 0.39166666666666666 0.050520833333333334 0.1925925925925926
1 0.71328125 0.25416666666666665 0.059895833333333336 0.13611111111111113
1 0.8065104166666667 0.27037037037037037 0.059895833333333336 0.13148148148148148
1 0.86875 0.23101851851851854 0.025 0.11203703703703705
1 0.953125 0.20370370370370372 0.035416666666666666 0.05740740740740741
