1 0.32005208333333335 0.34120370370370373 0.050520833333333334 0.16203703703703703
1 0.45208333333333334 0.2675925925925926 0.08125 0.14814814814814814
1 0.5395833333333333 0.2935185185185185 0.08125 0.18703703703703706
1 0.6268229166666667 0.26990740740740743 0.04635416666666667 0.12314814814814816
1 0.6723958333333333 0.34305555555555556 0.071875 0.19722222222222224
1 0.8221354166666667 0.35879629629629634 0.0640625 0.2064814814814815
1 0.7783854166666666 0.2513888888888889 0.027604166666666666 0.13240740740740742
1 0.84921875 0.25324074074074077 0.04114583333333333 0.14351851851851852
1 0.9190104166666666 0.2606481481481482 0.05260416666666667 0.1398148148148148
1 0.9432291666666667 0.2902777777777778 0.06979166666666667 0.14351851851851852
1 0.740625 0.5916666666666667 0.08333333333333333 0.2925925925925926
0 0.30963541666666666 0.39675925925925926 0.03697916666666667 0.021296296296296296
