1 0.14348958333333334 0.3875 0.030729166666666665 0.20833333333333334
1 0.2833333333333333 0.3925925925925926 0.03854166666666667 0.20185185185185187
1 0.3171875 0.28750000000000003 0.05625 0.18425925925925926
1 0.39088541666666665 0.3736111111111111 0.05260416666666667 0.17685185185185187
1 0.4036458333333333 0.2902777777777778 0.03854166666666667 0.1527777777777778
1 0.4822916666666667 0.18287037037037038 0.040625 0.08981481481481482
1 0.53359375 0.27314814814814814 0.0390625 0.13148148148148148
1 0.6075520833333333 0.2851851851851852 0.06614583333333333 0.16111111111111112
1 0.496875 0.5652777777777778 0.07395833333333333 0.3231481481481482
1 0.9356770833333333 0.4763888888888889 0.0703125 0.23981481481481481
0 0.5822916666666667 0.3314814814814815 0.03125 0.024074074074074074
