0 0.5083333333333333 0.23333333333333334 0.027083333333333334 0.012962962962962964
1 0.8502604166666666 0.4828703703703704 0.06197916666666667 0.23981481481481481
1 0.7018229166666666 0.33055555555555555 0.0328125 0.15555555555555556
1 0.6200520833333333 0.375462962962963 0.09114583333333333 0.18425925925925926
1 0.5588541666666667 0.3074074074074074 0.07395833333333333 0.17037037037037037
1 0.4317708333333333 0.5087962962962963 0.07604166666666666 0.28611111111111115
1 0.43072916666666666 0.22824074074074074 0.03854166666666667 0.1398148148148148
1 0.15520833333333334 0.3439814814814815 0.042708333333333334 0.1564814814814815
1 0.9736979166666666 0.29212962962962963 0.0484375 0.1212962962962963
1 0.7122395833333334 0.21481481481481482 0.034895833333333334 0.07777777777777778
