0 0.17734375 0.2796296296296296 0.025520833333333333 0.02592592592592593
1 0.92578125 0.5523148148148148 0.06614583333333333 0.24166666666666667
1 0.9015624999999999 0.38472222222222224 0.06770833333333333 0.16018518518518518
1 0.8947916666666667 0.3148148148148148 0.042708333333333334 0.12962962962962962
1 0.83671875 0.2625 0.0546875 0.10462962962962963
1 0.8203125 0.42129629629629634 0.05625 0.1925925925925926
1 0.61640625 0.28750000000000003 0.03697916666666667 0.12314814814814816
1 0.5385416666666667 0.39861111111111114 0.07916666666666666 0.22314814814814815
1 0.41744791666666664 0.44074074074074077 0.09322916666666667 0.26666666666666666
1 0.26484375 0.4449074074074074 0.12239583333333333 0.20092592592592592
1 0.2598958333333333 0.3143518518518519 0.058333333333333334 0.12314814814814816
1 0.03671875 0.4226851851851852 0.0546875 0.14722222222222223
1 0.03567708333333333 0.28935185185185186 0.04114583333333333 0.09166666666666667
