1 0.20364583333333333 0.712962962962963 0.07395833333333333 0.34074074074074073
1 0.2552083333333333 0.43333333333333335 0.06041666666666667 0.23148148148148148
1 0.3143229166666667 0.3851851851851852 0.050520833333333334 0.17777777777777778
1 0.38125 0.26203703703703707 0.071875 0.10925925925925926
1 0.5135416666666667 0.2675925925925926 0.05625 0.14814814814814814
1 0.6484375 0.21342592592592594 0.027083333333333334 0.0787037037037037
1 0.13072916666666667 0.3805555555555556 0.052083333333333336 0.13703703703703704
1 0.10364583333333333 0.33611111111111114 0.04479166666666667 0.12407407407407407
1 0.13359375 0.300462962962963 0.0234375 0.09907407407407408
1 0.2609375 0.287962962962963 0.052083333333333336 0.12962962962962962
