0 0.4513020833333333 0.2425925925925926 0.025520833333333333 0.020370370370370372
1 0.81640625 0.3768518518518519 0.0640625 0.19074074074074074
1 0.684375 0.3101851851851852 0.05625 0.16296296296296298
1 0.60859375 0.40972222222222227 0.06822916666666666 0.25277777777777777
1 0.4434895833333333 0.4078703703703704 0.08385416666666666 0.225
1 0.21927083333333333 0.34675925925925927 0.05416666666666667 0.16018518518518518
1 0.4317708333333333 0.21064814814814817 0.04895833333333333 0.10833333333333334
1 0.5096354166666667 0.1837962962962963 0.0484375 0.10277777777777779
1 0.74921875 0.21574074074074076 0.034895833333333334 0.10185185185185186
1 0.8880208333333334 0.27546296296296297 0.052083333333333336 0.11018518518518519
1 0.9143229166666667 0.3212962962962963 0.057812499999999996 0.1574074074074074
