1 0.60078125 0.2439814814814815 0.059895833333333336 0.08240740740740742
1 0.6947916666666667 0.3013888888888889 0.042708333333333334 0.14537037037037037
1 0.28020833333333334 0.3736111111111111 0.071875 0.20833333333333334
1 0.37838541666666664 0.25787037037037036 0.050520833333333334 0.11388888888888889
1 0.18619791666666666 0.2972222222222222 0.0546875 0.1425925925925926
1 0.19296875 0.3513888888888889 0.05260416666666667 0.12314814814814816
1 0.1765625 0.5018518518518519 0.08541666666666667 0.24629629629629632
1 0.09270833333333334 0.36435185185185187 0.08541666666666667 0.19907407407407407
1 0.10052083333333334 0.3282407407407408 0.042708333333333334 0.1175925925925926
1 0.029947916666666668 0.563425925925926 0.059895833333333336 0.23055555555555557
0 0.5869791666666666 0.27083333333333337 0.040625 0.025
