1 0.70078125 0.20092592592592592 0.06197916666666667 0.10925925925925926
1 0.5588541666666667 0.27222222222222225 0.03125 0.10740740740740741
1 0.60859375 0.22870370370370371 0.03697916666666667 0.09814814814814815
1 0.46588541666666666 0.2675925925925926 0.0390625 0.12222222222222223
1 0.3794270833333333 0.35555555555555557 0.04114583333333333 0.1685185185185185
1 0.34921875 0.42083333333333334 0.050520833333333334 0.21944444444444444
1 0.31640625 0.30324074074074076 0.0234375 0.13055555555555556
1 0.33958333333333335 0.2212962962962963 0.019791666666666666 0.020370370370370372
1 0.209375 0.33055555555555555 0.096875 0.25
1 0.11145833333333333 0.32083333333333336 0.025 0.10277777777777779
1 0.2890625 0.712962962962963 0.10833333333333334 0.3314814814814815
