1 0.2716145833333333 0.2638888888888889 0.027604166666666666 0.1277777777777778
1 0.29973958333333334 0.44212962962962965 0.05260416666666667 0.1953703703703704
1 0.5510416666666667 0.24120370370370373 0.05416666666666667 0.14722222222222223
1 0.8096354166666666 0.16666666666666669 0.050520833333333334 0.10185185185185186
1 0.7356770833333334 0.2902777777777778 0.0546875 0.1675925925925926
1 0.78515625 0.39212962962962966 0.05260416666666667 0.19166666666666668
1 0.9015624999999999 0.2662037037037037 0.06041666666666667 0.14907407407407408
1 0.9841145833333333 0.3875 0.030729166666666665 0.15833333333333333
1 0.6783854166666666 0.5180555555555556 0.07135416666666666 0.2638888888888889
1 0.6473958333333333 0.39212962962962966 0.06041666666666667 0.18055555555555555
1 0.7989583333333333 0.6583333333333333 0.09895833333333333 0.3814814814814815
