1 0.14817708333333332 0.6685185185185185 0.09114583333333333 0.3037037037037037
1 0.17135416666666667 0.40046296296296297 0.071875 0.26203703703703707
1 0.25494791666666666 0.40185185185185185 0.03697916666666667 0.1851851851851852
1 0.28125 0.2916666666666667 0.058333333333333334 0.10925925925925926
1 0.44921875 0.2490740740740741 0.0484375 0.12592592592592594
1 0.596875 0.21203703703703705 0.052083333333333336 0.11851851851851852
1 0.09583333333333333 0.32962962962962966 0.04895833333333333 0.16296296296296298
1 0.07369791666666667 0.3990740740740741 0.06197916666666667 0.21296296296296297
1 0.03567708333333333 0.3162037037037037 0.05260416666666667 0.1787037037037037
0 0.7044270833333334 0.25277777777777777 0.019270833333333334 0.011111111111111112
