0 0.7794270833333333 0.2953703703703704 0.025520833333333333 0.024074074074074074
1 0.83359375 0.3013888888888889 0.0484375 0.15092592592592594
1 0.7463541666666667 0.21805555555555556 0.036458333333333336 0.11574074074074074
1 0.5309895833333333 0.22268518518518518 0.0484375 0.16018518518518518
1 0.3481770833333333 0.3125 0.06822916666666666 0.1824074074074074
1 0.28619791666666666 0.4152777777777778 0.05260416666666667 0.2212962962962963
1 0.26875 0.24537037037037038 0.03333333333333333 0.0962962962962963
1 0.17838541666666666 0.3550925925925926 0.0390625 0.13425925925925927
1 0.11041666666666666 0.36574074074074076 0.05416666666666667 0.15555555555555556
1 0.03854166666666667 0.24814814814814815 0.046875 0.0962962962962963
1 0.09661458333333334 0.5717592592592593 0.034895833333333334 0.23981481481481481
1 0.049479166666666664 0.6125 0.071875 0.287962962962963
