1 0.0484375 0.6212962962962963 0.06979166666666667 0.29074074074074074
1 0.06770833333333333 0.37222222222222223 0.058333333333333334 0.17777777777777778
1 0.20052083333333334 0.3560185185185185 0.05625 0.1527777777777778
1 0.23958333333333334 0.42592592592592593 0.07916666666666666 0.2555555555555556
1 0.3723958333333333 0.33194444444444443 0.06979166666666667 0.16203703703703703
1 0.7434895833333334 0.18611111111111112 0.06197916666666667 0.10555555555555556
1 0.8317708333333333 0.26666666666666666 0.04895833333333333 0.20185185185185187
1 0.5260416666666666 0.23842592592592593 0.05416666666666667 0.11018518518518519
1 0.23463541666666665 0.25324074074074077 0.04635416666666667 0.11944444444444445
1 0.059895833333333336 0.2537037037037037 0.042708333333333334 0.10185185185185186
0 0.79296875 0.31666666666666665 0.0328125 0.018518518518518517
