1 0.15989583333333332 0.4828703703703704 0.071875 0.21944444444444444
1 0.19869791666666667 0.34444444444444444 0.0484375 0.20555555555555557
1 0.2872395833333333 0.23842592592592593 0.06614583333333333 0.13611111111111113
1 0.3325520833333333 0.27175925925925926 0.03697916666666667 0.10833333333333334
1 0.5453125 0.34675925925925927 0.065625 0.19907407407407407
1 0.6153645833333333 0.3800925925925926 0.0390625 0.19722222222222224
1 0.6520833333333333 0.24722222222222223 0.05416666666666667 0.11111111111111112
1 0.6075520833333333 0.21805555555555556 0.06197916666666667 0.13055555555555556
1 0.7057291666666666 0.2476851851851852 0.04479166666666667 0.15092592592592594
1 0.8338541666666667 0.26342592592592595 0.040625 0.1712962962962963
1 0.3385416666666667 0.20046296296296298 0.03333333333333333 0.09722222222222222
