1 0.6723958333333333 0.6842592592592592 0.08333333333333333 0.31666666666666665
1 0.9065104166666667 0.575925925925926 0.09739583333333333 0.2777777777777778
1 0.840625 0.3814814814814815 0.058333333333333334 0.17592592592592593
1 0.8182291666666667 0.2851851851851852 0.06770833333333333 0.1277777777777778
1 0.7484375 0.3888888888888889 0.0875 0.1925925925925926
1 0.5833333333333334 0.2925925925925926 0.06041666666666667 0.18333333333333335
1 0.18541666666666667 0.4652777777777778 0.071875 0.22685185185185186
1 0.46588541666666666 0.33055555555555555 0.050520833333333334 0.14444444444444446
1 0.36666666666666664 0.26203703703703707 0.0625 0.10925925925925926
1 0.2453125 0.25416666666666665 0.06041666666666667 0.11574074074074074
1 0.9549479166666667 0.2916666666666667 0.06197916666666667 0.15
