1 0.2708333333333333 0.7875 0.09895833333333333 0.3564814814814815
1 0.2950520833333333 0.4675925925925926 0.06197916666666667 0.19444444444444445
1 0.5541666666666667 0.4652777777777778 0.09479166666666666 0.21203703703703705
1 0.60546875 0.4342592592592593 0.06614583333333333 0.1851851851851852
1 0.6872395833333333 0.44953703703703707 0.1046875 0.2064814814814815
1 0.7471354166666666 0.3912037037037037 0.07760416666666667 0.21203703703703705
1 0.5182291666666666 0.20370370370370372 0.058333333333333334 0.13148148148148148
1 0.40546875 0.3013888888888889 0.09322916666666667 0.14351851851851852
1 0.02109375 0.5287037037037037 0.027604166666666666 0.23148148148148148
0 0.47942708333333334 0.6550925925925927 0.0546875 0.03981481481481482
