1 0.18802083333333333 0.4981481481481482 0.06979166666666667 0.2388888888888889
1 0.27630208333333334 0.2611111111111111 0.0484375 0.1388888888888889
1 0.33098958333333334 0.25092592592592594 0.03697916666666667 0.11481481481481481
1 0.38229166666666664 0.2712962962962963 0.05416666666666667 0.15925925925925927
1 0.19791666666666666 0.28611111111111115 0.027083333333333334 0.13148148148148148
1 0.48411458333333335 0.2162037037037037 0.0328125 0.07685185185185185
1 0.5309895833333333 0.2162037037037037 0.03697916666666667 0.08796296296296297
1 0.56875 0.1925925925925926 0.03125 0.09814814814814815
1 0.6723958333333333 0.24537037037037038 0.04479166666666667 0.13148148148148148
1 0.7424479166666667 0.23472222222222222 0.044270833333333336 0.1212962962962963
