0 0.4328125 0.20555555555555557 0.027083333333333334 0.016666666666666666
1 0.8947916666666667 0.3337962962962963 0.08541666666666667 0.20092592592592592
1 0.6416666666666666 0.2740740740740741 0.04479166666666667 0.1851851851851852
1 0.5377604166666666 0.2476851851851852 0.050520833333333334 0.13425925925925927
1 0.4783854166666667 0.19907407407407407 0.0328125 0.12037037037037038
1 0.39401041666666664 0.19861111111111113 0.019270833333333334 0.11018518518518519
1 0.35234375 0.28101851851851856 0.0484375 0.20092592592592592
1 0.22005208333333334 0.2449074074074074 0.03697916666666667 0.13240740740740742
1 0.18020833333333333 0.2162037037037037 0.027083333333333334 0.07685185185185185
1 0.09973958333333333 0.437962962962963 0.07135416666666666 0.21851851851851853
1 0.08333333333333333 0.33055555555555555 0.03854166666666667 0.15925925925925927
1 0.8328125 0.11342592592592593 0.03854166666666667 0.058333333333333334
