0 0.83203125 0.8800925925925926 0.0640625 0.0712962962962963
1 0.73671875 0.7865740740740741 0.1265625 0.35462962962962963
1 0.465625 0.6953703703703704 0.10104166666666667 0.29074074074074074
1 0.52109375 0.39351851851851855 0.07135416666666666 0.1925925925925926
1 0.7716145833333333 0.36944444444444446 0.0796875 0.2
1 0.64921875 0.21666666666666667 0.03697916666666667 0.10740740740740741
1 0.5005208333333333 0.24537037037037038 0.08541666666666667 0.11111111111111112
1 0.33177083333333335 0.300462962962963 0.065625 0.1212962962962963
1 0.07447916666666667 0.38657407407407407 0.052083333333333336 0.18611111111111112
1 0.06770833333333333 0.30092592592592593 0.06979166666666667 0.16481481481481483
1 0.1484375 0.23842592592592593 0.040625 0.08981481481481482
1 0.20572916666666666 0.17222222222222222 0.042708333333333334 0.05740740740740741
1 0.02109375 0.48055555555555557 0.0390625 0.1962962962962963
