1 0.54921875 0.611574074074074 0.11614583333333334 0.28240740740740744
1 0.8005208333333333 0.48935185185185187 0.05625 0.23240740740740742
1 0.8385416666666666 0.34814814814814815 0.065625 0.18888888888888888
1 0.78125 0.31851851851851853 0.04895833333333333 0.17037037037037037
1 0.6677083333333333 0.2740740740740741 0.05 0.15
1 0.5549479166666667 0.23101851851851854 0.04635416666666667 0.09907407407407408
1 0.49114583333333334 0.27685185185185185 0.058333333333333334 0.14814814814814814
1 0.42291666666666666 0.2212962962962963 0.03125 0.09814814814814815
1 0.36276041666666664 0.2087962962962963 0.030729166666666665 0.10462962962962963
1 0.26171875 0.3995370370370371 0.07760416666666667 0.18425925925925926
1 0.7182291666666667 0.14444444444444446 0.042708333333333334 0.07037037037037037
1 0.8309895833333333 0.12916666666666668 0.050520833333333334 0.058333333333333334
1 0.8609375 0.23472222222222222 0.040625 0.11018518518518519
1 0.8997395833333334 0.26990740740740743 0.05260416666666667 0.18425925925925926
