1 0.3455729166666667 0.3875 0.050520833333333334 0.20833333333333334
1 0.4395833333333333 0.23240740740740742 0.052083333333333336 0.09814814814814815
1 0.35130208333333335 0.23148148148148148 0.0390625 0.11111111111111112
1 0.50859375 0.26342592592592595 0.04635416666666667 0.16018518518518518
1 0.5541666666666667 0.28935185185185186 0.04479166666666667 0.16203703703703703
1 0.71640625 0.29305555555555557 0.06197916666666667 0.1398148148148148
1 0.7705729166666666 0.23796296296296296 0.0390625 0.10925925925925926
1 0.8096354166666666 0.2212962962962963 0.034895833333333334 0.08333333333333334
1 0.9075520833333334 0.25416666666666665 0.05260416666666667 0.13611111111111113
1 0.95 0.41064814814814815 0.05625 0.24537037037037038
1 0.9783854166666667 0.19305555555555556 0.034895833333333334 0.10462962962962963
1 0.06692708333333333 0.26435185185185184 0.03697916666666667 0.09537037037037037
1 0.6065104166666666 0.24305555555555555 0.0328125 0.12685185185185185
