1 0.16979166666666667 0.4305555555555556 0.04479166666666667 0.19444444444444445
1 0.3841145833333333 0.2935185185185185 0.07760416666666667 0.15925925925925927
1 0.4278645833333333 0.2138888888888889 0.0640625 0.10185185185185186
1 0.26171875 0.2638888888888889 0.034895833333333334 0.10185185185185186
1 0.5794270833333334 0.1962962962962963 0.05260416666666667 0.09444444444444444
1 0.65390625 0.33564814814814814 0.034895833333333334 0.16203703703703703
1 0.6794270833333333 0.2796296296296296 0.04635416666666667 0.14444444444444446
1 0.71640625 0.26805555555555555 0.050520833333333334 0.14351851851851852
1 0.6278645833333333 0.7199074074074074 0.08697916666666666 0.3564814814814815
1 0.8791666666666667 0.8050925925925926 0.128125 0.3824074074074074
