1 0.3880208333333333 0.30694444444444446 0.03125 0.16944444444444445
1 0.41328125 0.2476851851851852 0.0390625 0.09166666666666667
1 0.45807291666666666 0.24953703703703706 0.0390625 0.10462962962962963
1 0.5018229166666667 0.23796296296296296 0.0328125 0.11666666666666667
1 0.31614583333333335 0.25601851851851853 0.06979166666666667 0.1675925925925926
1 0.2015625 0.25324074074074077 0.015625 0.12314814814814816
1 0.15026041666666667 0.31157407407407406 0.04114583333333333 0.1398148148148148
1 0.7364583333333333 0.44953703703703707 0.08333333333333333 0.18981481481481483
1 0.6783854166666666 0.2523148148148148 0.04114583333333333 0.1175925925925926
1 0.5901041666666667 0.20370370370370372 0.027083333333333334 0.07592592592592592
1 0.5453125 0.2013888888888889 0.03854166666666667 0.09537037037037037
1 0.92578125 0.21203703703703705 0.034895833333333334 0.07222222222222223
