1 0.3484375 0.7268518518518519 0.0875 0.35370370370370374
1 0.49505208333333334 0.35000000000000003 0.07760416666666667 0.17037037037037037
1 0.8713541666666667 0.4046296296296297 0.08541666666666667 0.22592592592592595
1 0.9046875 0.34814814814814815 0.03854166666666667 0.18703703703703706
1 0.9734375 0.30462962962962964 0.04479166666666667 0.18888888888888888
1 0.6669270833333333 0.1962962962962963 0.03697916666666667 0.09444444444444444
1 0.49192708333333335 0.21666666666666667 0.05260416666666667 0.12037037037037038
1 0.52421875 0.2101851851851852 0.034895833333333334 0.11296296296296297
1 0.18046875 0.5078703703703704 0.08177083333333333 0.22685185185185186
1 0.24921875 0.2865740740740741 0.0796875 0.12685185185185185
