1 0.2791666666666667 0.43333333333333335 0.058333333333333334 0.1962962962962963
1 0.06302083333333333 0.33935185185185185 0.029166666666666667 0.18055555555555555
1 0.36484375 0.27222222222222225 0.06197916666666667 0.1462962962962963
1 0.45989583333333334 0.2189814814814815 0.03125 0.09907407407407408
1 0.49765624999999997 0.21851851851851853 0.03697916666666667 0.1
1 0.5580729166666667 0.26435185185185184 0.05260416666666667 0.14907407407407408
1 0.5940104166666667 0.26481481481481484 0.04635416666666667 0.1685185185185185
1 0.828125 0.2962962962962963 0.05625 0.15555555555555556
1 0.9377604166666667 0.2513888888888889 0.06197916666666667 0.14537037037037037
1 0.8356770833333333 0.12685185185185185 0.028645833333333332 0.06666666666666667
