1 0.29401041666666666 0.3564814814814815 0.05260416666666667 0.18333333333333335
1 0.22395833333333334 0.3087962962962963 0.04479166666666667 0.10092592592592593
1 0.15234375 0.2833333333333333 0.03697916666666667 0.12037037037037038
1 0.05416666666666667 0.37592592592592594 0.046875 0.15555555555555556
1 0.3776041666666667 0.26481481481481484 0.04479166666666667 0.09444444444444444
1 0.42890625 0.25972222222222224 0.057812499999999996 0.125
1 0.5153645833333333 0.22222222222222224 0.03697916666666667 0.08703703703703704
1 0.63671875 0.27314814814814814 0.06197916666666667 0.12222222222222223
1 0.6947916666666667 0.4550925925925926 0.046875 0.21203703703703705
1 0.8424479166666666 0.1912037037037037 0.050520833333333334 0.10648148148148148
0 0.4708333333333333 0.29120370370370374 0.029166666666666667 0.02314814814814815
