1 0.12473958333333333 0.4416666666666667 0.0640625 0.1925925925925926
1 0.12317708333333333 0.32083333333333336 0.0484375 0.1527777777777778
1 0.240625 0.23703703703703705 0.03854166666666667 0.13518518518518519
1 0.41119791666666666 0.2990740740740741 0.050520833333333334 0.1537037037037037
1 0.38046875 0.23935185185185187 0.0390625 0.10648148148148148
1 0.4484375 0.19768518518518519 0.027083333333333334 0.08981481481481482
1 0.5278645833333333 0.20787037037037037 0.019270833333333334 0.1212962962962963
1 0.5979166666666667 0.250462962962963 0.027083333333333334 0.13425925925925927
1 0.71796875 0.28240740740740744 0.050520833333333334 0.15
1 0.6911458333333333 0.25416666666666665 0.042708333333333334 0.1638888888888889
1 0.978125 0.3365740740740741 0.042708333333333334 0.16018518518518518
