0 0.340625 0.26805555555555555 0.029166666666666667 0.02314814814814815
1 0.5424479166666667 0.674074074074074 0.05677083333333333 0.32222222222222224
1 0.60078125 0.46296296296296297 0.059895833333333336 0.22037037037037038
1 0.5911458333333334 0.36944444444444446 0.071875 0.17777777777777778
1 0.6950520833333333 0.3277777777777778 0.06197916666666667 0.15555555555555556
1 0.6239583333333333 0.2902777777777778 0.052083333333333336 0.15462962962962964
1 0.48828125 0.3101851851851852 0.0484375 0.13703703703703704
1 0.5182291666666666 0.29444444444444445 0.042708333333333334 0.12407407407407407
1 0.41119791666666666 0.32222222222222224 0.06614583333333333 0.13333333333333333
1 0.22005208333333334 0.41805555555555557 0.0484375 0.18425925925925926
1 0.24166666666666667 0.31527777777777777 0.05625 0.14722222222222223
1 0.8143229166666667 0.6055555555555556 0.1109375 0.3055555555555556
1 0.8065104166666667 0.23055555555555557 0.0484375 0.08148148148148149
