1 0.7880208333333333 0.45 0.0625 0.22222222222222224
1 0.6752604166666667 0.26481481481481484 0.034895833333333334 0.12592592592592594
1 0.4901041666666667 0.2518518518518519 0.03333333333333333 0.11481481481481481
1 0.45598958333333334 0.23611111111111113 0.050520833333333334 0.09074074074074075
1 0.4125 0.26342592592592595 0.06041666666666667 0.1212962962962963
1 0.35520833333333335 0.32592592592592595 0.027083333333333334 0.15
1 0.2791666666666667 0.2814814814814815 0.042708333333333334 0.11666666666666667
1 0.18984375 0.2625 0.0234375 0.11018518518518519
1 0.13385416666666666 0.3416666666666667 0.027083333333333334 0.13333333333333333
1 0.9036458333333334 0.20925925925925926 0.040625 0.07777777777777778
1 0.57265625 0.21342592592592594 0.0390625 0.08611111111111111
1 0.5296875 0.20092592592592592 0.03125 0.08703703703703704
