0 0.41432291666666665 0.26342592592592595 0.021354166666666667 0.028703703703703703
1 0.6541666666666667 0.6481481481481481 0.10104166666666667 0.3148148148148148
1 0.78125 0.3462962962962963 0.04895833333333333 0.18333333333333335
1 0.8901041666666667 0.5324074074074074 0.09479166666666666 0.2740740740740741
1 0.8559895833333333 0.3416666666666667 0.11614583333333334 0.2574074074074074
1 0.6541666666666667 0.26342592592592595 0.046875 0.18611111111111112
1 0.60546875 0.23935185185185187 0.06197916666666667 0.12685185185185185
1 0.51328125 0.2972222222222222 0.0484375 0.13148148148148148
1 0.41041666666666665 0.24166666666666667 0.04479166666666667 0.0925925925925926
1 0.3325520833333333 0.22175925925925927 0.0484375 0.09907407407407408
1 0.26197916666666665 0.4203703703703704 0.07395833333333333 0.18888888888888888
1 0.6697916666666667 0.1476851851851852 0.027083333333333334 0.05462962962962963
1 0.8015625 0.13657407407407407 0.03125 0.05648148148148149
