0 0.5104166666666666 0.7162037037037037 0.046875 0.05277777777777778
1 0.4153645833333333 0.7162037037037037 0.1046875 0.3490740740740741
1 0.41822916666666665 0.5333333333333333 0.0875 0.2833333333333333
1 0.64453125 0.47870370370370374 0.1046875 0.26851851851851855
1 0.8231770833333333 0.48888888888888893 0.10885416666666667 0.22222222222222224
1 0.85234375 0.40972222222222227 0.07760416666666667 0.19166666666666668
1 0.5356770833333333 0.2986111111111111 0.057812499999999996 0.15092592592592594
1 0.6395833333333333 0.23194444444444445 0.040625 0.09722222222222222
1 0.12786458333333334 0.48888888888888893 0.06197916666666667 0.21296296296296297
1 0.17057291666666666 0.42685185185185187 0.0734375 0.1962962962962963
1 0.08723958333333333 0.37222222222222223 0.06614583333333333 0.22222222222222224
