1 0.5260416666666666 0.6268518518518519 0.096875 0.26481481481481484
1 0.5958333333333333 0.649537037037037 0.1125 0.27870370370370373
1 0.5822916666666667 0.44351851851851853 0.0625 0.2240740740740741
1 0.6591145833333333 0.3685185185185185 0.0640625 0.21481481481481482
1 0.6549479166666666 0.5337962962962963 0.0953125 0.26203703703703707
1 0.7403645833333333 0.4287037037037037 0.0796875 0.24814814814814815
1 0.6677083333333333 0.2189814814814815 0.046875 0.09907407407407408
1 0.5471354166666667 0.3013888888888889 0.06197916666666667 0.14537037037037037
1 0.24817708333333333 0.44537037037037036 0.06197916666666667 0.22037037037037038
1 0.18333333333333332 0.4675925925925926 0.071875 0.22592592592592595
1 0.08984375 0.36574074074074076 0.03697916666666667 0.19444444444444445
1 0.15885416666666666 0.30324074074074076 0.03854166666666667 0.1398148148148148
