1 0.453125 0.36203703703703705 0.052083333333333336 0.17407407407407408
1 0.3677083333333333 0.23611111111111113 0.04479166666666667 0.11481481481481481
1 0.5716145833333334 0.22546296296296298 0.05260416666666667 0.11203703703703705
1 0.62890625 0.27824074074074073 0.030729166666666665 0.14166666666666666
1 0.6453125 0.22222222222222224 0.04479166666666667 0.13703703703703704
1 0.6908854166666667 0.29212962962962963 0.050520833333333334 0.1527777777777778
1 0.7453125 0.24629629629629632 0.042708333333333334 0.1462962962962963
1 0.884375 0.26944444444444443 0.05625 0.15
1 0.9065104166666667 0.24629629629629632 0.0390625 0.11111111111111112
1 0.9445312499999999 0.3074074074074074 0.05260416666666667 0.1814814814814815
0 0.40859375 0.2657407407407408 0.0171875 0.012962962962962964
