1 0.32109375 0.4351851851851852 0.0484375 0.2240740740740741
1 0.38697916666666665 0.2657407407407408 0.05625 0.1574074074074074
1 0.48802083333333335 0.2189814814814815 0.040625 0.10092592592592593
1 0.5455729166666666 0.22314814814814815 0.034895833333333334 0.11481481481481481
1 0.5979166666666667 0.25925925925925924 0.058333333333333334 0.17037037037037037
1 0.6455729166666666 0.24629629629629632 0.0484375 0.12037037037037038
1 0.8317708333333333 0.2763888888888889 0.06041666666666667 0.16203703703703703
1 0.9395833333333333 0.2490740740740741 0.046875 0.15
1 0.8299479166666667 0.12453703703703704 0.025520833333333333 0.05277777777777778
1 0.06302083333333333 0.3425925925925926 0.04479166666666667 0.16481481481481483
