1 0.20651041666666667 0.47361111111111115 0.059895833333333336 0.20092592592592592
1 0.12213541666666666 0.48055555555555557 0.050520833333333334 0.20925925925925926
1 0.054947916666666666 0.3712962962962963 0.05260416666666667 0.19074074074074074
1 0.15520833333333334 0.30092592592592593 0.05416666666666667 0.11666666666666667
1 0.5375 0.3976851851851852 0.07395833333333333 0.27314814814814814
1 0.5833333333333334 0.6027777777777777 0.12604166666666666 0.3092592592592593
1 0.6677083333333333 0.5708333333333333 0.078125 0.26944444444444443
1 0.665625 0.3912037037037037 0.08541666666666667 0.16944444444444445
1 0.6356770833333333 0.21944444444444444 0.0484375 0.11296296296296297
0 0.4744791666666667 0.4240740740740741 0.03333333333333333 0.03333333333333333
