1 0.4513020833333333 0.725925925925926 0.1109375 0.35185185185185186
1 0.15026041666666667 0.4814814814814815 0.06822916666666666 0.22777777777777777
1 0.43854166666666666 0.33194444444444443 0.065625 0.12685185185185185
1 0.42109375 0.24166666666666667 0.050520833333333334 0.1
1 0.4471354166666667 0.21435185185185185 0.03697916666666667 0.08425925925925926
1 0.23385416666666667 0.27824074074074073 0.06041666666666667 0.10462962962962963
1 0.7559895833333333 0.3888888888888889 0.0640625 0.21296296296296297
1 0.78125 0.33564814814814814 0.06041666666666667 0.19166666666666668
1 0.8463541666666666 0.2888888888888889 0.0625 0.17407407407407408
1 0.6026041666666666 0.19953703703703704 0.04479166666666667 0.0787037037037037
