1 0.2755208333333333 0.2837962962962963 0.058333333333333334 0.1564814814814815
1 0.4231770833333333 0.26435185185185184 0.034895833333333334 0.14722222222222223
1 0.5018229166666667 0.25416666666666665 0.0328125 0.11944444444444445
1 0.6481770833333333 0.4425925925925926 0.07760416666666667 0.20185185185185187
1 0.6434895833333333 0.2814814814814815 0.044270833333333336 0.1388888888888889
1 0.62109375 0.23101851851851854 0.06197916666666667 0.13611111111111113
1 0.7473958333333334 0.22083333333333335 0.07395833333333333 0.1398148148148148
1 0.8075520833333333 0.2087962962962963 0.034895833333333334 0.11203703703703705
1 0.8502604166666666 0.20833333333333334 0.04635416666666667 0.11111111111111112
1 0.8580729166666666 0.34120370370370373 0.04635416666666667 0.17314814814814816
1 0.9580729166666666 0.25601851851851853 0.0484375 0.1675925925925926
