1 0.09401041666666667 0.8041666666666667 0.1453125 0.3842592592592593
1 0.06197916666666667 0.4740740740740741 0.06979166666666667 0.2240740740740741
1 0.12890625 0.42453703703703705 0.044270833333333336 0.16018518518518518
1 0.16484375 0.3078703703703704 0.0546875 0.08796296296296297
1 0.228125 0.2972222222222222 0.05625 0.12592592592592594
1 0.48515625 0.27731481481481485 0.0703125 0.21944444444444444
1 0.5791666666666666 0.22083333333333335 0.04479166666666667 0.11203703703703705
1 0.7880208333333333 0.22962962962962963 0.046875 0.1388888888888889
1 0.9182291666666667 0.20462962962962963 0.05416666666666667 0.13518518518518519
1 0.9588541666666667 0.2967592592592593 0.05416666666666667 0.18055555555555555
