1 0.5143229166666666 0.3680555555555556 0.0234375 0.1824074074074074
1 0.5494791666666666 0.2212962962962963 0.042708333333333334 0.11666666666666667
1 0.6005208333333333 0.25972222222222224 0.029166666666666667 0.11944444444444445
1 0.8872395833333333 0.18425925925925926 0.050520833333333334 0.12962962962962962
1 0.47734375 0.23750000000000002 0.034895833333333334 0.10648148148148148
1 0.3403645833333333 0.25601851851851853 0.03697916666666667 0.11388888888888889
1 0.2716145833333333 0.3013888888888889 0.034895833333333334 0.12685185185185185
1 0.2203125 0.32592592592592595 0.040625 0.20740740740740743
1 0.13359375 0.2763888888888889 0.04635416666666667 0.09907407407407408
1 0.04635416666666667 0.3685185185185185 0.03125 0.1388888888888889
