1 0.4453125 0.42314814814814816 0.071875 0.19074074074074074
1 0.44140625 0.26203703703703707 0.05260416666666667 0.12592592592592594
1 0.52890625 0.22685185185185186 0.05260416666666667 0.09444444444444444
1 0.59296875 0.25787037037037036 0.05677083333333333 0.13240740740740742
1 0.3015625 0.27222222222222225 0.040625 0.11111111111111112
1 0.27057291666666666 0.2953703703703704 0.044270833333333336 0.1388888888888889
1 0.20755208333333333 0.3194444444444445 0.0390625 0.14074074074074075
1 0.17552083333333332 0.29120370370370374 0.052083333333333336 0.12685185185185185
1 0.14244791666666667 0.38842592592592595 0.044270833333333336 0.16018518518518518
1 0.12005208333333334 0.2763888888888889 0.034895833333333334 0.10648148148148148
1 0.02109375 0.3907407407407408 0.0390625 0.13333333333333333
