1 0.20260416666666667 0.5675925925925926 0.11458333333333333 0.2611111111111111
1 0.13177083333333334 0.3375 0.06979166666666667 0.14722222222222223
1 0.2328125 0.2587962962962963 0.046875 0.10092592592592593
1 0.3260416666666667 0.2777777777777778 0.042708333333333334 0.13333333333333333
1 0.38229166666666664 0.28611111111111115 0.03125 0.16111111111111112
1 0.41328125 0.2513888888888889 0.0234375 0.10462962962962963
1 0.5986979166666666 0.21944444444444444 0.0328125 0.09444444444444444
1 0.64921875 0.20972222222222223 0.04114583333333333 0.10277777777777779
1 0.640625 0.32083333333333336 0.046875 0.16574074074074074
1 0.6684895833333333 0.2587962962962963 0.0484375 0.12685185185185185
1 0.9716145833333333 0.18472222222222223 0.04114583333333333 0.11574074074074074
