1 0.225 0.32037037037037036 0.03854166666666667 0.11296296296296297
1 0.3559895833333333 0.250462962962963 0.0328125 0.10277777777777779
1 0.3997395833333333 0.2925925925925926 0.0390625 0.1277777777777778
1 0.4356770833333333 0.25833333333333336 0.03697916666666667 0.1388888888888889
1 0.5794270833333334 0.2847222222222222 0.03697916666666667 0.14166666666666666
1 0.5911458333333334 0.24074074074074076 0.029166666666666667 0.13518518518518519
1 0.63671875 0.2337962962962963 0.0390625 0.1287037037037037
1 0.7463541666666667 0.21666666666666667 0.040625 0.11666666666666667
1 0.784375 0.20092592592592592 0.03125 0.11481481481481481
1 0.84921875 0.3212962962962963 0.0484375 0.19074074074074074
1 0.8588541666666667 0.2388888888888889 0.04479166666666667 0.17407407407407408
1 0.5307291666666667 0.47731481481481486 0.08333333333333333 0.23240740740740742
