1 0.3403645833333333 0.5861111111111111 0.07552083333333333 0.2777777777777778
1 0.21640625 0.3902777777777778 0.0796875 0.1675925925925926
1 0.17369791666666667 0.337037037037037 0.03697916666666667 0.1425925925925926
1 0.23671875 0.27685185185185185 0.06197916666666667 0.12222222222222223
1 0.3567708333333333 0.24537037037037038 0.042708333333333334 0.08518518518518518
1 0.42578125 0.25324074074074077 0.0484375 0.14907407407407408
1 0.5260416666666666 0.27546296296296297 0.05416666666666667 0.1527777777777778
1 0.6434895833333333 0.22268518518518518 0.05260416666666667 0.11388888888888889
1 0.9309895833333334 0.2972222222222222 0.0640625 0.19444444444444445
1 0.9182291666666667 0.19953703703703704 0.042708333333333334 0.14907407407407408
