1 0.24453125 0.7125 0.08177083333333333 0.3212962962962963
1 0.13489583333333333 0.42824074074074076 0.071875 0.18611111111111112
1 0.15989583333333332 0.3726851851851852 0.05625 0.16018518518518518
1 0.2171875 0.2935185185185185 0.05416666666666667 0.13148148148148148
1 0.27057291666666666 0.27685185185185185 0.059895833333333336 0.12962962962962962
1 0.47265625 0.2611111111111111 0.05260416666666667 0.11111111111111112
1 0.5395833333333333 0.2814814814814815 0.058333333333333334 0.2388888888888889
1 0.74921875 0.2263888888888889 0.06197916666666667 0.11203703703703705
1 0.9658854166666666 0.2837962962962963 0.0484375 0.18055555555555555
1 0.9520833333333333 0.19861111111111113 0.040625 0.12314814814814816
