0 0.3286458333333333 0.23981481481481481 0.029166666666666667 0.014814814814814815
1 0.65234375 0.4393518518518519 0.06614583333333333 0.2212962962962963
1 0.6161458333333333 0.2611111111111111 0.029166666666666667 0.15925925925925927
1 0.5377604166666666 0.25 0.050520833333333334 0.1388888888888889
1 0.4395833333333333 0.25833333333333336 0.04895833333333333 0.13333333333333333
1 0.2890625 0.29305555555555557 0.058333333333333334 0.1175925925925926
1 0.7872395833333333 0.22222222222222224 0.0484375 0.11666666666666667
1 0.8307291666666666 0.21666666666666667 0.046875 0.11481481481481481
1 0.8377604166666667 0.3425925925925926 0.03697916666666667 0.17962962962962964
1 0.9015624999999999 0.19583333333333333 0.029166666666666667 0.1175925925925926
1 0.9791666666666666 0.2523148148148148 0.040625 0.16574074074074074
