0 0.18619791666666666 0.2513888888888889 0.0234375 0.017592592592592594
1 0.12109375 0.39351851851851855 0.044270833333333336 0.1537037037037037
1 0.11223958333333334 0.28703703703703703 0.04635416666666667 0.12592592592592594
1 0.15234375 0.2837962962962963 0.03697916666666667 0.13055555555555556
1 0.2203125 0.31203703703703706 0.05625 0.15925925925925927
1 0.27447916666666666 0.2925925925925926 0.04895833333333333 0.16296296296296298
1 0.44921875 0.24305555555555555 0.025520833333333333 0.10462962962962963
1 0.5299479166666666 0.2212962962962963 0.0234375 0.10740740740740741
1 0.61640625 0.2625 0.0328125 0.13796296296296298
1 0.39296875 0.44027777777777777 0.06822916666666666 0.23611111111111113
1 0.88515625 0.1953703703703704 0.0390625 0.1
