1 0.27057291666666666 0.5342592592592593 0.0953125 0.25
1 0.14713541666666666 0.3365740740740741 0.050520833333333334 0.1527777777777778
1 0.25026041666666665 0.2564814814814815 0.030729166666666665 0.11111111111111112
1 0.33359375 0.2916666666666667 0.0390625 0.17407407407407408
1 0.42604166666666665 0.287962962962963 0.052083333333333336 0.15555555555555556
1 0.44036458333333334 0.24351851851851852 0.050520833333333334 0.10740740740740741
1 0.621875 0.22083333333333335 0.029166666666666667 0.10277777777777779
1 0.6723958333333333 0.20462962962962963 0.04479166666666667 0.1
1 0.6716145833333333 0.31527777777777777 0.0390625 0.1638888888888889
1 0.6950520833333333 0.25833333333333336 0.050520833333333334 0.1462962962962963
1 0.98203125 0.18842592592592594 0.034895833333333334 0.11018518518518519
