1 0.36953125 0.5527777777777778 0.0640625 0.29814814814814816
1 0.26484375 0.36388888888888893 0.059895833333333336 0.18333333333333335
1 0.19479166666666667 0.33564814814814814 0.06041666666666667 0.14351851851851852
1 0.29010416666666666 0.26805555555555555 0.040625 0.13425925925925927
1 0.3716145833333333 0.24166666666666667 0.04114583333333333 0.0925925925925926
1 0.4317708333333333 0.24166666666666667 0.052083333333333336 0.1574074074074074
1 0.525 0.27546296296296297 0.06041666666666667 0.1712962962962963
1 0.6609375 0.2263888888888889 0.052083333333333336 0.12314814814814816
1 0.9249999999999999 0.29444444444444445 0.05625 0.18333333333333335
1 0.9161458333333333 0.20231481481481484 0.042708333333333334 0.1564814814814815
