1 0.2947916666666667 0.6486111111111111 0.128125 0.3138888888888889
1 0.17161458333333332 0.3944444444444445 0.05260416666666667 0.19444444444444445
1 0.21536458333333333 0.28935185185185186 0.04635416666666667 0.13055555555555556
1 0.32421875 0.25092592592592594 0.034895833333333334 0.10740740740740741
1 0.42890625 0.2638888888888889 0.030729166666666665 0.11851851851851852
1 0.4734375 0.21342592592592594 0.042708333333333334 0.10092592592592593
1 0.5239583333333333 0.2962962962962963 0.03125 0.17037037037037037
1 0.6619791666666667 0.2388888888888889 0.058333333333333334 0.11666666666666667
1 0.9473958333333333 0.29120370370370374 0.05416666666666667 0.19166666666666668
1 0.9393229166666667 0.1953703703703704 0.050520833333333334 0.13148148148148148
