1 0.60078125 0.33425925925925926 0.04114583333333333 0.17222222222222222
1 0.64140625 0.2564814814814815 0.03697916666666667 0.11296296296296297
1 0.6143229166666666 0.20324074074074075 0.04114583333333333 0.09351851851851853
1 0.5598958333333334 0.22592592592592595 0.03333333333333333 0.11481481481481481
1 0.9424479166666666 0.19583333333333333 0.03697916666666667 0.10648148148148148
1 0.39088541666666665 0.25277777777777777 0.025520833333333333 0.11296296296296297
1 0.33958333333333335 0.3125 0.03854166666666667 0.1287037037037037
1 0.30755208333333334 0.26481481481481484 0.0484375 0.14074074074074075
1 0.19869791666666667 0.27037037037037037 0.03697916666666667 0.10925925925925926
1 0.11536458333333333 0.3388888888888889 0.0484375 0.1277777777777778
1 0.11328125 0.5828703703703704 0.08697916666666666 0.2490740740740741
