1 0.4239583333333333 0.5106481481481482 0.09166666666666666 0.2657407407407408
1 0.31614583333333335 0.33425925925925926 0.058333333333333334 0.1925925925925926
1 0.23098958333333333 0.31342592592592594 0.06614583333333333 0.1675925925925926
1 0.041666666666666664 0.2925925925925926 0.04479166666666667 0.10555555555555556
1 0.36875 0.2449074074074074 0.05416666666666667 0.1175925925925926
1 0.4046875 0.21435185185185185 0.03333333333333333 0.09166666666666667
1 0.4609375 0.24351851851851852 0.04479166666666667 0.1388888888888889
1 0.5403645833333334 0.2555555555555556 0.05260416666666667 0.16481481481481483
1 0.6997395833333333 0.21342592592592594 0.05677083333333333 0.1212962962962963
1 0.8861979166666667 0.18194444444444446 0.0484375 0.11944444444444445
1 0.9132812499999999 0.2935185185185185 0.06822916666666666 0.1962962962962963
