1 0.5645833333333333 0.8791666666666667 0.10104166666666667 0.23981481481481481
1 0.5872395833333334 0.763888888888889 0.11822916666666666 0.3277777777777778
1 0.44635416666666666 0.5550925925925926 0.09270833333333334 0.28240740740740744
1 0.6473958333333333 0.45231481481481484 0.06041666666666667 0.225
1 0.6697916666666667 0.20092592592592592 0.03125 0.10740740740740741
1 0.9559895833333333 0.25972222222222224 0.08385416666666666 0.1787037037037037
1 0.28229166666666666 0.39490740740740743 0.071875 0.2101851851851852
1 0.29765625 0.2800925925925926 0.0484375 0.13796296296296298
1 0.11614583333333334 0.7578703703703704 0.1125 0.34351851851851856
1 0.325 0.9157407407407407 0.11875 0.16666666666666669
0 0.6921875 0.9236111111111112 0.05625 0.08055555555555556
