1 0.19973958333333333 0.4324074074074074 0.06614583333333333 0.1814814814814815
1 0.44635416666666666 0.3819444444444445 0.065625 0.17685185185185187
1 0.425 0.25833333333333336 0.05 0.1
1 0.7125 0.32083333333333336 0.042708333333333334 0.14166666666666666
1 0.7627604166666666 0.2523148148148148 0.050520833333333334 0.1175925925925926
1 0.8976562499999999 0.22916666666666669 0.03697916666666667 0.1287037037037037
1 0.9249999999999999 0.1824074074074074 0.05625 0.08703703703703704
1 0.8763020833333334 0.4027777777777778 0.09114583333333333 0.20370370370370372
1 0.809375 0.3736111111111111 0.05416666666666667 0.18611111111111112
0 0.8481770833333333 0.46574074074074073 0.034895833333333334 0.03888888888888889
