1 0.05130208333333333 0.5648148148148149 0.0796875 0.23703703703703705
1 0.08229166666666667 0.500462962962963 0.052083333333333336 0.19907407407407407
1 0.28229166666666666 0.3685185185185185 0.09479166666666666 0.1388888888888889
1 0.340625 0.30694444444444446 0.05625 0.15092592592592594
1 0.49973958333333335 0.20462962962962963 0.07552083333333333 0.1
1 0.596875 0.2337962962962963 0.04895833333333333 0.08796296296296297
1 0.7046875 0.2791666666666667 0.058333333333333334 0.13425925925925927
1 0.68515625 0.2175925925925926 0.0546875 0.12592592592592594
1 0.7708333333333334 0.26342592592592595 0.042708333333333334 0.14351851851851852
1 0.8716145833333333 0.27731481481481485 0.0546875 0.19166666666666668
1 0.8802083333333334 0.22731481481481483 0.06770833333333333 0.15092592592592594
1 0.9453125 0.3092592592592593 0.0625 0.19814814814814816
