0 0.69765625 0.5907407407407408 0.0640625 0.044444444444444446
1 0.1125 0.6310185185185185 0.10104166666666667 0.28425925925925927
1 0.15989583333333332 0.4277777777777778 0.04479166666666667 0.1962962962962963
1 0.06302083333333333 0.33055555555555555 0.05625 0.14814814814814814
1 0.33359375 0.48703703703703705 0.1046875 0.2
1 0.5520833333333334 0.3740740740740741 0.052083333333333336 0.16666666666666669
1 0.5755208333333334 0.22916666666666669 0.040625 0.10092592592592593
1 0.8317708333333333 0.2967592592592593 0.04479166666666667 0.16018518518518518
1 0.8947916666666667 0.6194444444444445 0.14375 0.14444444444444446
1 0.9627604166666667 0.5643518518518519 0.0734375 0.2564814814814815
