1 0.04739583333333333 0.7666666666666667 0.09479166666666666 0.31666666666666665
1 0.07734375 0.674074074074074 0.0734375 0.27037037037037037
1 0.13671875 0.38842592592592595 0.06822916666666666 0.125
1 0.16770833333333332 0.3893518518518519 0.05625 0.14537037037037037
1 0.26666666666666666 0.312962962962963 0.05625 0.1277777777777778
1 0.30859375 0.24675925925925926 0.050520833333333334 0.10462962962962963
1 0.6588541666666666 0.29074074074074074 0.071875 0.14444444444444446
1 0.7096354166666666 0.3699074074074074 0.0484375 0.19907407407407407
1 0.7104166666666667 0.26805555555555555 0.06979166666666667 0.16944444444444445
1 0.79765625 0.40324074074074073 0.09322916666666667 0.21203703703703705
1 0.7684895833333333 0.32453703703703707 0.050520833333333334 0.20462962962962963
