1 0.21328125 0.3648148148148148 0.0703125 0.16481481481481483
1 0.2716145833333333 0.325 0.0390625 0.14074074074074075
1 0.4296875 0.22361111111111112 0.04479166666666667 0.0787037037037037
1 0.48723958333333334 0.26157407407407407 0.034895833333333334 0.10092592592592593
1 0.70078125 0.3078703703703704 0.050520833333333334 0.13796296296296298
1 0.7075520833333333 0.23703703703703705 0.0328125 0.11111111111111112
1 0.7520833333333333 0.2962962962962963 0.052083333333333336 0.16481481481481483
1 0.8005208333333333 0.2449074074074074 0.04479166666666667 0.12685185185185185
1 0.840625 0.27685185185185185 0.058333333333333334 0.20370370370370372
1 0.8744791666666667 0.32222222222222224 0.06770833333333333 0.1925925925925926
1 0.019270833333333334 0.5449074074074074 0.027083333333333334 0.22870370370370371
0 0.62421875 0.2777777777777778 0.021354166666666667 0.02777777777777778
