1 0.39010416666666664 0.4425925925925926 0.046875 0.22592592592592595
1 0.33567708333333335 0.32592592592592595 0.0390625 0.18888888888888888
1 0.29661458333333335 0.24861111111111112 0.034895833333333334 0.14722222222222223
1 0.4375 0.24629629629629632 0.04479166666666667 0.12962962962962962
1 0.48802083333333335 0.23657407407407408 0.029166666666666667 0.08981481481481482
1 0.4986979166666667 0.20370370370370372 0.030729166666666665 0.0925925925925926
1 0.55703125 0.21157407407407408 0.034895833333333334 0.09907407407407408
1 0.7239583333333334 0.20370370370370372 0.027083333333333334 0.12222222222222223
1 0.696875 0.16944444444444445 0.03854166666666667 0.08518518518518518
1 0.028906249999999998 0.4041666666666667 0.050520833333333334 0.18981481481481483
