1 0.1765625 0.6643518518518519 0.08541666666666667 0.28240740740740744
1 0.09479166666666666 0.3990740740740741 0.06979166666666667 0.17962962962962964
1 0.027083333333333334 0.3703703703703704 0.05416666666666667 0.12407407407407407
1 0.19479166666666667 0.3236111111111111 0.040625 0.15833333333333333
1 0.37838541666666664 0.33287037037037037 0.0546875 0.12314814814814816
1 0.32708333333333334 0.2587962962962963 0.05625 0.11574074074074074
1 0.42213541666666665 0.2916666666666667 0.05260416666666667 0.13148148148148148
1 0.46197916666666666 0.2925925925925926 0.03854166666666667 0.11851851851851852
1 0.6044270833333333 0.2990740740740741 0.0640625 0.13518518518518519
1 0.6841145833333333 0.22175925925925927 0.0640625 0.09537037037037037
