1 0.17630208333333333 0.4439814814814815 0.06197916666666667 0.20092592592592592
1 0.23880208333333333 0.2986111111111111 0.050520833333333334 0.10648148148148148
1 0.38125 0.4115740740740741 0.071875 0.17500000000000002
1 0.6005208333333333 0.36203703703703705 0.05625 0.15925925925925927
1 0.6388020833333333 0.2675925925925926 0.050520833333333334 0.13518518518518519
1 0.6705729166666666 0.3300925925925926 0.08385416666666666 0.17314814814814816
1 0.7552083333333334 0.39212962962962966 0.11666666666666667 0.22870370370370371
1 0.74921875 0.22916666666666669 0.0734375 0.14907407407407408
1 0.809375 0.1962962962962963 0.03854166666666667 0.09444444444444444
0 0.7317708333333334 0.48564814814814816 0.046875 0.026851851851851852
