1 0.40546875 0.6328703703703704 0.1203125 0.2712962962962963
1 0.084375 0.7055555555555556 0.11458333333333333 0.2518518518518519
1 0.3125 0.3731481481481482 0.06979166666666667 0.14814814814814814
1 0.27447916666666666 0.325 0.052083333333333336 0.11851851851851852
1 0.15989583333333332 0.3263888888888889 0.036458333333333336 0.14722222222222223
1 0.425 0.2884259259259259 0.042708333333333334 0.10277777777777779
1 0.6364583333333333 0.3106481481481482 0.058333333333333334 0.13055555555555556
1 0.7122395833333334 0.29953703703703705 0.06614583333333333 0.1212962962962963
1 0.6854166666666667 0.3106481481481482 0.042708333333333334 0.13425925925925927
1 0.8986979166666667 0.36435185185185187 0.07760416666666667 0.15833333333333333
1 0.9713541666666666 0.23194444444444445 0.05625 0.11203703703703705
