0 0.9140625 0.5620370370370371 0.042708333333333334 0.02777777777777778
1 0.8705729166666667 0.42129629629629634 0.07552083333333333 0.19074074074074074
1 0.9132812499999999 0.412962962962963 0.0796875 0.20925925925925926
1 0.7473958333333334 0.30972222222222223 0.08125 0.15462962962962964
1 0.7958333333333333 0.24722222222222223 0.0625 0.1537037037037037
1 0.9210937499999999 0.22083333333333335 0.04114583333333333 0.13240740740740742
1 0.978125 0.17500000000000002 0.042708333333333334 0.10925925925925926
1 0.47239583333333335 0.3625 0.05625 0.18055555555555555
1 0.47161458333333334 0.26203703703703707 0.04635416666666667 0.11296296296296297
1 0.21822916666666667 0.4078703703703704 0.08333333333333333 0.17685185185185187
