1 0.027083333333333334 0.40370370370370373 0.05416666666666667 0.14814814814814814
1 0.05026041666666667 0.28935185185185186 0.04635416666666667 0.11944444444444445
1 0.36276041666666664 0.2898148148148148 0.034895833333333334 0.1388888888888889
1 0.2986979166666667 0.23796296296296296 0.0390625 0.1388888888888889
1 0.4114583333333333 0.24305555555555555 0.042708333333333334 0.11944444444444445
1 0.46953125 0.21157407407407408 0.050520833333333334 0.09907407407407408
1 0.5434895833333333 0.20324074074074075 0.0390625 0.08240740740740742
1 0.6755208333333333 0.17083333333333334 0.042708333333333334 0.08981481481481482
1 0.7260416666666667 0.19444444444444445 0.03125 0.0962962962962963
1 0.425 0.425 0.08541666666666667 0.2111111111111111
