0 0.853125 0.48379629629629634 0.036458333333333336 0.026851851851851852
1 0.8638020833333333 0.43194444444444446 0.09739583333333333 0.2564814814814815
1 0.8861979166666667 0.24537037037037038 0.059895833333333336 0.10740740740740741
1 0.9268229166666666 0.19490740740740742 0.05260416666666667 0.1175925925925926
1 0.6822916666666666 0.3893518518518519 0.0875 0.1564814814814815
1 0.6947916666666667 0.337037037037037 0.08541666666666667 0.1574074074074074
1 0.7182291666666667 0.2638888888888889 0.07395833333333333 0.11296296296296297
1 0.4591145833333333 0.3893518518518519 0.07552083333333333 0.17685185185185187
1 0.2171875 0.4342592592592593 0.08541666666666667 0.20555555555555557
1 0.3533854166666667 0.27870370370370373 0.09322916666666667 0.09444444444444444
