1 0.6763020833333333 0.4430555555555556 0.0796875 0.18055555555555555
1 0.6872395833333333 0.3564814814814815 0.08177083333333333 0.17962962962962964
1 0.6463541666666667 0.2953703703703704 0.08125 0.1277777777777778
1 0.5783854166666667 0.2833333333333333 0.0734375 0.12407407407407407
1 0.5028645833333333 0.3055555555555556 0.07760416666666667 0.14074074074074075
1 0.5075520833333333 0.24861111111111112 0.04114583333333333 0.09907407407407408
1 0.4171875 0.3907407407407408 0.0625 0.1685185185185185
1 0.3734375 0.4898148148148148 0.08333333333333333 0.23148148148148148
1 0.8075520833333333 0.4430555555555556 0.10885416666666667 0.17685185185185187
1 0.9752604166666666 0.32962962962962966 0.0484375 0.19074074074074074
1 0.9249999999999999 0.9282407407407408 0.13020833333333334 0.14166666666666666
0 0.8143229166666667 0.5356481481481482 0.0484375 0.03425925925925926
