1 0.6434895833333333 0.4689814814814815 0.08385416666666666 0.24351851851851852
1 0.6997395833333333 0.42638888888888893 0.0640625 0.20462962962962963
1 0.9054687499999999 0.3893518518518519 0.09114583333333333 0.2657407407407408
1 0.8908854166666667 0.3143518518518519 0.06614583333333333 0.20462962962962963
1 0.7260416666666667 0.21296296296296297 0.046875 0.09074074074074075
1 0.76875 0.16296296296296298 0.042708333333333334 0.10185185185185186
1 0.6018229166666667 0.23240740740740742 0.0390625 0.15
1 0.5153645833333333 0.33472222222222225 0.05260416666666667 0.16944444444444445
1 0.23958333333333334 0.40694444444444444 0.08333333333333333 0.16944444444444445
1 0.27838541666666666 0.26990740740740743 0.04114583333333333 0.11944444444444445
0 0.71796875 0.5986111111111111 0.034895833333333334 0.028703703703703703
