1 0.10078125 0.3106481481481482 0.030729166666666665 0.0712962962962963
1 0.053125 0.40694444444444444 0.03333333333333333 0.125
1 0.22994791666666667 0.2662037037037037 0.0484375 0.11203703703703705
1 0.3958333333333333 0.3060185185185185 0.03854166666666667 0.10277777777777779
1 0.30859375 0.22546296296296298 0.04635416666666667 0.06944444444444445
1 0.37734375 0.2152777777777778 0.03697916666666667 0.0712962962962963
1 0.5104166666666666 0.30092592592592593 0.035416666666666666 0.11666666666666667
1 0.5026041666666666 0.2611111111111111 0.03854166666666667 0.08703703703703704
1 0.5880208333333333 0.2847222222222222 0.03125 0.08611111111111111
1 0.6716145833333333 0.26805555555555555 0.034895833333333334 0.09907407407407408
