1 0.05911458333333333 0.34444444444444444 0.0328125 0.08333333333333334
1 0.1453125 0.27824074074074073 0.022916666666666665 0.062037037037037036
1 0.19375 0.3027777777777778 0.015625 0.08518518518518518
1 0.21328125 0.2587962962962963 0.0234375 0.06574074074074074
1 0.23098958333333333 0.2800925925925926 0.019270833333333334 0.07685185185185185
1 0.29791666666666666 0.2351851851851852 0.017708333333333333 0.05
1 0.325 0.21805555555555556 0.017708333333333333 0.049074074074074076
1 0.3416666666666667 0.21712962962962964 0.015625 0.05648148148148149
1 0.3580729166666667 0.2125 0.0171875 0.0638888888888889
1 0.37057291666666664 0.22824074074074074 0.015104166666666667 0.05277777777777778
1 0.4278645833333333 0.27175925925925926 0.0328125 0.08055555555555556
1 0.4588541666666667 0.2476851851851852 0.029166666666666667 0.058333333333333334
1 0.5424479166666667 0.2833333333333333 0.03697916666666667 0.09074074074074075
1 0.6403645833333333 0.26203703703703707 0.019270833333333334 0.04814814814814815
