0 0.15208333333333332 0.39675925925925926 0.04479166666666667 0.017592592592592594
1 0.09192708333333333 0.3736111111111111 0.0171875 0.09722222222222222
1 0.21041666666666667 0.3287037037037037 0.029166666666666667 0.0962962962962963
1 0.16276041666666666 0.30694444444444446 0.034895833333333334 0.07685185185185185
1 0.34348958333333335 0.30092592592592593 0.0390625 0.0962962962962963
1 0.26484375 0.24027777777777778 0.0171875 0.08240740740740742
1 0.4015625 0.24351851851851852 0.027083333333333334 0.061111111111111116
1 0.45026041666666666 0.2300925925925926 0.027604166666666666 0.06759259259259259
1 0.4328125 0.3078703703703704 0.027083333333333334 0.09907407407407408
1 0.5354166666666667 0.33101851851851855 0.042708333333333334 0.10092592592592593
1 0.6171875 0.3092592592592593 0.046875 0.11666666666666667
1 0.6997395833333333 0.30462962962962964 0.05260416666666667 0.10185185185185186
