0 0.5385416666666667 0.725462962962963 0.05625 0.05462962962962963
1 0.5143229166666666 0.5342592592592593 0.07760416666666667 0.25
1 0.5630208333333333 0.5958333333333333 0.10104166666666667 0.3101851851851852
1 0.6802083333333333 0.46574074074074073 0.08333333333333333 0.26296296296296295
1 0.7065104166666667 0.3490740740740741 0.08177083333333333 0.22962962962962963
1 0.5736979166666667 0.22361111111111112 0.0484375 0.15462962962962964
1 0.60546875 0.1851851851851852 0.04635416666666667 0.08703703703703704
1 0.45416666666666666 0.27222222222222225 0.065625 0.1277777777777778
1 0.34348958333333335 0.4041666666666667 0.04635416666666667 0.18981481481481483
1 0.06666666666666667 0.49212962962962964 0.08333333333333333 0.20833333333333334
1 0.12604166666666666 0.31666666666666665 0.05416666666666667 0.13333333333333333
