0 0.70859375 0.5731481481481482 0.034895833333333334 0.03518518518518519
1 0.6713541666666667 0.46944444444444444 0.08541666666666667 0.22037037037037038
1 0.5755208333333334 0.4810185185185185 0.0875 0.20277777777777778
1 0.52109375 0.375 0.05260416666666667 0.18888888888888888
1 0.9432291666666667 0.47314814814814815 0.10104166666666667 0.2351851851851852
1 0.7356770833333334 0.27824074074074073 0.06197916666666667 0.17314814814814816
1 0.6802083333333333 0.16620370370370371 0.04479166666666667 0.09166666666666667
1 0.4890625 0.27731481481481485 0.065625 0.12314814814814816
1 0.39401041666666664 0.29583333333333334 0.0546875 0.10833333333333334
1 0.27369791666666665 0.3513888888888889 0.06197916666666667 0.14166666666666666
1 0.18619791666666666 0.475462962962963 0.04635416666666667 0.19907407407407407
1 0.165625 0.5560185185185186 0.071875 0.21944444444444444
1 0.9132812499999999 0.8740740740740741 0.16510416666666666 0.2518518518518519
