1 0.05703125 0.3365740740740741 0.0328125 0.09351851851851853
1 0.14817708333333332 0.2925925925925926 0.03697916666666667 0.06666666666666667
1 0.17942708333333332 0.2587962962962963 0.025520833333333333 0.06944444444444445
1 0.22213541666666667 0.2675925925925926 0.04114583333333333 0.09814814814814815
1 0.12890625 0.24212962962962964 0.03697916666666667 0.08055555555555556
1 0.2046875 0.20787037037037037 0.025 0.032407407407407406
1 0.29192708333333334 0.2263888888888889 0.025520833333333333 0.04351851851851852
1 0.32109375 0.20277777777777778 0.028645833333333332 0.03888888888888889
1 0.3481770833333333 0.2064814814814815 0.025520833333333333 0.05555555555555556
1 0.3763020833333333 0.2212962962962963 0.0234375 0.040740740740740744
1 0.4161458333333333 0.27314814814814814 0.013541666666666667 0.06666666666666667
1 0.4317708333333333 0.23750000000000002 0.017708333333333333 0.04351851851851852
1 0.5239583333333333 0.26157407407407407 0.015625 0.075
1 0.6171875 0.25416666666666665 0.027083333333333334 0.05277777777777778
