1 0.38307291666666665 0.31574074074074077 0.0484375 0.11481481481481481
1 0.50859375 0.3041666666666667 0.0234375 0.11388888888888889
1 0.50546875 0.25324074074074077 0.03697916666666667 0.08055555555555556
1 0.5609375 0.29444444444444445 0.027083333333333334 0.1
1 0.70078125 0.28194444444444444 0.0390625 0.09351851851851853
1 0.40078125 0.23750000000000002 0.025520833333333333 0.05462962962962963
1 0.33567708333333335 0.21157407407407408 0.027604166666666666 0.07314814814814816
1 0.3578125 0.2189814814814815 0.029166666666666667 0.058333333333333334
1 0.26953125 0.27731481481481485 0.04635416666666667 0.09537037037037037
1 0.2947916666666667 0.21944444444444444 0.03125 0.05185185185185186
1 0.24036458333333333 0.24675925925925926 0.019270833333333334 0.05648148148148149
1 0.13359375 0.3078703703703704 0.034895833333333334 0.09537037037037037
1 0.0609375 0.3944444444444445 0.036458333333333336 0.10925925925925926
1 0.17916666666666667 0.23842592592592593 0.029166666666666667 0.062037037037037036
