0 0.19088541666666667 0.4986111111111111 0.0328125 0.025
1 0.17265625 0.4416666666666667 0.0390625 0.15
1 0.17734375 0.3212962962962963 0.0484375 0.11111111111111112
1 0.25807291666666665 0.3842592592592593 0.0390625 0.13333333333333333
1 0.27734375 0.23287037037037037 0.0390625 0.10833333333333334
1 0.33567708333333335 0.2388888888888889 0.034895833333333334 0.06481481481481481
1 0.3794270833333333 0.3314814814814815 0.03697916666666667 0.0925925925925926
1 0.42994791666666665 0.34861111111111115 0.03697916666666667 0.10277777777777779
1 0.425 0.2555555555555556 0.035416666666666666 0.06481481481481481
1 0.4921875 0.2337962962962963 0.029166666666666667 0.075
1 0.5919270833333333 0.3625 0.0546875 0.13425925925925927
1 0.6677083333333333 0.3351851851851852 0.05416666666666667 0.09444444444444444
1 0.70546875 0.31157407407407406 0.0328125 0.08055555555555556
1 0.7317708333333334 0.33425925925925926 0.05 0.09444444444444444
