1 0.44817708333333334 0.28703703703703703 0.0390625 0.07222222222222223
1 0.48125 0.24166666666666667 0.027083333333333334 0.07777777777777778
1 0.5716145833333334 0.2800925925925926 0.044270833333333336 0.075
1 0.6669270833333333 0.27083333333333337 0.0484375 0.07314814814814816
1 0.3794270833333333 0.22962962962962963 0.021354166666666667 0.05
1 0.3598958333333333 0.2087962962962963 0.036458333333333336 0.06574074074074074
1 0.32395833333333335 0.21435185185185185 0.015625 0.058333333333333334
1 0.28046875 0.23564814814814816 0.0328125 0.06944444444444445
1 0.26015625 0.2990740740740741 0.034895833333333334 0.08518518518518518
1 0.240625 0.2837962962962963 0.027083333333333334 0.08796296296296297
1 0.20859375 0.2611111111111111 0.0328125 0.08518518518518518
1 0.10755208333333333 0.2828703703703704 0.0328125 0.04722222222222222
1 0.13645833333333332 0.24629629629629632 0.029166666666666667 0.06851851851851852
1 0.16015625 0.23240740740740742 0.021354166666666667 0.04259259259259259
