1 0.3268229166666667 0.312962962962963 0.0484375 0.10555555555555556
1 0.45703125 0.2976851851851852 0.028645833333333332 0.09351851851851853
1 0.50078125 0.2574074074074074 0.030729166666666665 0.07222222222222223
1 0.5872395833333334 0.28703703703703703 0.0484375 0.10370370370370371
1 0.6958333333333333 0.2763888888888889 0.04479166666666667 0.06944444444444445
1 0.3890625 0.2351851851851852 0.025 0.0462962962962963
1 0.35703125 0.20694444444444446 0.034895833333333334 0.05277777777777778
1 0.2708333333333333 0.25416666666666665 0.013541666666666667 0.062037037037037036
1 0.24635416666666665 0.28055555555555556 0.03125 0.0962962962962963
1 0.21536458333333333 0.27731481481481485 0.034895833333333334 0.06759259259259259
1 0.11223958333333334 0.2935185185185185 0.019270833333333334 0.07037037037037037
1 0.14947916666666666 0.24074074074074076 0.042708333333333334 0.06851851851851852
