0 0.13177083333333334 0.35370370370370374 0.022916666666666665 0.014814814814814815
1 0.13072916666666667 0.32407407407407407 0.040625 0.08518518518518518
1 0.048177083333333336 0.4226851851851852 0.019270833333333334 0.12685185185185185
1 0.20572916666666666 0.32962962962962966 0.03125 0.10370370370370371
1 0.16276041666666666 0.28703703703703703 0.019270833333333334 0.07592592592592592
1 0.26979166666666665 0.2240740740740741 0.027083333333333334 0.061111111111111116
1 0.32708333333333334 0.22870370370370371 0.029166666666666667 0.07407407407407407
1 0.3541666666666667 0.2939814814814815 0.017708333333333333 0.09351851851851853
1 0.3765625 0.2449074074074074 0.027083333333333334 0.07314814814814816
1 0.40963541666666664 0.2212962962962963 0.0234375 0.06481481481481481
1 0.4578125 0.28240740740740744 0.027083333333333334 0.09074074074074075
1 0.5104166666666666 0.32083333333333336 0.035416666666666666 0.11018518518518519
1 0.5783854166666667 0.3092592592592593 0.050520833333333334 0.10740740740740741
1 0.67734375 0.28935185185185186 0.034895833333333334 0.07314814814814816
