0 0.10859375 0.3453703703703704 0.019270833333333334 0.011111111111111112
1 0.08802083333333333 0.32731481481481484 0.013541666666666667 0.06759259259259259
1 0.14635416666666667 0.2800925925925926 0.03333333333333333 0.08425925925925926
1 0.2046875 0.3148148148148148 0.025 0.09074074074074075
1 0.26979166666666665 0.23842592592592593 0.03125 0.06574074074074074
1 0.3221354166666667 0.2569444444444445 0.030729166666666665 0.06759259259259259
1 0.3346354166666667 0.2162037037037037 0.0328125 0.06574074074074074
1 0.3911458333333333 0.22824074074074074 0.029166666666666667 0.08796296296296297
1 0.4328125 0.3050925925925926 0.03854166666666667 0.09907407407407408
1 0.46015625 0.31157407407407406 0.034895833333333334 0.1527777777777778
1 0.5619791666666667 0.2865740740740741 0.025 0.09351851851851853
1 0.6677083333333333 0.2851851851851852 0.019791666666666666 0.07962962962962963
