1 0.7815104166666667 0.6268518518518519 0.0203125 0.14814814814814814
1 0.7645833333333333 0.6527777777777778 0.035416666666666666 0.18888888888888888
1 0.7247395833333333 0.6555555555555556 0.034895833333333334 0.20185185185185187
1 0.64140625 0.6037037037037037 0.033854166666666664 0.11296296296296297
1 0.5932291666666667 0.625925925925926 0.029166666666666667 0.1537037037037037
1 0.5109375 0.6041666666666667 0.020833333333333332 0.09537037037037037
1 0.5260416666666666 0.6615740740740741 0.06979166666666667 0.2212962962962963
1 0.43776041666666665 0.5986111111111111 0.0203125 0.11018518518518519
1 0.40729166666666666 0.600462962962963 0.03125 0.10277777777777779
1 0.3260416666666667 0.6342592592592593 0.028125 0.15555555555555556
1 0.3015625 0.6615740740740741 0.041666666666666664 0.2175925925925926
1 0.2484375 0.6060185185185185 0.017708333333333333 0.10277777777777779
1 0.18125 0.6125 0.029166666666666667 0.13796296296296298
1 0.041666666666666664 0.6101851851851852 0.026041666666666668 0.11111111111111112
1 0.01484375 0.6685185185185185 0.0234375 0.24629629629629632
