0 0.06536458333333334 0.5861111111111111 0.009895833333333333 0.02777777777777778
1 0.8908854166666667 0.6490740740740741 0.03802083333333333 0.22777777777777777
1 0.9515625 0.5268518518518519 0.019791666666666666 0.10740740740740741
1 0.8442708333333333 0.5643518518518519 0.015625 0.14351851851851852
1 0.8341145833333333 0.5412037037037037 0.022395833333333334 0.10833333333333334
1 0.66484375 0.5277777777777778 0.024479166666666666 0.08518518518518518
1 0.4453125 0.549074074074074 0.013541666666666667 0.10555555555555556
1 0.45651041666666664 0.5375 0.0203125 0.10462962962962963
1 0.3989583333333333 0.6342592592592593 0.057291666666666664 0.20925925925925926
1 0.21770833333333334 0.5949074074074074 0.030208333333333334 0.14907407407407408
1 0.2421875 0.5694444444444444 0.03229166666666666 0.12592592592592594
1 0.04505208333333333 0.5458333333333334 0.027604166666666666 0.09537037037037037
