0 0.7260416666666667 0.5041666666666667 0.0125 0.02314814814814815
1 0.87265625 0.5453703703703704 0.0546875 0.22962962962962963
1 0.8455729166666667 0.500925925925926 0.03697916666666667 0.15925925925925927
1 0.8078124999999999 0.4930555555555556 0.03229166666666666 0.14351851851851852
1 0.7572916666666667 0.4791666666666667 0.028125 0.10092592592592593
1 0.6658854166666667 0.5152777777777778 0.0359375 0.16944444444444445
1 0.6393229166666666 0.5236111111111111 0.0359375 0.18611111111111112
1 0.5815104166666667 0.4986111111111111 0.043229166666666666 0.11203703703703705
1 0.5182291666666666 0.5023148148148149 0.035416666666666666 0.13240740740740742
1 0.3424479166666667 0.5296296296296297 0.05572916666666666 0.16666666666666669
1 0.21822916666666667 0.5217592592592593 0.029166666666666667 0.1398148148148148
1 0.19401041666666666 0.5092592592592593 0.034895833333333334 0.09074074074074075
1 0.09270833333333334 0.5152777777777778 0.025 0.10277777777777779
1 0.06927083333333334 0.5606481481481481 0.04895833333333333 0.1787037037037037
1 0.029947916666666668 0.5342592592592593 0.024479166666666666 0.12222222222222223
