1 0.66640625 0.08425925925925926 0.03697916666666667 0.07222222222222223
1 0.57421875 0.10555555555555556 0.0359375 0.12962962962962962
1 0.5080729166666667 0.12175925925925926 0.0265625 0.1287037037037037
1 0.44140625 0.17731481481481481 0.03697916666666667 0.16574074074074074
1 0.34296875 0.12685185185185185 0.0328125 0.12962962962962962
1 0.20911458333333333 0.23148148148148148 0.0421875 0.1962962962962963
1 0.19296875 0.13657407407407407 0.019270833333333334 0.10277777777777779
1 0.20625 0.11805555555555557 0.01875 0.09351851851851853
1 0.11953124999999999 0.1925925925925926 0.03802083333333333 0.16481481481481483
1 0.03958333333333333 0.1675925925925926 0.03229166666666666 0.12592592592592594
0 0.6583333333333333 0.10833333333333334 0.013541666666666667 0.024074074074074074
