0 0.38776041666666666 0.48888888888888893 0.0171875 0.03518518518518519
1 0.8765625 0.40370370370370373 0.040625 0.16296296296296298
1 0.88828125 0.3888888888888889 0.021354166666666667 0.1685185185185185
1 0.79765625 0.4027777777777778 0.0390625 0.1574074074074074
1 0.7114583333333333 0.4810185185185185 0.09270833333333334 0.275
1 0.6526041666666667 0.39305555555555555 0.03125 0.14166666666666666
1 0.6364583333333333 0.4449074074074074 0.059375 0.18796296296296297
1 0.5921875 0.4240740740740741 0.042708333333333334 0.1574074074074074
1 0.5596354166666666 0.40694444444444444 0.028645833333333332 0.1398148148148148
1 0.32005208333333335 0.4199074074074074 0.024479166666666666 0.12685185185185185
1 0.25677083333333334 0.4342592592592593 0.03229166666666666 0.1277777777777778
1 0.12734375 0.47222222222222227 0.05572916666666666 0.1925925925925926
1 0.15833333333333333 0.42083333333333334 0.030208333333333334 0.10833333333333334
1 0.09947916666666666 0.44722222222222224 0.029166666666666667 0.12592592592592594
