0 0.6161458333333333 0.225 0.014583333333333334 0.031481481481481485
1 0.6546875 0.13472222222222222 0.042708333333333334 0.21203703703703705
1 0.553125 0.0587962962962963 0.03125 0.11388888888888889
1 0.2986979166666667 0.09398148148148149 0.0265625 0.13796296296296298
1 0.2713541666666667 0.19074074074074074 0.05 0.2111111111111111
1 0.2635416666666667 0.07037037037037037 0.026041666666666668 0.11111111111111112
1 0.1890625 0.06574074074074074 0.027083333333333334 0.11666666666666667
1 0.10989583333333333 0.08101851851851852 0.03229166666666666 0.11203703703703705
1 0.06744791666666666 0.13518518518518519 0.050520833333333334 0.16666666666666669
1 0.04010416666666666 0.10046296296296296 0.029166666666666667 0.125
