0 0.59765625 0.35462962962962963 0.018229166666666668 0.03888888888888889
1 0.8950520833333333 0.6180555555555556 0.0640625 0.16944444444444445
1 0.8138020833333334 0.6412037037037037 0.03802083333333333 0.17314814814814816
1 0.7177083333333333 0.5712962962962963 0.029166666666666667 0.12222222222222223
1 0.59609375 0.6421296296296296 0.0484375 0.1824074074074074
1 0.61328125 0.5569444444444445 0.022395833333333334 0.11203703703703705
1 0.578125 0.55 0.020833333333333332 0.11111111111111112
1 0.49453125 0.5560185185185186 0.024479166666666666 0.09907407407407408
1 0.396875 0.6430555555555556 0.03229166666666666 0.19166666666666668
1 0.3385416666666667 0.65 0.04375 0.19814814814814816
1 0.2786458333333333 0.5810185185185185 0.029166666666666667 0.13055555555555556
1 0.23177083333333334 0.6129629629629629 0.029166666666666667 0.15925925925925927
1 0.37421875 0.5615740740740741 0.021354166666666667 0.10648148148148148
