1 0.9419270833333333 0.7245370370370371 0.05260416666666667 0.2657407407407408
1 0.8994791666666666 0.5773148148148148 0.01875 0.10277777777777779
1 0.8361979166666667 0.5962962962962963 0.0203125 0.11851851851851852
1 0.8122395833333333 0.6069444444444445 0.025520833333333333 0.14351851851851852
1 0.5984375 0.575462962962963 0.028125 0.09537037037037037
1 0.46380208333333334 0.675 0.0390625 0.19814814814814816
1 0.41796875 0.5935185185185186 0.019270833333333334 0.10925925925925926
1 0.3559895833333333 0.5856481481481481 0.022395833333333334 0.10092592592592593
1 0.18177083333333333 0.6439814814814815 0.03229166666666666 0.14722222222222223
1 0.196875 0.6101851851851852 0.025 0.11851851851851852
