1 0.7815104166666667 0.6597222222222222 0.0359375 0.19351851851851853
1 0.7729166666666667 0.5921296296296297 0.028125 0.1398148148148148
1 0.728125 0.5625 0.026041666666666668 0.10462962962962963
1 0.6908854166666667 0.7106481481481481 0.03802083333333333 0.2601851851851852
1 0.5557291666666666 0.5587962962962963 0.01875 0.10092592592592593
1 0.5348958333333333 0.5773148148148148 0.017708333333333333 0.10648148148148148
1 0.4890625 0.5898148148148148 0.019791666666666666 0.13148148148148148
1 0.24427083333333333 0.6712962962962963 0.03229166666666666 0.19814814814814816
1 0.26848958333333334 0.5745370370370371 0.0265625 0.09722222222222222
1 0.07317708333333334 0.5995370370370371 0.025520833333333333 0.1287037037037037
