1 0.9822916666666667 0.10462962962962963 0.030208333333333334 0.15555555555555556
1 0.8666666666666667 0.11111111111111112 0.03125 0.1537037037037037
1 0.7484375 0.08009259259259259 0.026041666666666668 0.11018518518518519
1 0.7174479166666666 0.07083333333333333 0.022395833333333334 0.09907407407407408
1 0.6877604166666667 0.15787037037037038 0.0390625 0.17314814814814816
1 0.6481770833333333 0.06944444444444445 0.0203125 0.08888888888888889
1 0.5645833333333333 0.15092592592592594 0.028125 0.15185185185185185
1 0.56796875 0.10694444444444445 0.025520833333333333 0.10277777777777779
1 0.34348958333333335 0.2898148148148148 0.04739583333333333 0.2425925925925926
1 0.31666666666666665 0.15694444444444444 0.03125 0.13240740740740742
1 0.2546875 0.1712962962962963 0.030208333333333334 0.12962962962962962
1 0.23984375 0.12685185185185185 0.0234375 0.09074074074074075
