0 0.46510416666666665 0.09490740740740741 0.0125 0.026851851851851852
1 0.68359375 0.049074074074074076 0.0234375 0.09074074074074075
1 0.6111979166666667 0.15 0.03802083333333333 0.18888888888888888
1 0.490625 0.08009259259259259 0.03229166666666666 0.10277777777777779
1 0.44140625 0.08518518518518518 0.03697916666666667 0.11666666666666667
1 0.396875 0.09074074074074075 0.030208333333333334 0.1277777777777778
1 0.3177083333333333 0.07731481481481482 0.025 0.11203703703703705
1 0.23880208333333333 0.1763888888888889 0.050520833333333334 0.18981481481481483
1 0.19192708333333333 0.13240740740740742 0.03697916666666667 0.15
1 0.20026041666666666 0.07314814814814816 0.022395833333333334 0.08888888888888889
1 0.15755208333333334 0.10462962962962963 0.024479166666666666 0.12407407407407407
