1 0.9375 0.7083333333333334 0.04583333333333333 0.27222222222222225
1 0.8278645833333333 0.549074074074074 0.027604166666666666 0.10925925925925926
1 0.7924479166666667 0.5675925925925926 0.024479166666666666 0.12222222222222223
1 0.7528645833333333 0.5782407407407407 0.021354166666666667 0.14351851851851852
1 0.5322916666666666 0.5481481481481482 0.03229166666666666 0.09074074074074075
1 0.4744791666666667 0.6444444444444445 0.040625 0.19444444444444445
1 0.35963541666666665 0.5703703703703704 0.0234375 0.12037037037037038
1 0.25859375 0.5606481481481481 0.022395833333333334 0.10092592592592593
1 0.1671875 0.5907407407407408 0.03229166666666666 0.12222222222222223
1 0.1140625 0.6212962962962963 0.042708333333333334 0.15925925925925927
