0 0.490625 0.12962962962962962 0.014583333333333334 0.02777777777777778
1 0.75 0.15092592592592594 0.042708333333333334 0.19814814814814816
1 0.4875 0.07268518518518519 0.028125 0.09907407407407408
1 0.42291666666666666 0.09675925925925927 0.029166666666666667 0.1287037037037037
1 0.37916666666666665 0.09166666666666667 0.029166666666666667 0.12222222222222223
1 0.3377604166666667 0.07175925925925926 0.0203125 0.10092592592592593
1 0.27421875 0.1800925925925926 0.04010416666666666 0.19351851851851853
1 0.18723958333333332 0.12546296296296297 0.0328125 0.1398148148148148
1 0.18619791666666666 0.08009259259259259 0.0140625 0.09537037037037037
1 0.1515625 0.10324074074074074 0.026041666666666668 0.11018518518518519
