1 0.9122395833333333 0.7064814814814815 0.049479166666666664 0.24074074074074076
1 0.9236979166666667 0.5717592592592593 0.024479166666666666 0.10277777777777779
1 0.8244791666666667 0.6087962962962963 0.01875 0.1398148148148148
1 0.8322916666666667 0.5907407407407408 0.01875 0.11111111111111112
1 0.6252604166666667 0.5712962962962963 0.021354166666666667 0.08703703703703704
1 0.40520833333333334 0.6833333333333333 0.05625 0.19814814814814816
1 0.4283854166666667 0.5944444444444444 0.022395833333333334 0.11851851851851852
1 0.4028645833333333 0.5800925925925926 0.022395833333333334 0.09351851851851853
1 0.1984375 0.6439814814814815 0.03229166666666666 0.14722222222222223
1 0.19635416666666666 0.6046296296296296 0.028125 0.11481481481481481
