1 0.74765625 0.6490740740740741 0.0203125 0.11851851851851852
1 0.7651041666666667 0.6324074074074074 0.01875 0.10925925925925926
1 0.6229166666666667 0.6587962962962963 0.02395833333333333 0.14537037037037037
1 0.6359375 0.6287037037037038 0.017708333333333333 0.11296296296296297
1 0.50546875 0.6083333333333334 0.0234375 0.10370370370370371
1 0.4588541666666667 0.625925925925926 0.029166666666666667 0.11481481481481481
1 0.37421875 0.7138888888888889 0.05260416666666667 0.20185185185185187
1 0.3458333333333333 0.6055555555555556 0.025 0.08518518518518518
1 0.2796875 0.6541666666666667 0.03125 0.14722222222222223
1 0.159375 0.6277777777777778 0.026041666666666668 0.11851851851851852
1 0.1 0.6013888888888889 0.02395833333333333 0.11203703703703705
0 0.11901041666666666 0.6472222222222223 0.011979166666666666 0.02592592592592593
