0 0.66328125 0.1375 0.009895833333333333 0.02314814814814815
1 0.6700520833333333 0.09675925925925927 0.0234375 0.09351851851851853
1 0.50234375 0.19490740740740742 0.0359375 0.17314814814814816
1 0.5166666666666666 0.13425925925925927 0.030208333333333334 0.11481481481481481
1 0.5221354166666666 0.12824074074074074 0.021354166666666667 0.09907407407407408
1 0.37057291666666664 0.14351851851851852 0.022395833333333334 0.12407407407407407
1 0.25234375 0.14537037037037037 0.025520833333333333 0.11666666666666667
1 0.20520833333333333 0.1277777777777778 0.026041666666666668 0.08888888888888889
1 0.21796875 0.2351851851851852 0.049479166666666664 0.1925925925925926
1 0.16223958333333333 0.19722222222222224 0.03802083333333333 0.15925925925925927
1 0.10130208333333333 0.16666666666666669 0.03697916666666667 0.12407407407407407
