1 0.78125 0.15185185185185185 0.058333333333333334 0.18888888888888888
1 0.49583333333333335 0.08287037037037037 0.027083333333333334 0.10092592592592593
1 0.4044270833333333 0.0925925925925926 0.034895833333333334 0.12407407407407407
1 0.36015625 0.09351851851851853 0.024479166666666666 0.12222222222222223
1 0.33567708333333335 0.07268518518518519 0.018229166666666668 0.10277777777777779
1 0.2734375 0.17731481481481481 0.041666666666666664 0.18425925925925926
1 0.18072916666666666 0.12685185185185185 0.03229166666666666 0.1462962962962963
1 0.17005208333333333 0.08148148148148149 0.018229166666666668 0.07777777777777778
1 0.14244791666666667 0.10833333333333334 0.0328125 0.11666666666666667
0 0.5161458333333333 0.13564814814814816 0.013541666666666667 0.030555555555555558
