0 0.1515625 0.6412037037037037 0.0125 0.025
1 0.7466145833333333 0.6342592592592593 0.0203125 0.12037037037037038
1 0.7393229166666666 0.6092592592592593 0.021354166666666667 0.10185185185185186
1 0.6393229166666666 0.6092592592592593 0.022395833333333334 0.11296296296296297
1 0.5989583333333334 0.6449074074074075 0.03333333333333333 0.14166666666666666
1 0.50546875 0.5921296296296297 0.0234375 0.09722222222222222
1 0.4380208333333333 0.6111111111111112 0.030208333333333334 0.11666666666666667
1 0.39348958333333334 0.7055555555555556 0.050520833333333334 0.2
1 0.35520833333333335 0.5930555555555556 0.028125 0.09537037037037037
1 0.29192708333333334 0.6402777777777778 0.033854166666666664 0.1398148148148148
1 0.175 0.612037037037037 0.026041666666666668 0.11481481481481481
1 0.13020833333333334 0.5916666666666667 0.030208333333333334 0.11296296296296297
