0 0.47291666666666665 0.11064814814814815 0.010416666666666666 0.019444444444444445
1 0.6690104166666666 0.052314814814814814 0.021354166666666667 0.09722222222222222
1 0.5653645833333333 0.15231481481481482 0.04010416666666666 0.17685185185185187
1 0.4934895833333333 0.07731481481481482 0.022395833333333334 0.10462962962962963
1 0.44765625 0.08981481481481482 0.03177083333333333 0.11851851851851852
1 0.3765625 0.08981481481481482 0.028125 0.13333333333333333
1 0.2942708333333333 0.07916666666666666 0.025 0.10092592592592593
1 0.22213541666666667 0.17592592592592593 0.0484375 0.19444444444444445
1 0.17630208333333333 0.13148148148148148 0.0390625 0.15555555555555556
1 0.18489583333333334 0.08009259259259259 0.016666666666666666 0.09907407407407408
1 0.13463541666666667 0.10462962962962963 0.027604166666666666 0.12037037037037038
