1 0.8401041666666667 0.1763888888888889 0.01875 0.14722222222222223
1 0.81875 0.19768518518518519 0.03229166666666666 0.17500000000000002
1 0.7544270833333333 0.14212962962962963 0.0265625 0.11018518518518519
1 0.6583333333333333 0.14814814814814814 0.027083333333333334 0.10370370370370371
1 0.6184895833333334 0.13842592592592592 0.025520833333333333 0.09907407407407408
1 0.61796875 0.2449074074074074 0.03802083333333333 0.18055555555555555
1 0.5057291666666667 0.20462962962962963 0.029166666666666667 0.16111111111111112
1 0.46041666666666664 0.18194444444444446 0.028125 0.13240740740740742
1 0.32838541666666665 0.19768518518518519 0.021354166666666667 0.13611111111111113
1 0.27578125 0.19953703703703704 0.025520833333333333 0.1287037037037037
1 0.22604166666666667 0.17407407407407408 0.029166666666666667 0.08888888888888889
1 0.18515625 0.37777777777777777 0.06822916666666666 0.2796296296296296
