1 0.6739583333333333 0.09490740740740741 0.03125 0.09351851851851853
1 0.5455729166666666 0.13611111111111113 0.025520833333333333 0.12222222222222223
1 0.53046875 0.13333333333333333 0.0203125 0.10925925925925926
1 0.48515625 0.2013888888888889 0.03697916666666667 0.17500000000000002
1 0.37421875 0.1527777777777778 0.025520833333333333 0.1277777777777778
1 0.2296875 0.24537037037037038 0.04375 0.1962962962962963
1 0.24296874999999998 0.15185185185185185 0.022395833333333334 0.11851851851851852
1 0.21432291666666667 0.1375 0.025520833333333333 0.08981481481481482
1 0.15755208333333334 0.20925925925925926 0.03802083333333333 0.17037037037037037
1 0.09322916666666667 0.17916666666666667 0.03229166666666666 0.1175925925925926
0 0.63125 0.009259259259259259 0.011458333333333333 0.018518518518518517
