1 0.8526041666666666 0.20740740740740743 0.030208333333333334 0.16666666666666669
1 0.8624999999999999 0.16574074074074074 0.01875 0.11851851851851852
1 0.75859375 0.1462962962962963 0.0234375 0.11481481481481481
1 0.6721354166666667 0.14814814814814814 0.027604166666666666 0.10740740740740741
1 0.6317708333333333 0.13935185185185187 0.01875 0.09351851851851853
1 0.6268229166666667 0.24120370370370373 0.04739583333333333 0.18055555555555555
1 0.5166666666666666 0.21203703703703705 0.030208333333333334 0.1574074074074074
1 0.48125 0.18333333333333335 0.027083333333333334 0.12222222222222223
1 0.3184895833333333 0.20740740740740743 0.0234375 0.1277777777777778
1 0.29375 0.20601851851851852 0.03229166666666666 0.13425925925925927
1 0.23880208333333333 0.16944444444444445 0.034895833333333334 0.09814814814814815
1 0.19401041666666666 0.3712962962962963 0.07760416666666667 0.2740740740740741
