1 0.8302083333333333 0.11527777777777778 0.030208333333333334 0.13055555555555556
1 0.7713541666666667 0.11666666666666667 0.03333333333333333 0.12222222222222223
1 0.7104166666666667 0.17175925925925928 0.04583333333333333 0.18055555555555555
1 0.70078125 0.08472222222222223 0.018229166666666668 0.09722222222222222
1 0.64375 0.10231481481481482 0.029166666666666667 0.11203703703703705
1 0.5763020833333333 0.1638888888888889 0.04010416666666666 0.16111111111111112
1 0.5932291666666667 0.12268518518518519 0.03125 0.11018518518518519
1 0.54296875 0.09861111111111112 0.024479166666666666 0.08611111111111111
1 0.39036458333333335 0.29074074074074074 0.05364583333333333 0.22962962962962963
1 0.17005208333333333 0.19953703703703704 0.0359375 0.13611111111111113
1 0.121875 0.17731481481481481 0.027083333333333334 0.09537037037037037
1 0.07135416666666666 0.22083333333333335 0.03125 0.125
