1 0.9807291666666667 0.10138888888888889 0.03333333333333333 0.1527777777777778
1 0.8361979166666667 0.11342592592592593 0.033854166666666664 0.14166666666666666
1 0.72421875 0.07731481481481482 0.0265625 0.10462962962962963
1 0.7096354166666666 0.06620370370370371 0.0203125 0.09907407407407408
1 0.6861979166666666 0.1527777777777778 0.028645833333333332 0.16296296296296298
1 0.63125 0.07361111111111111 0.017708333333333333 0.09722222222222222
1 0.5622395833333333 0.1439814814814815 0.0234375 0.14907407407407408
1 0.5731770833333333 0.10740740740740741 0.0203125 0.11111111111111112
1 0.3692708333333333 0.2833333333333333 0.058333333333333334 0.24074074074074076
1 0.2942708333333333 0.15972222222222224 0.03333333333333333 0.12685185185185185
1 0.21458333333333332 0.17916666666666667 0.03125 0.12685185185185185
1 0.22057291666666667 0.1337962962962963 0.022395833333333334 0.09351851851851853
