1 0.6513020833333333 0.0587962962962963 0.022395833333333334 0.09537037037037037
1 0.5234375 0.1615740740740741 0.04375 0.18425925925925926
1 0.49192708333333335 0.09583333333333334 0.0328125 0.11018518518518519
1 0.45651041666666664 0.09166666666666667 0.033854166666666664 0.12222222222222223
1 0.35625 0.10046296296296296 0.028125 0.13611111111111113
1 0.26328125 0.08981481481481482 0.0234375 0.11481481481481481
1 0.20234375 0.18611111111111112 0.0515625 0.19814814814814816
1 0.17317708333333334 0.0837962962962963 0.022395833333333334 0.09537037037037037
1 0.15989583333333332 0.14444444444444446 0.04895833333333333 0.16111111111111112
1 0.10442708333333334 0.11620370370370371 0.027604166666666666 0.1287037037037037
0 0.4778645833333333 0.07268518518518519 0.013020833333333334 0.021296296296296296
