1 0.7057291666666666 0.14305555555555557 0.041666666666666664 0.1787037037037037
1 0.4734375 0.07546296296296297 0.025 0.10462962962962963
1 0.4231770833333333 0.08796296296296297 0.022395833333333334 0.12962962962962962
1 0.3927083333333333 0.08425925925925926 0.029166666666666667 0.12222222222222223
1 0.33567708333333335 0.07037037037037037 0.024479166666666666 0.11111111111111112
1 0.2700520833333333 0.17407407407407408 0.03697916666666667 0.19074074074074074
1 0.18671875 0.12592592592592594 0.0359375 0.14814814814814814
1 0.19296875 0.07731481481481482 0.0234375 0.10092592592592593
1 0.15260416666666665 0.09953703703703703 0.020833333333333332 0.1175925925925926
0 0.47291666666666665 0.12453703703703704 0.010416666666666666 0.025
