1 0.7205729166666667 0.14166666666666666 0.05260416666666667 0.19814814814814816
1 0.540625 0.06481481481481481 0.03333333333333333 0.12592592592592594
1 0.2986979166666667 0.09490740740740741 0.03177083333333333 0.13611111111111113
1 0.278125 0.07592592592592592 0.030208333333333334 0.12222222222222223
1 0.25677083333333334 0.17916666666666667 0.04375 0.20833333333333334
1 0.21588541666666666 0.055092592592592596 0.024479166666666666 0.10277777777777779
1 0.08619791666666667 0.13148148148148148 0.03802083333333333 0.15925925925925927
1 0.10625 0.08287037037037037 0.029166666666666667 0.10833333333333334
1 0.05182291666666666 0.0976851851851852 0.034895833333333334 0.12685185185185185
0 0.6419270833333334 0.2189814814814815 0.019270833333333334 0.03796296296296296
