1 0.7583333333333333 0.11898148148148148 0.030208333333333334 0.14166666666666666
1 0.609375 0.13240740740740742 0.028125 0.12962962962962962
1 0.5177083333333333 0.17500000000000002 0.03229166666666666 0.1574074074074074
1 0.5049479166666666 0.10787037037037038 0.024479166666666666 0.10092592592592593
1 0.52890625 0.09861111111111112 0.0234375 0.08611111111111111
1 0.421875 0.10231481481481482 0.019791666666666666 0.08981481481481482
1 0.40729166666666666 0.13425925925925927 0.019791666666666666 0.11111111111111112
1 0.3911458333333333 0.1712962962962963 0.04583333333333333 0.15
1 0.23619791666666667 0.30185185185185187 0.0671875 0.2388888888888889
1 0.05859375 0.19444444444444445 0.0390625 0.12592592592592594
0 0.090625 0.25601851851851853 0.015625 0.02314814814814815
