1 0.82109375 0.6393518518518518 0.019270833333333334 0.1564814814814815
1 0.8041666666666667 0.6606481481481482 0.030208333333333334 0.18796296296296297
1 0.7611979166666667 0.6731481481481482 0.03802083333333333 0.20185185185185187
1 0.6330729166666667 0.6421296296296296 0.0328125 0.15092592592592594
1 0.5528645833333333 0.6763888888888889 0.04739583333333333 0.21944444444444444
1 0.4700520833333333 0.6083333333333334 0.024479166666666666 0.11481481481481481
1 0.4393229166666667 0.6152777777777778 0.025520833333333333 0.09722222222222222
1 0.35546875 0.6481481481481481 0.03697916666666667 0.15185185185185185
1 0.3263020833333333 0.6703703703703704 0.034895833333333334 0.20370370370370372
1 0.28098958333333335 0.6134259259259259 0.0203125 0.10462962962962963
1 0.25 0.625925925925926 0.028125 0.11111111111111112
1 0.21536458333333333 0.6319444444444444 0.027604166666666666 0.10277777777777779
1 0.08697916666666666 0.6296296296296297 0.015625 0.09814814814814815
1 0.05651041666666667 0.6995370370370371 0.05260416666666667 0.23425925925925928
