1 0.8059895833333334 0.6449074074074075 0.028645833333333332 0.18055555555555555
1 0.7580729166666667 0.6597222222222222 0.03802083333333333 0.2101851851851852
1 0.6296875 0.6324074074074074 0.03229166666666666 0.14814814814814814
1 0.6140625 0.600462962962963 0.030208333333333334 0.10277777777777779
1 0.5434895833333333 0.6657407407407407 0.04114583333333333 0.20925925925925926
1 0.46067708333333335 0.6101851851851852 0.025520833333333333 0.09444444444444444
1 0.43645833333333334 0.600462962962963 0.019791666666666666 0.11388888888888889
1 0.3421875 0.6412037037037037 0.029166666666666667 0.14537037037037037
1 0.325 0.6703703703703704 0.028125 0.2111111111111111
1 0.2791666666666667 0.600462962962963 0.030208333333333334 0.10277777777777779
1 0.23776041666666667 0.6138888888888889 0.025520833333333333 0.11111111111111112
1 0.2109375 0.6245370370370371 0.028125 0.10833333333333334
1 0.08463541666666667 0.6157407407407408 0.022395833333333334 0.11481481481481481
1 0.046614583333333334 0.6925925925925926 0.0671875 0.23703703703703705
