1 0.6861979166666666 0.12962962962962962 0.03177083333333333 0.13518518518518519
1 0.5799479166666667 0.13425925925925927 0.03802083333333333 0.12222222222222223
1 0.53828125 0.18703703703703706 0.03802083333333333 0.17222222222222222
1 0.5278645833333333 0.11018518518518519 0.025520833333333333 0.11296296296296297
1 0.48463541666666665 0.11990740740740741 0.03177083333333333 0.11203703703703705
1 0.41302083333333334 0.1800925925925926 0.03125 0.1398148148148148
1 0.4145833333333333 0.1337962962962963 0.016666666666666666 0.10462962962962963
1 0.3890625 0.1212962962962963 0.016666666666666666 0.07962962962962963
1 0.21354166666666666 0.3212962962962963 0.071875 0.2425925925925926
0 0.48072916666666665 0.19074074074074074 0.014583333333333334 0.02962962962962963
