1 0.7625 0.14444444444444446 0.04479166666666667 0.1925925925925926
1 0.5268229166666667 0.06666666666666667 0.0234375 0.12222222222222223
1 0.29322916666666665 0.08888888888888889 0.027083333333333334 0.15185185185185185
1 0.30390625 0.08009259259259259 0.025520833333333333 0.12314814814814816
1 0.24270833333333333 0.1800925925925926 0.046875 0.19722222222222224
1 0.24348958333333334 0.06342592592592593 0.0234375 0.10462962962962963
1 0.10677083333333333 0.12962962962962962 0.04375 0.14814814814814814
1 0.1 0.07361111111111111 0.02395833333333333 0.09351851851851853
1 0.06692708333333333 0.10046296296296296 0.0265625 0.11574074074074074
0 0.6692708333333334 0.20277777777777778 0.015625 0.040740740740740744
