1 0.7953125 0.1527777777777778 0.030208333333333334 0.20185185185185187
1 0.5080729166666667 0.08009259259259259 0.022395833333333334 0.11388888888888889
1 0.35520833333333335 0.09166666666666667 0.026041666666666668 0.12962962962962962
1 0.3229166666666667 0.09814814814814815 0.028125 0.12037037037037038
1 0.3026041666666667 0.07175925925925926 0.01875 0.10092592592592593
1 0.25104166666666666 0.18194444444444446 0.04791666666666666 0.18981481481481483
1 0.15442708333333333 0.13518518518518519 0.0359375 0.15555555555555556
1 0.1296875 0.08981481481481482 0.029166666666666667 0.10740740740740741
1 0.10494791666666667 0.11018518518518519 0.024479166666666666 0.11666666666666667
0 0.6796875 0.20416666666666666 0.015625 0.028703703703703703
