0 0.7299479166666667 0.6550925925925927 0.008854166666666666 0.021296296296296296
1 0.7791666666666667 0.675 0.035416666666666666 0.20185185185185187
1 0.7578125 0.6587962962962963 0.029166666666666667 0.14907407407407408
1 0.63359375 0.6106481481481482 0.03177083333333333 0.09907407407407408
1 0.4270833333333333 0.6180555555555556 0.028125 0.13796296296296298
1 0.40859375 0.5828703703703704 0.0203125 0.09166666666666667
1 0.24947916666666667 0.5745370370370371 0.029166666666666667 0.10092592592592593
1 0.20703125 0.5685185185185185 0.024479166666666666 0.10555555555555556
1 0.18515625 0.5851851851851853 0.0390625 0.12592592592592594
1 0.15104166666666666 0.5675925925925926 0.027083333333333334 0.10740740740740741
1 0.015364583333333333 0.5652777777777778 0.024479166666666666 0.13425925925925927
