0 0.57421875 0.4861111111111111 0.0109375 0.02962962962962963
1 0.7802083333333333 0.5513888888888889 0.071875 0.2175925925925926
1 0.80703125 0.49259259259259264 0.03802083333333333 0.16666666666666669
1 0.7549479166666666 0.49583333333333335 0.03697916666666667 0.14166666666666666
1 0.7182291666666667 0.4777777777777778 0.030208333333333334 0.11851851851851852
1 0.6895833333333333 0.5083333333333333 0.04479166666666667 0.17037037037037037
1 0.6239583333333333 0.5351851851851852 0.04791666666666666 0.15925925925925927
1 0.578125 0.4967592592592593 0.03229166666666666 0.11203703703703705
1 0.49114583333333334 0.49722222222222223 0.029166666666666667 0.12222222222222223
1 0.38958333333333334 0.5189814814814815 0.042708333333333334 0.16203703703703703
1 0.20182291666666666 0.5092592592592593 0.025520833333333333 0.12592592592592594
1 0.1828125 0.5199074074074074 0.02395833333333333 0.13611111111111113
1 0.15989583333333332 0.5046296296296297 0.025 0.08888888888888889
1 0.050520833333333334 0.5541666666666667 0.04375 0.18425925925925926
1 0.05807291666666667 0.5180555555555556 0.0265625 0.10833333333333334
