1 0.8984375 0.11111111111111112 0.026041666666666668 0.1462962962962963
1 0.7421875 0.12453703703703704 0.029166666666666667 0.13796296296296298
1 0.6171875 0.1638888888888889 0.030208333333333334 0.16111111111111112
1 0.6356770833333333 0.0925925925925926 0.022395833333333334 0.12037037037037038
1 0.546875 0.09074074074074075 0.01875 0.0962962962962963
1 0.5135416666666667 0.1287037037037037 0.029166666666666667 0.12592592592592594
1 0.4942708333333333 0.15972222222222224 0.030208333333333334 0.1527777777777778
1 0.33515625 0.287962962962963 0.0703125 0.2351851851851852
1 0.20755208333333333 0.17222222222222222 0.04114583333333333 0.13148148148148148
1 0.11796875 0.19861111111111113 0.0328125 0.13055555555555556
1 0.12786458333333334 0.15092592592592594 0.019270833333333334 0.08888888888888889
