1 0.9583333333333334 0.5375 0.025 0.10833333333333334
1 0.86484375 0.6444444444444445 0.05260416666666667 0.19814814814814816
1 0.8591145833333333 0.5550925925925926 0.021354166666666667 0.10833333333333334
1 0.8205729166666667 0.5537037037037037 0.0265625 0.11481481481481481
1 0.70703125 0.5356481481481482 0.025520833333333333 0.09351851851851853
1 0.5143229166666666 0.5587962962962963 0.0234375 0.10462962962962963
1 0.47994791666666664 0.6555555555555556 0.0515625 0.19814814814814816
1 0.44947916666666665 0.576388888888889 0.030208333333333334 0.10462962962962963
1 0.3065104166666667 0.5967592592592593 0.0359375 0.12685185185185185
1 0.23255208333333333 0.6305555555555555 0.033854166666666664 0.15555555555555556
1 0.11171874999999999 0.587037037037037 0.022395833333333334 0.09074074074074075
