1 0.9252604166666667 0.7296296296296296 0.05677083333333333 0.24444444444444446
1 0.9080729166666667 0.5856481481481481 0.0203125 0.10462962962962963
1 0.8361979166666667 0.6111111111111112 0.024479166666666666 0.12037037037037038
1 0.8184895833333333 0.6208333333333333 0.0203125 0.14351851851851852
1 0.6106770833333334 0.587962962962963 0.025520833333333333 0.08888888888888889
1 0.4341145833333333 0.6986111111111112 0.04010416666666666 0.19722222222222224
1 0.42135416666666664 0.6111111111111112 0.020833333333333332 0.12037037037037038
1 0.37786458333333334 0.5976851851851852 0.0234375 0.10092592592592593
1 0.19010416666666666 0.6638888888888889 0.03333333333333333 0.15555555555555556
1 0.19166666666666665 0.6208333333333333 0.016666666666666666 0.125
