1 0.8182291666666667 0.6296296296296297 0.017708333333333333 0.15
1 0.7986979166666667 0.663425925925926 0.0390625 0.1787037037037037
1 0.7528645833333333 0.6759259259259259 0.0328125 0.2
1 0.6541666666666667 0.6111111111111112 0.028125 0.12037037037037038
1 0.6239583333333333 0.6412037037037037 0.03229166666666666 0.16574074074074074
1 0.5372395833333333 0.6083333333333334 0.018229166666666668 0.09444444444444444
1 0.5544270833333333 0.6666666666666667 0.06822916666666666 0.2351851851851852
1 0.4622395833333333 0.611574074074074 0.028645833333333332 0.10092592592592593
1 0.43359375 0.6157407407407408 0.0234375 0.07962962962962963
1 0.3546875 0.6472222222222223 0.03125 0.15
1 0.3190104166666667 0.6722222222222223 0.03802083333333333 0.2
1 0.27421875 0.6134259259259259 0.0203125 0.10092592592592593
1 0.25546875 0.6268518518518519 0.0234375 0.10925925925925926
1 0.21067708333333332 0.6333333333333333 0.034895833333333334 0.11481481481481481
1 0.0796875 0.6263888888888889 0.014583333333333334 0.10462962962962963
1 0.05625 0.6925925925925926 0.041666666666666664 0.24074074074074076
