1 0.6760416666666667 0.058333333333333334 0.029166666666666667 0.07962962962962963
1 0.6122395833333333 0.0763888888888889 0.033854166666666664 0.11018518518518519
1 0.48411458333333335 0.10925925925925926 0.034895833333333334 0.11481481481481481
1 0.4153645833333333 0.15787037037037038 0.0359375 0.17314814814814816
1 0.33359375 0.10833333333333334 0.022395833333333334 0.12037037037037038
1 0.22369791666666666 0.21296296296296297 0.0421875 0.19444444444444445
1 0.20651041666666667 0.09583333333333334 0.0234375 0.09166666666666667
1 0.15755208333333334 0.13333333333333333 0.0265625 0.12407407407407407
1 0.10390624999999999 0.18472222222222223 0.033854166666666664 0.17685185185185187
0 0.6609375 0.08796296296296297 0.0125 0.02962962962962963
