1 0.86796875 0.6824074074074075 0.0390625 0.2
1 0.8317708333333333 0.6675925925925926 0.03333333333333333 0.15555555555555556
1 0.6432291666666666 0.6171296296296297 0.030208333333333334 0.08981481481481482
1 0.48802083333333335 0.6296296296296297 0.03125 0.13333333333333333
1 0.46171875 0.5986111111111111 0.025520833333333333 0.09166666666666667
1 0.2908854166666667 0.5847222222222223 0.018229166666666668 0.09537037037037037
1 0.26276041666666666 0.5856481481481481 0.022395833333333334 0.09722222222222222
1 0.24166666666666667 0.5944444444444444 0.027083333333333334 0.12222222222222223
1 0.23489583333333333 0.5810185185185185 0.017708333333333333 0.08425925925925926
1 0.1140625 0.5805555555555556 0.027083333333333334 0.12037037037037038
1 0.0484375 0.5782407407407407 0.034375 0.10833333333333334
0 0.6880208333333333 0.6550925925925927 0.0125 0.017592592592592594
