0 0.6609375 0.08611111111111111 0.0125 0.03333333333333333
1 0.6809895833333334 0.04722222222222222 0.0234375 0.08703703703703704
1 0.6208333333333333 0.07592592592592592 0.030208333333333334 0.11481481481481481
1 0.4666666666666667 0.11203703703703705 0.025 0.13148148148148148
1 0.41640625 0.15416666666666667 0.033854166666666664 0.18055555555555555
1 0.34140625 0.10462962962962963 0.033854166666666664 0.1277777777777778
1 0.22942708333333334 0.20046296296296298 0.0359375 0.18796296296296297
1 0.21145833333333333 0.09583333333333334 0.027083333333333334 0.09166666666666667
1 0.13802083333333334 0.13472222222222222 0.030208333333333334 0.13055555555555556
1 0.10677083333333333 0.18101851851851852 0.034375 0.16944444444444445
