1 0.6122395833333333 0.14722222222222223 0.0515625 0.20555555555555557
1 0.30833333333333335 0.09212962962962963 0.03229166666666666 0.14166666666666666
1 0.27630208333333334 0.1925925925925926 0.04739583333333333 0.22777777777777777
1 0.2557291666666667 0.07314814814814816 0.028125 0.12407407407407407
1 0.1671875 0.06342592592592593 0.02395833333333333 0.10092592592592593
1 0.125 0.07824074074074075 0.029166666666666667 0.11388888888888889
1 0.04505208333333333 0.13611111111111113 0.04114583333333333 0.16111111111111112
1 0.03125 0.09444444444444444 0.017708333333333333 0.12037037037037038
1 0.5692708333333333 0.0638888888888889 0.026041666666666668 0.1277777777777778
0 0.5703125 0.2152777777777778 0.014583333333333334 0.026851851851851852
