0 0.603125 0.16944444444444445 0.013541666666666667 0.02592592592592593
1 0.8 0.1527777777777778 0.04583333333333333 0.20555555555555557
1 0.503125 0.0787037037037037 0.030208333333333334 0.12037037037037038
1 0.3828125 0.08981481481481482 0.03125 0.12962962962962962
1 0.34869791666666666 0.08981481481481482 0.025520833333333333 0.11851851851851852
1 0.3263020833333333 0.06944444444444445 0.021354166666666667 0.10185185185185186
1 0.265625 0.17500000000000002 0.05520833333333333 0.2
1 0.1671875 0.1277777777777778 0.03229166666666666 0.14444444444444446
1 0.15494791666666666 0.08287037037037037 0.021354166666666667 0.08981481481481482
1 0.12578125 0.11111111111111112 0.025520833333333333 0.12222222222222223
