1 0.965625 0.7069444444444445 0.05 0.26203703703703707
1 0.8934895833333333 0.5518518518518519 0.022395833333333334 0.10740740740740741
1 0.84140625 0.5731481481481482 0.021354166666666667 0.11851851851851852
1 0.8075520833333333 0.575462962962963 0.019270833333333334 0.14537037037037037
1 0.5927083333333333 0.5476851851851852 0.026041666666666668 0.09907407407407408
1 0.49296875 0.6509259259259259 0.034895833333333334 0.20370370370370372
1 0.4140625 0.5666666666666667 0.019791666666666666 0.11296296296296297
1 0.34088541666666666 0.5560185185185186 0.021354166666666667 0.09907407407407408
1 0.21302083333333333 0.5800925925925926 0.030208333333333334 0.125
1 0.1828125 0.6101851851851852 0.028125 0.1574074074074074
