0 0.11458333333333333 0.6023148148148149 0.010416666666666666 0.017592592592592594
1 0.8822916666666667 0.6324074074074074 0.04479166666666667 0.20555555555555557
1 0.9638020833333333 0.5259259259259259 0.024479166666666666 0.11296296296296297
1 0.8653645833333333 0.5606481481481481 0.0203125 0.13611111111111113
1 0.8356770833333333 0.5435185185185185 0.027604166666666666 0.12037037037037038
1 0.70234375 0.5296296296296297 0.019270833333333334 0.08148148148148149
1 0.5065104166666666 0.5412037037037037 0.0234375 0.10092592592592593
1 0.4549479166666667 0.6472222222222223 0.0390625 0.1925925925925926
1 0.46015625 0.5550925925925926 0.0203125 0.10462962962962963
1 0.2942708333333333 0.5833333333333334 0.027083333333333334 0.11851851851851852
1 0.23697916666666666 0.6083333333333334 0.029166666666666667 0.1537037037037037
1 0.10781249999999999 0.5657407407407408 0.03229166666666666 0.09074074074074075
