0 0.6580729166666667 0.08981481481481482 0.0109375 0.022222222222222223
1 0.6661458333333333 0.07037037037037037 0.027083333333333334 0.07592592592592592
1 0.5916666666666667 0.08703703703703704 0.026041666666666668 0.1277777777777778
1 0.4979166666666667 0.10925925925925926 0.03125 0.12222222222222223
1 0.4223958333333333 0.1587962962962963 0.041666666666666664 0.1712962962962963
1 0.3338541666666667 0.10833333333333334 0.03229166666666666 0.12037037037037038
1 0.21432291666666667 0.21296296296296297 0.03697916666666667 0.19814814814814816
1 0.20520833333333333 0.10555555555555556 0.020833333333333332 0.11111111111111112
1 0.17395833333333333 0.12962962962962962 0.030208333333333334 0.12037037037037038
1 0.11171874999999999 0.1837962962962963 0.0421875 0.1712962962962963
1 0.0171875 0.15462962962962964 0.03229166666666666 0.1277777777777778
