0 0.6661458333333333 0.12268518518518519 0.011458333333333333 0.025
1 0.67109375 0.08981481481481482 0.0328125 0.07962962962962963
1 0.5591145833333333 0.12685185185185185 0.0328125 0.12222222222222223
1 0.51875 0.13333333333333333 0.030208333333333334 0.12037037037037038
1 0.4671875 0.19166666666666668 0.03229166666666666 0.17037037037037037
1 0.35885416666666664 0.14027777777777778 0.030208333333333334 0.13055555555555556
1 0.21145833333333333 0.24027777777777778 0.05625 0.18611111111111112
1 0.21848958333333332 0.14305555555555557 0.0234375 0.10092592592592593
1 0.20651041666666667 0.12685185185185185 0.021354166666666667 0.09074074074074075
1 0.14427083333333332 0.20462962962962963 0.04895833333333333 0.1574074074074074
1 0.06744791666666666 0.17916666666666667 0.034895833333333334 0.1175925925925926
