1 0.9828125 0.08981481481481482 0.029166666666666667 0.12962962962962962
1 0.9169270833333333 0.15972222222222224 0.033854166666666664 0.18425925925925926
1 0.7661458333333333 0.13842592592592592 0.04583333333333333 0.1527777777777778
1 0.7880208333333333 0.10138888888888889 0.027083333333333334 0.11388888888888889
1 0.8447916666666666 0.08703703703703704 0.03229166666666666 0.11666666666666667
1 0.9052083333333333 0.0712962962962963 0.016666666666666666 0.10555555555555556
1 0.5830729166666666 0.2712962962962963 0.06510416666666667 0.24444444444444446
1 0.3536458333333333 0.17916666666666667 0.040625 0.1175925925925926
1 0.2520833333333333 0.19166666666666668 0.030208333333333334 0.12037037037037038
1 0.31223958333333335 0.15231481481481482 0.0203125 0.09537037037037037
