1 0.93984375 0.5152777777777778 0.0328125 0.13796296296296298
1 0.7791666666666667 0.47824074074074074 0.019791666666666666 0.08425925925925926
1 0.4953125 0.4777777777777778 0.01875 0.07962962962962963
1 0.4783854166666667 0.5189814814814815 0.025520833333333333 0.10648148148148148
1 0.3848958333333333 0.5675925925925926 0.04895833333333333 0.16481481481481483
1 0.26067708333333334 0.5888888888888889 0.0421875 0.1685185185185185
1 0.221875 0.5472222222222223 0.030208333333333334 0.13148148148148148
1 0.1890625 0.5180555555555556 0.03125 0.10092592592592593
1 0.20390624999999998 0.4935185185185185 0.021354166666666667 0.08703703703703704
1 0.12890625 0.5587962962962963 0.03697916666666667 0.15092592592592594
1 0.08828125 0.5125000000000001 0.022395833333333334 0.09722222222222222
0 0.2 0.6625 0.013541666666666667 0.032407407407407406
