0 0.43697916666666664 0.5578703703703703 0.0125 0.021296296296296296
1 0.8463541666666666 0.5305555555555556 0.025 0.11111111111111112
1 0.8216145833333334 0.5111111111111112 0.024479166666666666 0.08703703703703704
1 0.7627604166666666 0.5412037037037037 0.0234375 0.11203703703703705
1 0.7455729166666667 0.5074074074074074 0.013020833333333334 0.07962962962962963
1 0.6833333333333333 0.5995370370370371 0.06145833333333333 0.15462962962962964
1 0.6565104166666667 0.5560185185185186 0.0234375 0.13055555555555556
1 0.6611979166666666 0.5041666666666667 0.0234375 0.062037037037037036
1 0.5231770833333333 0.5370370370370371 0.025520833333333333 0.11666666666666667
1 0.47942708333333334 0.5189814814814815 0.0234375 0.10648148148148148
1 0.5020833333333333 0.5046296296296297 0.016666666666666666 0.08518518518518518
1 0.38046875 0.5393518518518519 0.03802083333333333 0.10833333333333334
1 0.34791666666666665 0.5481481481481482 0.03333333333333333 0.13333333333333333
1 0.23828125 0.5342592592592593 0.028645833333333332 0.12592592592592594
1 0.16614583333333333 0.5060185185185185 0.026041666666666668 0.09722222222222222
1 0.12864583333333332 0.5375 0.027083333333333334 0.125
1 0.05807291666666667 0.5666666666666667 0.033854166666666664 0.15555555555555556
