0 0.6049479166666667 0.6481481481481481 0.019270833333333334 0.03518518518518519
1 0.8507812499999999 0.5393518518518519 0.0359375 0.19351851851851853
1 0.8020833333333334 0.5226851851851853 0.04583333333333333 0.19166666666666668
1 0.7747395833333334 0.43842592592592594 0.022395833333333334 0.11203703703703705
1 0.7369791666666666 0.4416666666666667 0.03229166666666666 0.11851851851851852
1 0.6760416666666667 0.4217592592592593 0.019791666666666666 0.09166666666666667
1 0.6138020833333333 0.43194444444444446 0.021354166666666667 0.09907407407407408
1 0.58203125 0.5268518518518519 0.0265625 0.1925925925925926
1 0.5216145833333333 0.4375 0.022395833333333334 0.10277777777777779
1 0.4140625 0.5060185185185185 0.035416666666666666 0.1824074074074074
1 0.33671875 0.4462962962962963 0.033854166666666664 0.12037037037037038
1 0.28854166666666664 0.6958333333333334 0.10104166666666667 0.3472222222222222
1 0.14765625 0.5560185185185186 0.06927083333333334 0.21944444444444444
1 0.09505208333333333 0.525462962962963 0.033854166666666664 0.18611111111111112
