1 0.9505208333333334 0.5037037037037038 0.029166666666666667 0.11851851851851852
1 0.8994791666666666 0.5208333333333334 0.03229166666666666 0.14166666666666666
1 0.7908854166666667 0.47824074074074074 0.0234375 0.08796296296296297
1 0.4825520833333333 0.4666666666666667 0.0203125 0.08333333333333334
1 0.26848958333333334 0.500462962962963 0.0265625 0.11203703703703705
1 0.2421875 0.5518518518518519 0.041666666666666664 0.16481481481481483
1 0.21197916666666666 0.4763888888888889 0.028125 0.09537037037037037
1 0.16666666666666666 0.5189814814814815 0.029166666666666667 0.14166666666666666
1 0.09947916666666666 0.48194444444444445 0.025 0.10648148148148148
1 0.01614583333333333 0.587962962962963 0.03229166666666666 0.20925925925925926
1 0.027604166666666666 0.5421296296296296 0.03125 0.13796296296296298
0 0.10885416666666667 0.4226851851851852 0.010416666666666666 0.026851851851851852
