1 0.9505208333333334 0.5217592592592593 0.03333333333333333 0.13611111111111113
1 0.76171875 0.48240740740740745 0.019270833333333334 0.08333333333333334
1 0.5575520833333333 0.5143518518518518 0.024479166666666666 0.10833333333333334
1 0.4786458333333333 0.48240740740740745 0.014583333333333334 0.07592592592592592
1 0.45390625 0.5615740740740741 0.05260416666666667 0.1527777777777778
1 0.37421875 0.5675925925925926 0.04114583333333333 0.1537037037037037
1 0.31614583333333335 0.5449074074074074 0.034375 0.13611111111111113
1 0.23255208333333333 0.5111111111111112 0.033854166666666664 0.10740740740740741
1 0.16223958333333333 0.5462962962962963 0.03802083333333333 0.11851851851851852
1 0.14973958333333334 0.48703703703703705 0.0109375 0.08518518518518518
1 0.0703125 0.5092592592592593 0.029166666666666667 0.10740740740740741
0 0.2895833333333333 0.6226851851851852 0.013541666666666667 0.02314814814814815
