1 0.8619791666666666 0.6402777777777778 0.019791666666666666 0.10833333333333334
1 0.8682291666666666 0.6189814814814815 0.014583333333333334 0.10092592592592593
1 0.8195312499999999 0.6541666666666667 0.0265625 0.14351851851851852
1 0.7364583333333333 0.7060185185185186 0.03125 0.1787037037037037
1 0.7473958333333334 0.6157407407407408 0.016666666666666666 0.07962962962962963
1 0.5794270833333334 0.6421296296296296 0.0234375 0.10462962962962963
1 0.46171875 0.7305555555555556 0.04114583333333333 0.1962962962962963
1 0.4119791666666667 0.6722222222222223 0.027083333333333334 0.11851851851851852
1 0.32395833333333335 0.6731481481481482 0.028125 0.11296296296296297
1 0.19791666666666666 0.7296296296296296 0.042708333333333334 0.15555555555555556
1 0.165625 0.6726851851851852 0.027083333333333334 0.09537037037037037
