0 0.19479166666666667 0.8208333333333334 0.013541666666666667 0.026851851851851852
1 0.86796875 0.6666666666666667 0.03697916666666667 0.11481481481481481
1 0.8502604166666666 0.6578703703703704 0.025520833333333333 0.11574074074074074
1 0.7953125 0.6837962962962963 0.030208333333333334 0.14907407407407408
1 0.73671875 0.6462962962962964 0.022395833333333334 0.0925925925925926
1 0.7096354166666666 0.7375 0.0359375 0.1824074074074074
1 0.5932291666666667 0.6675925925925926 0.027083333333333334 0.10555555555555556
1 0.47604166666666664 0.7898148148148149 0.04583333333333333 0.22592592592592595
1 0.4125 0.6995370370370371 0.030208333333333334 0.12314814814814816
1 0.3020833333333333 0.7027777777777778 0.029166666666666667 0.11666666666666667
1 0.17734375 0.7574074074074074 0.0390625 0.1574074074074074
1 0.16588541666666667 0.6935185185185185 0.0234375 0.08703703703703704
