0 0.7864583333333334 0.6208333333333333 0.01875 0.03425925925925926
1 0.8380208333333333 0.5356481481481482 0.057291666666666664 0.18981481481481483
1 0.7736979166666667 0.42453703703703705 0.0203125 0.10833333333333334
1 0.7421875 0.4351851851851852 0.027083333333333334 0.11851851851851852
1 0.7018229166666666 0.4759259259259259 0.0359375 0.16111111111111112
1 0.6856770833333333 0.4189814814814815 0.021354166666666667 0.09722222222222222
1 0.6375 0.425462962962963 0.02395833333333333 0.10648148148148148
1 0.5908854166666666 0.5305555555555556 0.04010416666666666 0.20740740740740743
1 0.53046875 0.42453703703703705 0.022395833333333334 0.10462962962962963
1 0.3268229166666667 0.6717592592592593 0.07135416666666666 0.3416666666666667
1 0.36692708333333335 0.4986111111111111 0.0359375 0.1787037037037037
1 0.35104166666666664 0.41481481481481486 0.014583333333333334 0.07407407407407407
1 0.31223958333333335 0.4393518518518519 0.024479166666666666 0.1175925925925926
1 0.04791666666666666 0.5143518518518518 0.03854166666666667 0.1824074074074074
1 0.02005208333333333 0.5509259259259259 0.03802083333333333 0.22962962962962963
