0 0.10234375 0.5449074074074074 0.0078125 0.019444444444444445
1 0.9307291666666666 0.5101851851851852 0.03229166666666666 0.13518518518518519
1 0.8697916666666666 0.524537037037037 0.029166666666666667 0.13425925925925927
1 0.8429687499999999 0.48888888888888893 0.0265625 0.11666666666666667
1 0.8307291666666666 0.46944444444444444 0.017708333333333333 0.08888888888888889
1 0.57578125 0.5462962962962963 0.0390625 0.16481481481481483
1 0.37838541666666664 0.49583333333333335 0.022395833333333334 0.10277777777777779
1 0.25885416666666666 0.5550925925925926 0.03229166666666666 0.14722222222222223
1 0.271875 0.5180555555555556 0.017708333333333333 0.125
1 0.20416666666666666 0.5430555555555556 0.034375 0.13240740740740742
1 0.13307291666666665 0.5226851851851853 0.022395833333333334 0.10648148148148148
1 0.08984375 0.5143518518518518 0.025520833333333333 0.10462962962962963
1 0.07421875 0.500462962962963 0.025520833333333333 0.09722222222222222
