1 0.7955729166666666 0.4814814814814815 0.021354166666666667 0.07777777777777778
1 0.6559895833333333 0.5092592592592593 0.03177083333333333 0.11481481481481481
1 0.56640625 0.5574074074074075 0.04739583333333333 0.1574074074074074
1 0.50859375 0.47731481481481486 0.019270833333333334 0.08611111111111111
1 0.40625 0.5537037037037037 0.035416666666666666 0.16111111111111112
1 0.3703125 0.5240740740740741 0.027083333333333334 0.12037037037037038
1 0.3065104166666667 0.5013888888888889 0.024479166666666666 0.11388888888888889
1 0.16770833333333332 0.5240740740740741 0.029166666666666667 0.1277777777777778
1 0.14973958333333334 0.49074074074074076 0.0203125 0.08518518518518518
1 0.10286458333333333 0.5050925925925926 0.0265625 0.10277777777777779
1 0.06458333333333333 0.5564814814814815 0.029166666666666667 0.16296296296296298
0 0.3890625 0.5810185185185185 0.014583333333333334 0.021296296296296296
