0 0.71484375 0.45416666666666666 0.009895833333333333 0.02314814814814815
1 0.79765625 0.5212962962962964 0.0328125 0.11851851851851852
1 0.7786458333333334 0.4916666666666667 0.026041666666666668 0.09074074074074075
1 0.72421875 0.5180555555555556 0.03177083333333333 0.11203703703703705
1 0.6997395833333333 0.49259259259259264 0.024479166666666666 0.08888888888888889
1 0.6638020833333333 0.5717592592592593 0.04010416666666666 0.17685185185185187
1 0.6028645833333334 0.5430555555555556 0.0234375 0.1287037037037037
1 0.5994791666666667 0.5111111111111112 0.01875 0.11111111111111112
1 0.4734375 0.5356481481481482 0.025 0.13240740740740742
1 0.46510416666666665 0.49259259259259264 0.014583333333333334 0.07777777777777778
1 0.42578125 0.5083333333333333 0.0234375 0.10555555555555556
1 0.40234375 0.5314814814814816 0.025520833333333333 0.13148148148148148
1 0.2578125 0.5472222222222223 0.03958333333333333 0.15185185185185185
1 0.10677083333333333 0.5449074074074074 0.028125 0.14351851851851852
1 0.084375 0.5722222222222223 0.041666666666666664 0.16296296296296298
1 0.034895833333333334 0.5375 0.028125 0.1287037037037037
1 0.05130208333333333 0.5083333333333333 0.0265625 0.10555555555555556
