1 0.975 0.4953703703703704 0.03125 0.12592592592592594
1 0.9067708333333333 0.5180555555555556 0.029166666666666667 0.14351851851851852
1 0.79765625 0.4740740740740741 0.0234375 0.08703703703703704
1 0.49921875 0.46851851851851856 0.0203125 0.08333333333333334
1 0.29583333333333334 0.5023148148148149 0.030208333333333334 0.10462962962962963
1 0.25338541666666664 0.5560185185185186 0.043229166666666666 0.16944444444444445
1 0.21588541666666666 0.4759259259259259 0.0265625 0.07962962962962963
1 0.16588541666666667 0.5208333333333334 0.0390625 0.13425925925925927
1 0.12291666666666666 0.5074074074074074 0.042708333333333334 0.09444444444444444
1 0.10182291666666667 0.49953703703703706 0.024479166666666666 0.10277777777777779
1 0.03333333333333333 0.6023148148148149 0.03854166666666667 0.21203703703703705
1 0.03125 0.5782407407407407 0.042708333333333334 0.18981481481481483
0 0.12239583333333333 0.3541666666666667 0.016666666666666666 0.025
