0 0.04453125 0.7782407407407408 0.0203125 0.04351851851851852
1 0.8830729166666667 0.5046296296296297 0.0359375 0.11296296296296297
1 0.8044270833333333 0.4740740740740741 0.019270833333333334 0.07592592592592592
1 0.8020833333333334 0.5675925925925926 0.057291666666666664 0.17222222222222222
1 0.6143229166666666 0.5157407407407407 0.0359375 0.12037037037037038
1 0.52265625 0.49722222222222223 0.018229166666666668 0.08333333333333334
1 0.4557291666666667 0.5226851851851853 0.029166666666666667 0.11018518518518519
1 0.4127604166666667 0.5305555555555556 0.03802083333333333 0.10740740740740741
1 0.3828125 0.5907407407407408 0.040625 0.17592592592592593
1 0.32005208333333335 0.5782407407407407 0.0515625 0.14351851851851852
1 0.2484375 0.5574074074074075 0.040625 0.12222222222222223
1 0.17604166666666665 0.563425925925926 0.026041666666666668 0.13055555555555556
