0 0.6877604166666667 0.8351851851851853 0.0234375 0.044444444444444446
1 0.93359375 0.5013888888888889 0.024479166666666666 0.10277777777777779
1 0.9145833333333333 0.5337962962962963 0.035416666666666666 0.13611111111111113
1 0.8901041666666667 0.5069444444444444 0.03125 0.10277777777777779
1 0.58984375 0.7513888888888889 0.0671875 0.2990740740740741
1 0.5020833333333333 0.7125 0.08854166666666667 0.2601851851851852
1 0.4752604166666667 0.6324074074074074 0.0390625 0.24074074074074076
1 0.453125 0.5231481481481481 0.029166666666666667 0.12592592592592594
1 0.48802083333333335 0.5120370370370371 0.027083333333333334 0.11666666666666667
1 0.5927083333333333 0.4842592592592593 0.016666666666666666 0.07962962962962963
1 0.2747395833333333 0.512962962962963 0.019270833333333334 0.11851851851851852
1 0.2421875 0.5217592592592593 0.03229166666666666 0.1287037037037037
1 0.2625 0.48703703703703705 0.014583333333333334 0.0925925925925926
1 0.016666666666666666 0.5013888888888889 0.029166666666666667 0.11018518518518519
