0 0.4419270833333333 0.6064814814814815 0.0203125 0.03333333333333333
1 0.9213541666666667 0.5199074074074074 0.027083333333333334 0.10092592592592593
1 0.8526041666666666 0.5347222222222222 0.030208333333333334 0.13425925925925927
1 0.7830729166666667 0.5162037037037037 0.0234375 0.10462962962962963
1 0.72578125 0.6180555555555556 0.05260416666666667 0.18055555555555555
1 0.5177083333333333 0.6305555555555555 0.04583333333333333 0.19444444444444445
1 0.5434895833333333 0.5083333333333333 0.021354166666666667 0.0925925925925926
1 0.390625 0.5101851851851852 0.019791666666666666 0.08148148148148149
1 0.384375 0.5976851851851852 0.04583333333333333 0.1712962962962963
1 0.32447916666666665 0.5351851851851852 0.03854166666666667 0.12037037037037038
1 0.12578125 0.5402777777777777 0.03697916666666667 0.12685185185185185
1 0.14869791666666665 0.549074074074074 0.024479166666666666 0.1277777777777778
1 0.14921875 0.5074074074074074 0.021354166666666667 0.08333333333333334
