0 0.44036458333333334 0.7305555555555556 0.021354166666666667 0.040740740740740744
1 0.9635416666666666 0.5208333333333334 0.030208333333333334 0.09537037037037037
1 0.8911458333333333 0.5449074074074074 0.035416666666666666 0.13611111111111113
1 0.85234375 0.5236111111111111 0.025520833333333333 0.10462962962962963
1 0.55859375 0.6393518518518518 0.049479166666666664 0.18055555555555555
1 0.40963541666666664 0.6518518518518519 0.0671875 0.18703703703703706
1 0.39817708333333335 0.6212962962962963 0.03802083333333333 0.19814814814814816
1 0.5893229166666667 0.5037037037037038 0.021354166666666667 0.08703703703703704
1 0.45598958333333334 0.5208333333333334 0.0234375 0.10648148148148148
1 0.40338541666666666 0.5217592592592593 0.0234375 0.09722222222222222
1 0.21458333333333332 0.5453703703703704 0.029166666666666667 0.1277777777777778
1 0.22369791666666666 0.5101851851851852 0.018229166666666668 0.0962962962962963
1 0.0203125 0.5180555555555556 0.030208333333333334 0.11203703703703705
