1 0.92578125 0.5023148148148149 0.03802083333333333 0.13611111111111113
1 0.8036458333333333 0.46481481481481485 0.017708333333333333 0.08703703703703704
1 0.5140625 0.4703703703703704 0.014583333333333334 0.07962962962962963
1 0.39557291666666666 0.5074074074074074 0.027604166666666666 0.11481481481481481
1 0.30885416666666665 0.5597222222222222 0.042708333333333334 0.16574074074074074
1 0.22864583333333333 0.4847222222222222 0.026041666666666668 0.09351851851851853
1 0.16276041666666666 0.5370370370370371 0.04114583333333333 0.12037037037037038
1 0.14869791666666665 0.5074074074074074 0.0203125 0.09444444444444444
1 0.10390624999999999 0.500462962962963 0.024479166666666666 0.08981481481481482
1 0.12447916666666667 0.6148148148148148 0.075 0.19814814814814816
1 0.06953125 0.5652777777777778 0.03697916666666667 0.18425925925925926
0 0.14270833333333333 0.5143518518518518 0.014583333333333334 0.02314814814814815
