0 0.5916666666666667 0.7976851851851852 0.030208333333333334 0.03425925925925926
1 0.9520833333333333 0.5092592592592593 0.028125 0.10740740740740741
1 0.9111979166666666 0.5337962962962963 0.033854166666666664 0.13611111111111113
1 0.8820312499999999 0.5120370370370371 0.033854166666666664 0.12407407407407407
1 0.45260416666666664 0.7143518518518519 0.090625 0.2601851851851852
1 0.4674479166666667 0.6819444444444445 0.06614583333333333 0.22685185185185186
1 0.4466145833333333 0.6324074074074074 0.03802083333333333 0.23333333333333334
1 0.48411458333333335 0.512962962962963 0.0171875 0.11481481481481481
1 0.44921875 0.5027777777777778 0.025520833333333333 0.08518518518518518
1 0.24036458333333333 0.5268518518518519 0.024479166666666666 0.12962962962962962
1 0.2638020833333333 0.5226851851851853 0.022395833333333334 0.13055555555555556
1 0.25859375 0.4949074074074074 0.0203125 0.10092592592592593
1 0.0328125 0.5064814814814815 0.030208333333333334 0.10925925925925926
