0 0.14661458333333333 0.7351851851851852 0.0203125 0.0462962962962963
1 0.9119791666666667 0.4962962962962963 0.04375 0.11666666666666667
1 0.8916666666666666 0.4666666666666667 0.020833333333333332 0.08333333333333334
1 0.8052083333333333 0.5560185185185186 0.059375 0.16944444444444445
1 0.5854166666666667 0.5074074074074074 0.035416666666666666 0.11851851851851852
1 0.6005208333333333 0.4740740740740741 0.01875 0.07222222222222223
1 0.4783854166666667 0.5615740740740741 0.0390625 0.16574074074074074
1 0.4825520833333333 0.4967592592592593 0.0203125 0.09351851851851853
1 0.340625 0.5092592592592593 0.026041666666666668 0.09814814814814815
1 0.24401041666666667 0.5800925925925926 0.0515625 0.15462962962962964
1 0.2640625 0.5333333333333333 0.025 0.11296296296296297
1 0.21197916666666666 0.5277777777777778 0.026041666666666668 0.11296296296296297
1 0.06041666666666667 0.6731481481481482 0.07395833333333333 0.20555555555555557
