0 0.2942708333333333 0.6189814814814815 0.013541666666666667 0.02314814814814815
1 0.8356770833333333 0.5439814814814815 0.021354166666666667 0.10277777777777779
1 0.8453125 0.5337962962962963 0.017708333333333333 0.10092592592592593
1 0.79609375 0.5518518518518519 0.024479166666666666 0.12222222222222223
1 0.77421875 0.5143518518518518 0.021354166666666667 0.09722222222222222
1 0.6682291666666667 0.5375 0.025 0.09722222222222222
1 0.64140625 0.576388888888889 0.03177083333333333 0.15092592592592594
1 0.51953125 0.5111111111111112 0.022395833333333334 0.07962962962962963
1 0.4666666666666667 0.5509259259259259 0.035416666666666666 0.10925925925925926
1 0.44557291666666665 0.5333333333333333 0.024479166666666666 0.10925925925925926
1 0.36328125 0.5694444444444444 0.05260416666666667 0.12962962962962962
1 0.3463541666666667 0.6625 0.05520833333333333 0.22685185185185186
1 0.3104166666666667 0.5814814814814815 0.041666666666666664 0.1574074074074074
1 0.2700520833333333 0.5351851851851852 0.019270833333333334 0.12037037037037038
1 0.23776041666666667 0.5083333333333333 0.025520833333333333 0.08888888888888889
1 0.10390624999999999 0.5439814814814815 0.033854166666666664 0.13425925925925927
