0 0.17057291666666666 0.7152777777777778 0.0171875 0.028703703703703703
1 0.9359375 0.5481481481481482 0.029166666666666667 0.13333333333333333
1 0.97421875 0.5032407407407408 0.022395833333333334 0.09537037037037037
1 0.9419270833333333 0.5092592592592593 0.021354166666666667 0.09444444444444444
1 0.9096354166666667 0.5074074074074074 0.021354166666666667 0.10740740740740741
1 0.75 0.5259259259259259 0.027083333333333334 0.10925925925925926
1 0.696875 0.5712962962962963 0.04583333333333333 0.15
1 0.62578125 0.5027777777777778 0.022395833333333334 0.08518518518518518
1 0.5088541666666666 0.5277777777777778 0.030208333333333334 0.10555555555555556
1 0.42135416666666664 0.549074074074074 0.041666666666666664 0.11666666666666667
1 0.35625 0.5101851851851852 0.014583333333333334 0.08518518518518518
1 0.3390625 0.5375 0.027083333333333334 0.10833333333333334
1 0.32734375 0.5726851851851852 0.0484375 0.1398148148148148
1 0.2903645833333333 0.600462962962963 0.0390625 0.18055555555555555
1 0.15442708333333333 0.5597222222222222 0.04010416666666666 0.12314814814814816
1 0.03515625 0.5800925925925926 0.050520833333333334 0.13611111111111113
1 0.054947916666666666 0.7222222222222222 0.09739583333333333 0.2833333333333333
