0 0.128125 0.5685185185185185 0.0125 0.024074074074074074
1 0.9526041666666667 0.4587962962962963 0.029166666666666667 0.10277777777777779
1 0.9213541666666667 0.48703703703703705 0.03854166666666667 0.1277777777777778
1 0.8401041666666667 0.4712962962962963 0.026041666666666668 0.11296296296296297
1 0.7888020833333333 0.5199074074074074 0.0390625 0.14722222222222223
1 0.7700520833333333 0.46944444444444444 0.024479166666666666 0.10185185185185186
1 0.7213541666666666 0.562962962962963 0.04375 0.19444444444444445
1 0.73828125 0.5037037037037038 0.027604166666666666 0.11481481481481481
1 0.5692708333333333 0.5074074074074074 0.03229166666666666 0.13333333333333333
1 0.58046875 0.4800925925925926 0.0234375 0.10648148148148148
1 0.37838541666666664 0.5550925925925926 0.0359375 0.1712962962962963
1 0.29765625 0.563425925925926 0.05572916666666666 0.18796296296296297
1 0.15546875 0.4949074074074074 0.024479166666666666 0.10092592592592593
1 0.10052083333333334 0.5222222222222223 0.03333333333333333 0.11666666666666667
1 0.04635416666666667 0.5800925925925926 0.04375 0.1824074074074074
