0 0.3796875 0.5800925925925926 0.014583333333333334 0.02314814814814815
1 0.8268229166666666 0.4791666666666667 0.019270833333333334 0.08611111111111111
1 0.7752604166666667 0.5157407407407407 0.034895833333333334 0.12037037037037038
1 0.66171875 0.5597222222222222 0.05364583333333333 0.16944444444444445
1 0.5361979166666666 0.4791666666666667 0.018229166666666668 0.07314814814814816
1 0.44869791666666664 0.5518518518518519 0.04010416666666666 0.16481481481481483
1 0.4145833333333333 0.5268518518518519 0.034375 0.12222222222222223
1 0.38046875 0.5083333333333333 0.028645833333333332 0.10925925925925926
1 0.18671875 0.5314814814814816 0.0359375 0.1277777777777778
1 0.19869791666666667 0.4986111111111111 0.0234375 0.09351851851851853
1 0.13463541666666667 0.5189814814814815 0.021354166666666667 0.10277777777777779
1 0.10885416666666667 0.5731481481481482 0.03229166666666666 0.16111111111111112
1 0.07708333333333334 0.6208333333333333 0.0625 0.1824074074074074
