0 0.9354166666666667 0.6625 0.016666666666666666 0.021296296296296296
1 0.95546875 0.6208333333333333 0.0328125 0.10092592592592593
1 0.8664062499999999 0.6907407407407408 0.033854166666666664 0.15185185185185185
1 0.7075520833333333 0.7268518518518519 0.05364583333333333 0.2
1 0.7041666666666666 0.6305555555555555 0.029166666666666667 0.10555555555555556
1 0.6546875 0.6773148148148148 0.03125 0.15092592592592594
1 0.6302083333333334 0.8490740740740741 0.05416666666666667 0.2851851851851852
1 0.571875 0.625925925925926 0.03125 0.11851851851851852
1 0.55703125 0.6217592592592592 0.0234375 0.11388888888888889
1 0.48854166666666665 0.6703703703703704 0.04791666666666666 0.1462962962962963
1 0.4145833333333333 0.6162037037037037 0.028125 0.09907407407407408
1 0.37994791666666666 0.6393518518518518 0.025520833333333333 0.1175925925925926
1 0.2544270833333333 0.6421296296296296 0.0234375 0.13240740740740742
1 0.11770833333333333 0.675 0.028125 0.15925925925925927
