0 0.16041666666666665 0.6810185185185186 0.014583333333333334 0.030555555555555558
1 0.9403645833333333 0.5125000000000001 0.0359375 0.13611111111111113
1 0.79609375 0.46851851851851856 0.0203125 0.07592592592592592
1 0.5083333333333333 0.4759259259259259 0.015625 0.08333333333333334
1 0.4453125 0.5032407407407408 0.03125 0.11018518518518519
1 0.3484375 0.5675925925925926 0.04791666666666666 0.1574074074074074
1 0.19348958333333333 0.6078703703703704 0.0671875 0.18055555555555555
1 0.18776041666666665 0.5351851851851852 0.0203125 0.12037037037037038
1 0.171875 0.513888888888889 0.030208333333333334 0.11666666666666667
1 0.22473958333333333 0.49583333333333335 0.024479166666666666 0.09907407407407408
1 0.10677083333333333 0.5666666666666667 0.041666666666666664 0.14814814814814814
1 0.09947916666666666 0.49953703703703706 0.029166666666666667 0.0787037037037037
