0 0.9369791666666667 0.6152777777777778 0.009375 0.026851851851851852
1 0.95390625 0.5842592592592593 0.0203125 0.08148148148148149
1 0.8703124999999999 0.6356481481481482 0.028125 0.13796296296296298
1 0.7934895833333333 0.8439814814814816 0.0671875 0.2990740740740741
1 0.7518229166666667 0.675 0.0390625 0.19814814814814816
1 0.7 0.5888888888888889 0.028125 0.11481481481481481
1 0.6541666666666667 0.6208333333333333 0.030208333333333334 0.14351851851851852
1 0.5966145833333333 0.5736111111111112 0.028645833333333332 0.10648148148148148
1 0.5580729166666667 0.5675925925925926 0.025520833333333333 0.10740740740740741
1 0.5119791666666667 0.6129629629629629 0.034375 0.14814814814814814
1 0.4158854166666667 0.5643518518518519 0.025520833333333333 0.09722222222222222
1 0.39401041666666664 0.5916666666666667 0.0265625 0.12037037037037038
1 0.23385416666666667 0.587962962962963 0.03125 0.12407407407407407
1 0.11119791666666666 0.6222222222222222 0.025520833333333333 0.16111111111111112
