0 0.11067708333333333 0.4828703703703704 0.0109375 0.019444444444444445
1 0.9341145833333333 0.5027777777777778 0.0234375 0.11666666666666667
1 0.89609375 0.5226851851851853 0.0234375 0.13796296296296298
1 0.78515625 0.4800925925925926 0.021354166666666667 0.08425925925925926
1 0.4700520833333333 0.47314814814814815 0.018229166666666668 0.08518518518518518
1 0.24895833333333334 0.5587962962962963 0.04375 0.1712962962962963
1 0.23151041666666666 0.5050925925925926 0.022395833333333334 0.09907407407407408
1 0.20911458333333333 0.47731481481481486 0.0203125 0.09722222222222222
1 0.1609375 0.513425925925926 0.03125 0.14166666666666666
1 0.11223958333333334 0.4865740740740741 0.027604166666666666 0.10092592592592593
1 0.08932291666666667 0.49583333333333335 0.024479166666666666 0.10277777777777779
1 0.01328125 0.5777777777777778 0.0203125 0.19814814814814816
1 0.027604166666666666 0.5597222222222222 0.03125 0.18055555555555555
