0 0.06197916666666667 0.549074074074074 0.010416666666666666 0.024074074074074074
1 0.9447916666666667 0.5162037037037037 0.027083333333333334 0.1398148148148148
1 0.8643229166666666 0.5356481481481482 0.033854166666666664 0.1398148148148148
1 0.84921875 0.487962962962963 0.0234375 0.11481481481481481
1 0.8299479166666667 0.4740740740740741 0.021354166666666667 0.08703703703703704
1 0.5328125 0.5453703703703704 0.035416666666666666 0.15185185185185185
1 0.3502604166666667 0.500462962962963 0.0203125 0.09351851851851853
1 0.22421875 0.5208333333333334 0.025520833333333333 0.11388888888888889
1 0.2046875 0.5578703703703703 0.03125 0.14166666666666666
1 0.1765625 0.5523148148148148 0.029166666666666667 0.14166666666666666
1 0.09817708333333333 0.5259259259259259 0.022395833333333334 0.11666666666666667
1 0.04505208333333333 0.5120370370370371 0.025520833333333333 0.08518518518518518
