0 0.16328125 0.5731481481481482 0.013020833333333334 0.02962962962962963
1 0.9203125 0.4791666666666667 0.027083333333333334 0.09722222222222222
1 0.8799479166666666 0.5027777777777778 0.0265625 0.11666666666666667
1 0.8596354166666667 0.5055555555555555 0.022395833333333334 0.11111111111111112
1 0.8065104166666667 0.4865740740740741 0.021354166666666667 0.10092592592592593
1 0.7364583333333333 0.49583333333333335 0.029166666666666667 0.09907407407407408
1 0.71875 0.5736111111111112 0.040625 0.18425925925925926
1 0.6565104166666667 0.5328703703703704 0.0234375 0.14166666666666666
1 0.6778645833333333 0.5305555555555556 0.0328125 0.12592592592592594
1 0.5682291666666667 0.4810185185185185 0.030208333333333334 0.08611111111111111
1 0.5197916666666667 0.513888888888889 0.026041666666666668 0.11666666666666667
1 0.5192708333333333 0.4930555555555556 0.03125 0.10462962962962963
1 0.353125 0.5541666666666667 0.03229166666666666 0.17314814814814816
1 0.2520833333333333 0.5675925925925926 0.04583333333333333 0.16111111111111112
1 0.14583333333333334 0.5393518518518519 0.03958333333333333 0.11203703703703705
1 0.13203125 0.500462962962963 0.024479166666666666 0.08981481481481482
1 0.07161458333333333 0.5666666666666667 0.0359375 0.15185185185185185
