0 0.5411458333333333 0.7763888888888889 0.02395833333333333 0.05462962962962963
1 0.9833333333333333 0.4625 0.028125 0.1527777777777778
1 0.8692708333333333 0.5226851851851853 0.04791666666666666 0.18425925925925926
1 0.8838541666666666 0.42962962962962964 0.020833333333333332 0.09444444444444444
1 0.8463541666666666 0.4393518518518519 0.025 0.12314814814814816
1 0.7091145833333333 0.4703703703703704 0.03697916666666667 0.12962962962962962
1 0.7109375 0.45462962962962966 0.013541666666666667 0.11481481481481481
1 0.5893229166666667 0.5782407407407407 0.05677083333333333 0.2212962962962963
1 0.5109375 0.6800925925925926 0.084375 0.31574074074074077
1 0.5294270833333333 0.512962962962963 0.03177083333333333 0.1574074074074074
1 0.5427083333333333 0.4462962962962963 0.015625 0.08148148148148149
1 0.4640625 0.46944444444444444 0.03229166666666666 0.12037037037037038
1 0.20755208333333333 0.524537037037037 0.034895833333333334 0.14537037037037037
1 0.08203125 0.5731481481481482 0.05677083333333333 0.1685185185185185
1 0.04583333333333333 0.5171296296296296 0.029166666666666667 0.12685185185185185
