0 0.4036458333333333 0.5791666666666667 0.014583333333333334 0.025
1 0.809375 0.4791666666666667 0.029166666666666667 0.09351851851851853
1 0.7109375 0.513888888888889 0.027083333333333334 0.11296296296296297
1 0.61171875 0.5606481481481481 0.058854166666666666 0.1675925925925926
1 0.52265625 0.4814814814814815 0.018229166666666668 0.08148148148148149
1 0.4197916666666667 0.5518518518518519 0.03333333333333333 0.16111111111111112
1 0.38229166666666664 0.5222222222222223 0.030208333333333334 0.12037037037037038
1 0.34479166666666666 0.5032407407407408 0.027083333333333334 0.09907407407407408
1 0.16770833333333332 0.5314814814814816 0.03125 0.11666666666666667
1 0.16171875 0.4949074074074074 0.0234375 0.09351851851851853
1 0.1140625 0.5083333333333333 0.029166666666666667 0.10555555555555556
1 0.084375 0.5606481481481481 0.034375 0.1638888888888889
