0 0.1359375 0.5430555555555556 0.0125 0.02314814814814815
1 0.94375 0.5013888888888889 0.029166666666666667 0.13425925925925927
1 0.8671875 0.512962962962963 0.03229166666666666 0.12222222222222223
1 0.85625 0.4740740740740741 0.017708333333333333 0.08333333333333334
1 0.728125 0.4759259259259259 0.014583333333333334 0.07962962962962963
1 0.6609375 0.5643518518518519 0.041666666666666664 0.1787037037037037
1 0.43776041666666665 0.4967592592592593 0.024479166666666666 0.10092592592592593
1 0.3609375 0.55 0.034375 0.1537037037037037
1 0.35546875 0.49768518518518523 0.021354166666666667 0.09166666666666667
1 0.23307291666666666 0.5342592592592593 0.0234375 0.12592592592592594
1 0.1890625 0.5217592592592593 0.025 0.10833333333333334
1 0.13645833333333332 0.5027777777777778 0.027083333333333334 0.08518518518518518
1 0.10546875 0.5125000000000001 0.025520833333333333 0.09722222222222222
1 0.05911458333333333 0.5560185185185186 0.04010416666666666 0.14537037037037037
