0 0.15703125 0.4412037037037037 0.011979166666666666 0.021296296296296296
1 0.9877604166666667 0.4861111111111111 0.021354166666666667 0.12222222222222223
1 0.9151041666666666 0.5092592592592593 0.03229166666666666 0.13703703703703704
1 0.80078125 0.4675925925925926 0.021354166666666667 0.0925925925925926
1 0.5109375 0.4712962962962963 0.02395833333333333 0.08518518518518518
1 0.3442708333333333 0.5074074074074074 0.030208333333333334 0.11481481481481481
1 0.271875 0.5597222222222222 0.03854166666666667 0.17685185185185187
1 0.21692708333333333 0.48379629629629634 0.0203125 0.09166666666666667
1 0.16041666666666665 0.5277777777777778 0.034375 0.13518518518518519
1 0.12395833333333334 0.513425925925926 0.029166666666666667 0.09537037037037037
1 0.10260416666666666 0.500462962962963 0.029166666666666667 0.10092592592592593
1 0.06354166666666666 0.6208333333333333 0.05416666666666667 0.2138888888888889
1 0.050520833333333334 0.5819444444444445 0.030208333333333334 0.1712962962962963
