0 0.3307291666666667 0.6231481481481481 0.016666666666666666 0.03518518518518519
1 0.73046875 0.6226851851851852 0.027604166666666666 0.1824074074074074
1 0.7075520833333333 0.5949074074074074 0.024479166666666666 0.14537037037037037
1 0.6403645833333333 0.5722222222222223 0.0203125 0.11296296296296297
1 0.5484375 0.6277777777777778 0.042708333333333334 0.20740740740740743
1 0.5098958333333333 0.5782407407407407 0.016666666666666666 0.10092592592592593
1 0.490625 0.5671296296296297 0.016666666666666666 0.09907407407407408
1 0.41901041666666666 0.5819444444444445 0.019270833333333334 0.10092592592592593
1 0.38046875 0.5597222222222222 0.01614583333333333 0.06759259259259259
1 0.36666666666666664 0.6055555555555556 0.028125 0.16666666666666669
1 0.31666666666666665 0.5819444444444445 0.025 0.10462962962962963
1 0.08359375 0.6393518518518518 0.0515625 0.21574074074074076
1 0.03411458333333333 0.5935185185185186 0.021354166666666667 0.1277777777777778
