1 0.8502604166666666 0.6365740740740741 0.043229166666666666 0.1824074074074074
1 0.7236979166666666 0.6412037037037037 0.034895833333333334 0.20462962962962963
1 0.6895833333333333 0.6148148148148148 0.03333333333333333 0.16296296296296298
1 0.6453125 0.5861111111111111 0.02395833333333333 0.12037037037037038
1 0.5489583333333333 0.638888888888889 0.04375 0.2
1 0.5760416666666667 0.6041666666666667 0.014583333333333334 0.14907407407407408
1 0.490625 0.5916666666666667 0.03229166666666666 0.10925925925925926
1 0.42916666666666664 0.5837962962962964 0.02395833333333333 0.10462962962962963
1 0.40963541666666664 0.5907407407407408 0.0203125 0.11111111111111112
1 0.3859375 0.6236111111111111 0.03125 0.16944444444444445
1 0.3268229166666667 0.5949074074074074 0.024479166666666666 0.10648148148148148
1 0.2708333333333333 0.5856481481481481 0.027083333333333334 0.10462962962962963
1 0.14322916666666666 0.6189814814814815 0.029166666666666667 0.1712962962962963
1 0.06484375 0.6564814814814816 0.0515625 0.2351851851851852
1 0.029947916666666668 0.5944444444444444 0.0203125 0.12592592592592594
