1 0.796875 0.575925925925926 0.013541666666666667 0.12407407407407407
1 0.8109375 0.612037037037037 0.028125 0.18888888888888888
1 0.7611979166666667 0.6212962962962963 0.03802083333333333 0.19814814814814816
1 0.6330729166666667 0.587037037037037 0.0328125 0.1574074074074074
1 0.5848958333333333 0.5666666666666667 0.028125 0.10925925925925926
1 0.5479166666666666 0.6226851851851852 0.03229166666666666 0.2138888888888889
1 0.4536458333333333 0.5685185185185185 0.016666666666666666 0.10555555555555556
1 0.4380208333333333 0.5625 0.014583333333333334 0.08981481481481482
1 0.3307291666666667 0.6180555555555556 0.028125 0.21203703703703705
1 0.30546875 0.6083333333333334 0.0265625 0.16111111111111112
1 0.2791666666666667 0.5569444444444445 0.020833333333333332 0.09722222222222222
1 0.21901041666666665 0.5833333333333334 0.022395833333333334 0.11851851851851852
1 0.20182291666666666 0.576388888888889 0.019270833333333334 0.10462962962962963
1 0.08645833333333333 0.5800925925925926 0.03229166666666666 0.09722222222222222
1 0.04869791666666667 0.6550925925925927 0.05260416666666667 0.25092592592592594
