1 0.7466145833333333 0.6305555555555555 0.0265625 0.16666666666666669
1 0.7236979166666666 0.6138888888888889 0.0140625 0.16111111111111112
1 0.6986979166666667 0.6324074074074074 0.03802083333333333 0.19074074074074074
1 0.6486979166666667 0.5944444444444444 0.021354166666666667 0.11851851851851852
1 0.6200520833333333 0.5925925925925926 0.0265625 0.12962962962962962
1 0.5484375 0.6064814814814815 0.017708333333333333 0.12962962962962962
1 0.5283854166666666 0.65 0.05364583333333333 0.21296296296296297
1 0.43828125 0.5976851851851852 0.021354166666666667 0.10092592592592593
1 0.4114583333333333 0.625462962962963 0.028125 0.18055555555555555
1 0.384375 0.5958333333333333 0.01875 0.09722222222222222
1 0.36302083333333335 0.6018518518518519 0.01875 0.11666666666666667
1 0.27291666666666664 0.5995370370370371 0.029166666666666667 0.125
1 0.24453125 0.5888888888888889 0.019270833333333334 0.10370370370370371
1 0.11614583333333334 0.6314814814814815 0.040625 0.1685185185185185
1 0.03567708333333333 0.6675925925925926 0.05364583333333333 0.24074074074074076
