1 0.86875 0.5370370370370371 0.027083333333333334 0.12037037037037038
1 0.81484375 0.5773148148148148 0.03802083333333333 0.21203703703703705
1 0.5528645833333333 0.5726851851851852 0.024479166666666666 0.1398148148148148
1 0.48515625 0.5412037037037037 0.019270833333333334 0.08611111111111111
1 0.41901041666666666 0.5625 0.0234375 0.09722222222222222
1 0.3703125 0.5722222222222223 0.017708333333333333 0.12037037037037038
1 0.34296875 0.5657407407407408 0.0234375 0.08703703703703704
1 0.3177083333333333 0.5643518518518519 0.017708333333333333 0.09351851851851853
1 0.27109375 0.5837962962962964 0.021354166666666667 0.13611111111111113
1 0.12578125 0.6092592592592593 0.021354166666666667 0.11296296296296297
1 0.08828125 0.6606481481481482 0.0421875 0.1953703703703704
1 0.05859375 0.600462962962963 0.019270833333333334 0.08796296296296297
1 0.01953125 0.6347222222222223 0.03697916666666667 0.14351851851851852
