1 0.7450520833333333 0.6365740740740741 0.034895833333333334 0.1712962962962963
1 0.7190104166666667 0.6189814814814815 0.0234375 0.15462962962962964
1 0.6950520833333333 0.6444444444444445 0.0359375 0.19444444444444445
1 0.6502604166666667 0.5995370370370371 0.024479166666666666 0.1212962962962963
1 0.6169270833333333 0.5907407407407408 0.022395833333333334 0.11111111111111112
1 0.5265625 0.6490740740740741 0.05 0.2
1 0.43828125 0.5986111111111111 0.019270833333333334 0.09537037037037037
1 0.41510416666666666 0.6314814814814815 0.03125 0.1685185185185185
1 0.38307291666666665 0.5921296296296297 0.0234375 0.10092592592592593
1 0.3619791666666667 0.5935185185185186 0.026041666666666668 0.11666666666666667
1 0.27734375 0.612037037037037 0.024479166666666666 0.11851851851851852
1 0.24322916666666666 0.5949074074074074 0.030208333333333334 0.09907407407407408
1 0.11770833333333333 0.6342592592592593 0.028125 0.16296296296296298
1 0.03463541666666667 0.6615740740740741 0.05364583333333333 0.24537037037037038
