0 0.7567708333333333 0.8171296296296297 0.019791666666666666 0.04722222222222222
1 0.8127604166666667 0.7296296296296296 0.0984375 0.2518518518518519
1 0.83671875 0.5648148148148149 0.0328125 0.1277777777777778
1 0.8127604166666667 0.5393518518518519 0.0203125 0.11203703703703705
1 0.6432291666666666 0.7430555555555556 0.07291666666666667 0.2990740740740741
1 0.4614583333333333 0.6782407407407408 0.075 0.25833333333333336
1 0.51484375 0.5199074074074074 0.018229166666666668 0.08611111111111111
1 0.48359375 0.5430555555555556 0.033854166666666664 0.10462962962962963
1 0.40234375 0.5578703703703703 0.03697916666666667 0.13796296296296298
1 0.20625 0.5472222222222223 0.026041666666666668 0.12037037037037038
1 0.18125 0.5171296296296296 0.027083333333333334 0.09907407407407408
1 0.1609375 0.5578703703703703 0.040625 0.13796296296296298
1 0.016666666666666666 0.6773148148148148 0.029166666666666667 0.2675925925925926
