1 0.8955729166666666 0.6342592592592593 0.0359375 0.19814814814814816
1 0.734375 0.6402777777777778 0.029166666666666667 0.20277777777777778
1 0.7072916666666667 0.6064814814814815 0.029166666666666667 0.1574074074074074
1 0.6440104166666667 0.5828703703703704 0.0234375 0.11018518518518519
1 0.5747395833333333 0.5967592592592593 0.021354166666666667 0.12685185185185185
1 0.5546875 0.6375000000000001 0.04583333333333333 0.21574074074074076
1 0.49244791666666665 0.5898148148148148 0.022395833333333334 0.10925925925925926
1 0.4140625 0.5819444444444445 0.015625 0.09351851851851853
1 0.3890625 0.6171296296296297 0.030208333333333334 0.1712962962962963
1 0.3307291666666667 0.5925925925925926 0.026041666666666668 0.11111111111111112
1 0.26848958333333334 0.575462962962963 0.033854166666666664 0.10648148148148148
1 0.14921875 0.625 0.03697916666666667 0.15185185185185185
1 0.07135416666666666 0.6555555555555556 0.04895833333333333 0.23703703703703705
1 0.03828125 0.6013888888888889 0.019270833333333334 0.13240740740740742
