1 0.9231770833333334 0.2898148148148148 0.034895833333333334 0.11851851851851852
1 0.79765625 0.3402777777777778 0.034895833333333334 0.19166666666666668
1 0.6619791666666667 0.33472222222222225 0.028125 0.13425925925925927
1 0.49635416666666665 0.3527777777777778 0.028125 0.10925925925925926
1 0.45677083333333335 0.36944444444444446 0.03125 0.12962962962962962
1 0.41354166666666664 0.3791666666666667 0.03229166666666666 0.13425925925925927
1 0.34296875 0.3819444444444445 0.019270833333333334 0.08981481481481482
1 0.309375 0.3837962962962963 0.01875 0.10092592592592593
1 0.2916666666666667 0.3907407407407408 0.014583333333333334 0.09074074074074075
1 0.23385416666666667 0.4277777777777778 0.040625 0.13333333333333333
1 0.20572916666666666 0.41481481481481486 0.013541666666666667 0.1277777777777778
1 0.12239583333333333 0.4277777777777778 0.028125 0.12222222222222223
1 0.03671875 0.4365740740740741 0.022395833333333334 0.09351851851851853
1 0.0171875 0.4532407407407408 0.030208333333333334 0.13425925925925927
0 0.21015625 0.487962962962963 0.0203125 0.044444444444444446
