1 0.7533854166666667 0.6180555555555556 0.03177083333333333 0.17685185185185187
1 0.6895833333333333 0.6217592592592592 0.035416666666666666 0.19166666666666668
1 0.6263020833333334 0.5777777777777778 0.027604166666666666 0.12037037037037038
1 0.5877604166666667 0.576388888888889 0.024479166666666666 0.11203703703703705
1 0.55625 0.5958333333333333 0.017708333333333333 0.13611111111111113
1 0.5317708333333333 0.6287037037037038 0.046875 0.20925925925925926
1 0.47682291666666665 0.5731481481481482 0.0265625 0.11111111111111112
1 0.43645833333333334 0.5662037037037038 0.025 0.10462962962962963
1 0.39557291666666666 0.5773148148148148 0.0171875 0.09537037037037037
1 0.3716145833333333 0.6152777777777778 0.0265625 0.17500000000000002
1 0.30234375 0.5814814814814815 0.022395833333333334 0.11851851851851852
1 0.2484375 0.5745370370370371 0.03125 0.10092592592592593
1 0.12552083333333333 0.6175925925925926 0.030208333333333334 0.1574074074074074
1 0.047135416666666666 0.6453703703703704 0.05260416666666667 0.2388888888888889
1 0.010416666666666666 0.5986111111111111 0.01875 0.13425925925925927
0 0.31875 0.6296296296296297 0.015625 0.040740740740740744
