1 0.8200520833333333 0.6606481481481482 0.0234375 0.10277777777777779
1 0.7549479166666666 0.6578703703703704 0.025520833333333333 0.08981481481481482
1 0.7174479166666666 0.6685185185185185 0.0265625 0.09074074074074075
1 0.68671875 0.6861111111111111 0.0234375 0.12592592592592594
1 0.63984375 0.6833333333333333 0.025520833333333333 0.12407407407407407
1 0.6203125 0.6546296296296297 0.013541666666666667 0.07592592592592592
1 0.6075520833333333 0.6847222222222222 0.022395833333333334 0.10833333333333334
1 0.5908854166666666 0.6675925925925926 0.0203125 0.07407407407407407
1 0.54296875 0.6694444444444445 0.022395833333333334 0.0925925925925926
1 0.5057291666666667 0.6736111111111112 0.029166666666666667 0.10092592592592593
1 0.46458333333333335 0.675 0.017708333333333333 0.08518518518518518
1 0.44036458333333334 0.6694444444444445 0.019270833333333334 0.07407407407407407
1 0.41822916666666665 0.6837962962962963 0.030208333333333334 0.10648148148148148
1 0.2484375 0.7041666666666667 0.017708333333333333 0.10833333333333334
1 0.21796875 0.7657407407407407 0.03802083333333333 0.1962962962962963
1 0.175 0.7296296296296296 0.036458333333333336 0.15555555555555556
0 0.5473958333333333 0.7046296296296296 0.017708333333333333 0.03888888888888889
