1 0.7416666666666667 0.6347222222222223 0.03229166666666666 0.1787037037037037
1 0.7119791666666666 0.6166666666666667 0.027083333333333334 0.16296296296296298
1 0.6901041666666666 0.6490740740740741 0.036458333333333336 0.2
1 0.6502604166666667 0.6027777777777777 0.0203125 0.12222222222222223
1 0.6174479166666667 0.5916666666666667 0.025520833333333333 0.11296296296296297
1 0.54609375 0.6050925925925926 0.024479166666666666 0.13611111111111113
1 0.5270833333333333 0.6472222222222223 0.05625 0.20740740740740743
1 0.43697916666666664 0.5953703703703704 0.028125 0.11296296296296297
1 0.40963541666666664 0.6356481481481482 0.0359375 0.18055555555555555
1 0.3872395833333333 0.5939814814814816 0.018229166666666668 0.09722222222222222
1 0.36328125 0.6027777777777777 0.0234375 0.11851851851851852
1 0.27578125 0.6046296296296296 0.030729166666666665 0.12592592592592594
1 0.24270833333333333 0.5898148148148148 0.03125 0.10555555555555556
1 0.1140625 0.6296296296296297 0.029166666666666667 0.16481481481481483
1 0.034375 0.6666666666666667 0.05625 0.2351851851851852
0 0.27682291666666664 0.6509259259259259 0.019270833333333334 0.02962962962962963
