0 0.8411458333333334 0.6703703703703704 0.016666666666666666 0.03333333333333333
1 0.8143229166666667 0.612037037037037 0.03697916666666667 0.17222222222222222
1 0.7908854166666667 0.5472222222222223 0.030729166666666665 0.11296296296296297
1 0.7369791666666666 0.5731481481481482 0.03229166666666666 0.12962962962962962
1 0.7091145833333333 0.5537037037037037 0.025520833333333333 0.12962962962962962
1 0.7466145833333333 0.5393518518518519 0.013020833333333334 0.10462962962962963
1 0.64921875 0.6935185185185185 0.08072916666666667 0.25
1 0.5309895833333333 0.6574074074074074 0.05260416666666667 0.23703703703703705
1 0.47994791666666664 0.5462962962962963 0.03802083333333333 0.12222222222222223
1 0.46796875 0.5111111111111112 0.022395833333333334 0.08703703703703704
1 0.1296875 0.6625 0.071875 0.25092592592592594
1 0.18177083333333333 0.5351851851851852 0.026041666666666668 0.12037037037037038
1 0.15494791666666666 0.5074074074074074 0.021354166666666667 0.08333333333333334
1 0.12473958333333333 0.5296296296296297 0.0234375 0.08888888888888889
