1 0.7041666666666666 0.5810185185185185 0.015625 0.13425925925925927
1 0.72421875 0.6180555555555556 0.03802083333333333 0.1953703703703704
1 0.6424479166666667 0.5648148148148149 0.024479166666666666 0.11666666666666667
1 0.540625 0.587037037037037 0.013541666666666667 0.1462962962962963
1 0.5518229166666666 0.6217592592592592 0.05364583333333333 0.21203703703703705
1 0.51328125 0.5703703703703704 0.021354166666666667 0.11296296296296297
1 0.48359375 0.5625 0.0359375 0.09722222222222222
1 0.4278645833333333 0.5694444444444444 0.0234375 0.10740740740740741
1 0.38177083333333334 0.5620370370370371 0.015625 0.08333333333333334
1 0.36796875 0.6046296296296296 0.03802083333333333 0.1574074074074074
1 0.32265625 0.587037037037037 0.0390625 0.11851851851851852
1 0.2734375 0.5643518518518519 0.028125 0.09351851851851853
1 0.09557291666666666 0.6328703703703704 0.04114583333333333 0.2212962962962963
1 0.034375 0.587962962962963 0.027083333333333334 0.11666666666666667
0 0.33671875 0.625925925925926 0.024479166666666666 0.040740740740740744
