1 0.740625 0.6305555555555555 0.03229166666666666 0.19074074074074074
1 0.6838541666666667 0.6412037037037037 0.03333333333333333 0.1953703703703704
1 0.6481770833333333 0.5953703703703704 0.022395833333333334 0.11296296296296297
1 0.615625 0.587037037037037 0.017708333333333333 0.11481481481481481
1 0.5278645833333333 0.6462962962962964 0.0546875 0.20925925925925926
1 0.5479166666666666 0.6078703703703704 0.016666666666666666 0.14166666666666666
1 0.4453125 0.5916666666666667 0.03333333333333333 0.12407407407407407
1 0.39166666666666666 0.6175925925925926 0.03125 0.1574074074074074
1 0.35963541666666665 0.5916666666666667 0.025520833333333333 0.10555555555555556
1 0.28854166666666664 0.5995370370370371 0.029166666666666667 0.10833333333333334
1 0.24401041666666667 0.5912037037037037 0.024479166666666666 0.09907407407407408
1 0.11562499999999999 0.6231481481481481 0.02395833333333333 0.15925925925925927
1 0.035416666666666666 0.6611111111111111 0.06041666666666667 0.2388888888888889
