1 0.8283854166666667 0.6134259259259259 0.03177083333333333 0.2175925925925926
1 0.5169270833333334 0.6037037037037037 0.03802083333333333 0.15555555555555556
1 0.47604166666666664 0.5745370370370371 0.014583333333333334 0.10092592592592593
1 0.39427083333333335 0.5791666666666667 0.014583333333333334 0.12314814814814816
1 0.3497395833333333 0.5907407407407408 0.025520833333333333 0.11851851851851852
1 0.2908854166666667 0.5828703703703704 0.024479166666666666 0.10277777777777779
1 0.24166666666666667 0.6092592592592593 0.03125 0.11296296296296297
1 0.21197916666666666 0.5976851851851852 0.020833333333333332 0.09722222222222222
1 0.19505208333333332 0.6564814814814816 0.03697916666666667 0.1962962962962963
1 0.16276041666666666 0.6148148148148148 0.0234375 0.1277777777777778
1 0.13203125 0.5925925925925926 0.022395833333333334 0.07962962962962963
1 0.11510416666666666 0.6171296296296297 0.03333333333333333 0.1398148148148148
1 0.07604166666666666 0.6208333333333333 0.03125 0.11574074074074074
1 0.05859375 0.6138888888888889 0.0234375 0.11111111111111112
1 0.03515625 0.6055555555555556 0.021354166666666667 0.11296296296296297
1 0.01171875 0.6287037037037038 0.0234375 0.11666666666666667
