0 0.33671875 0.4703703703703704 0.018229166666666668 0.044444444444444446
1 0.7549479166666666 0.3550925925925926 0.021354166666666667 0.10833333333333334
1 0.6734375 0.3976851851851852 0.030208333333333334 0.1675925925925926
1 0.59609375 0.3851851851851852 0.025520833333333333 0.11111111111111112
1 0.4791666666666667 0.3944444444444445 0.017708333333333333 0.08333333333333334
1 0.44687499999999997 0.40601851851851856 0.030208333333333334 0.09537037037037037
1 0.41796875 0.42592592592592593 0.027604166666666666 0.12222222222222223
1 0.3911458333333333 0.4791666666666667 0.04375 0.1824074074074074
1 0.3614583333333333 0.41805555555555557 0.025 0.075
1 0.31171875 0.4324074074074074 0.021354166666666667 0.08888888888888889
1 0.2869791666666667 0.4537037037037037 0.026041666666666668 0.11296296296296297
1 0.22526041666666666 0.45416666666666666 0.025520833333333333 0.09351851851851853
1 0.20130208333333333 0.4481481481481482 0.024479166666666666 0.07777777777777778
1 0.10885416666666667 0.4967592592592593 0.03229166666666666 0.1398148148148148
1 0.08489583333333334 0.475462962962963 0.011458333333333333 0.09351851851851853
