1 0.91796875 0.30648148148148147 0.033854166666666664 0.12037037037037038
1 0.7776041666666667 0.3564814814814815 0.04583333333333333 0.20185185185185187
1 0.6697916666666667 0.34444444444444444 0.028125 0.12592592592592594
1 0.5158854166666667 0.35879629629629634 0.0203125 0.09351851851851853
1 0.5036458333333333 0.3685185185185185 0.027083333333333334 0.12037037037037038
1 0.4796875 0.38796296296296295 0.041666666666666664 0.1277777777777778
1 0.3575520833333333 0.3800925925925926 0.0234375 0.09351851851851853
1 0.32890625 0.3888888888888889 0.022395833333333334 0.08333333333333334
1 0.29765625 0.43333333333333335 0.03177083333333333 0.16481481481481483
1 0.2703125 0.39861111111111114 0.014583333333333334 0.08796296296296297
1 0.22526041666666666 0.42638888888888893 0.03697916666666667 0.13611111111111113
1 0.18958333333333333 0.42592592592592593 0.026041666666666668 0.12962962962962962
1 0.05625 0.43472222222222223 0.034375 0.09351851851851853
1 0.03463541666666667 0.4569444444444445 0.0359375 0.13055555555555556
0 0.2752604166666667 0.5050925925925926 0.024479166666666666 0.05648148148148149
