0 0.29244791666666664 0.6217592592592592 0.021354166666666667 0.032407407407407406
1 0.7203125 0.6143518518518519 0.030208333333333334 0.18425925925925926
1 0.6794270833333333 0.6333333333333333 0.0359375 0.1925925925925926
1 0.6390625 0.5814814814814815 0.027083333333333334 0.12222222222222223
1 0.6122395833333333 0.5740740740740741 0.024479166666666666 0.12407407407407407
1 0.5205729166666666 0.6287037037037038 0.04010416666666666 0.19814814814814816
1 0.5479166666666666 0.5953703703703704 0.01875 0.15555555555555556
1 0.4734375 0.5717592592592593 0.027083333333333334 0.10277777777777779
1 0.41744791666666664 0.5726851851851852 0.024479166666666666 0.10462962962962963
1 0.3854166666666667 0.5750000000000001 0.016666666666666666 0.08703703703703704
1 0.3677083333333333 0.6111111111111112 0.028125 0.15925925925925927
1 0.28359375 0.5861111111111111 0.0234375 0.11296296296296297
1 0.23984375 0.5694444444444444 0.0234375 0.09814814814814815
1 0.11041666666666666 0.6092592592592593 0.029166666666666667 0.15925925925925927
1 0.0328125 0.6370370370370371 0.06145833333333333 0.2425925925925926
