1 0.73203125 0.6375000000000001 0.049479166666666664 0.18055555555555555
1 0.6765625 0.6412037037037037 0.03229166666666666 0.1953703703703704
1 0.6497395833333334 0.6189814814814815 0.0234375 0.1675925925925926
1 0.6140625 0.5861111111111111 0.026041666666666668 0.12037037037037038
1 0.5416666666666666 0.6046296296296296 0.019791666666666666 0.12592592592592594
1 0.5177083333333333 0.6490740740740741 0.04583333333333333 0.21481481481481482
1 0.46432291666666664 0.5800925925925926 0.0203125 0.11203703703703705
1 0.40130208333333334 0.5847222222222223 0.0234375 0.09907407407407408
1 0.38203125 0.5736111111111112 0.009895833333333333 0.0638888888888889
1 0.36744791666666665 0.6152777777777778 0.034895833333333334 0.1787037037037037
1 0.2791666666666667 0.5916666666666667 0.026041666666666668 0.11296296296296297
1 0.2375 0.5828703703703704 0.030208333333333334 0.09907407407407408
1 0.109375 0.6180555555555556 0.029166666666666667 0.17685185185185187
1 0.03046875 0.65 0.0546875 0.23703703703703705
