1 0.8278645833333333 0.6296296296296297 0.03697916666666667 0.1851851851851852
1 0.7080729166666666 0.6370370370370371 0.0328125 0.1962962962962963
1 0.68125 0.6101851851851852 0.026041666666666668 0.16481481481481483
1 0.6341145833333334 0.5810185185185185 0.0140625 0.11018518518518519
1 0.5630208333333333 0.5967592592592593 0.019791666666666666 0.13055555555555556
1 0.5427083333333333 0.6342592592592593 0.04479166666666667 0.20555555555555557
1 0.4908854166666667 0.5819444444444445 0.0234375 0.11203703703703705
1 0.43255208333333334 0.5773148148148148 0.030729166666666665 0.09907407407407408
1 0.40338541666666666 0.5819444444444445 0.0234375 0.09351851851851853
1 0.38385416666666666 0.6180555555555556 0.035416666666666666 0.17685185185185187
1 0.32447916666666665 0.5888888888888889 0.035416666666666666 0.11481481481481481
1 0.2630208333333333 0.5782407407407407 0.03125 0.09722222222222222
1 0.13463541666666667 0.6148148148148148 0.0328125 0.15925925925925927
1 0.05755208333333333 0.65 0.0546875 0.23703703703703705
1 0.019791666666666666 0.5976851851851852 0.017708333333333333 0.13240740740740742
