1 0.7369791666666666 0.6236111111111111 0.028125 0.18055555555555555
1 0.715625 0.5916666666666667 0.014583333333333334 0.15185185185185185
1 0.64765625 0.5745370370370371 0.019270833333333334 0.10462962962962963
1 0.5614583333333333 0.6351851851851852 0.04791666666666666 0.20370370370370372
1 0.503125 0.5703703703703704 0.014583333333333334 0.08888888888888889
1 0.5205729166666666 0.5782407407407407 0.022395833333333334 0.10462962962962963
1 0.42734374999999997 0.5773148148148148 0.0203125 0.08796296296296297
1 0.38776041666666666 0.5675925925925926 0.019270833333333334 0.07962962962962963
1 0.3736979166666667 0.6064814814814815 0.033854166666666664 0.16111111111111112
1 0.3234375 0.5851851851851853 0.025 0.11111111111111112
1 0.2747395833333333 0.5680555555555555 0.025520833333333333 0.10092592592592593
1 0.109375 0.6101851851851852 0.027083333333333334 0.13703703703703704
1 0.08385416666666666 0.6393518518518518 0.04479166666666667 0.22685185185185186
1 0.04114583333333333 0.587037037037037 0.025 0.12592592592592594
0 0.33958333333333335 0.6268518518518519 0.0125 0.031481481481481485
