0 0.012239583333333333 0.5435185185185185 0.0203125 0.0462962962962963
1 0.88125 0.3180555555555556 0.029166666666666667 0.13611111111111113
1 0.7895833333333333 0.36064814814814816 0.04375 0.2064814814814815
1 0.571875 0.37222222222222223 0.03125 0.12407407407407407
1 0.4184895833333333 0.3837962962962963 0.024479166666666666 0.10833333333333334
1 0.375 0.3791666666666667 0.015625 0.075
1 0.36354166666666665 0.40324074074074073 0.03125 0.1287037037037037
1 0.3072916666666667 0.3763888888888889 0.016666666666666666 0.058333333333333334
1 0.3020833333333333 0.3976851851851852 0.027083333333333334 0.09722222222222222
1 0.2515625 0.4101851851851852 0.027083333333333334 0.12592592592592594
1 0.21588541666666666 0.4189814814814815 0.022395833333333334 0.09722222222222222
1 0.15104166666666666 0.425462962962963 0.027083333333333334 0.09907407407407408
1 0.11119791666666666 0.4481481481481482 0.03697916666666667 0.13518518518518519
1 0.033854166666666664 0.45555555555555555 0.026041666666666668 0.12407407407407407
1 0.013020833333333334 0.4412037037037037 0.013541666666666667 0.09166666666666667
