1 0.73828125 0.6277777777777778 0.0328125 0.18888888888888888
1 0.6809895833333334 0.6361111111111112 0.034895833333333334 0.20185185185185187
1 0.6580729166666667 0.6055555555555556 0.022395833333333334 0.15555555555555556
1 0.6385416666666667 0.5791666666666667 0.0125 0.1175925925925926
1 0.6151041666666667 0.5791666666666667 0.020833333333333332 0.12685185185185185
1 0.52265625 0.6393518518518518 0.0421875 0.20833333333333334
1 0.4588541666666667 0.5814814814814815 0.027083333333333334 0.11851851851851852
1 0.3872395833333333 0.6171296296296297 0.03802083333333333 0.1712962962962963
1 0.2859375 0.587037037037037 0.030208333333333334 0.11481481481481481
1 0.24010416666666667 0.5782407407407407 0.028125 0.09722222222222222
1 0.11354166666666667 0.612037037037037 0.03229166666666666 0.1685185185185185
1 0.03333333333333333 0.6472222222222223 0.051041666666666666 0.2425925925925926
