0 0.43645833333333334 0.47314814814814815 0.015625 0.031481481481481485
1 0.47552083333333334 0.40324074074074073 0.046875 0.14351851851851852
1 0.34453125 0.4046296296296297 0.022395833333333334 0.08703703703703704
1 0.28072916666666664 0.4240740740740741 0.027083333333333334 0.08703703703703704
1 0.21536458333333333 0.4240740740740741 0.025520833333333333 0.07222222222222223
1 0.20286458333333332 0.4425925925925926 0.034895833333333334 0.12037037037037038
1 0.1453125 0.45787037037037037 0.025 0.09722222222222222
1 0.12291666666666666 0.4675925925925926 0.03125 0.11666666666666667
1 0.08828125 0.46574074074074073 0.024479166666666666 0.07407407407407407
1 0.04401041666666666 0.5351851851851852 0.05260416666666667 0.19444444444444445
