1 0.8166666666666667 0.6226851851851852 0.028125 0.2138888888888889
1 0.7981770833333334 0.5791666666666667 0.022395833333333334 0.11388888888888889
1 0.48854166666666665 0.6111111111111112 0.02395833333333333 0.14444444444444446
1 0.45677083333333335 0.5782407407407407 0.017708333333333333 0.08611111111111111
1 0.36953125 0.5888888888888889 0.022395833333333334 0.11481481481481481
1 0.32838541666666665 0.5916666666666667 0.019270833333333334 0.12407407407407407
1 0.3458333333333333 0.5837962962962964 0.013541666666666667 0.09722222222222222
1 0.278125 0.5907407407407408 0.01875 0.08703703703703704
1 0.22473958333333333 0.5995370370370371 0.0203125 0.10462962962962963
1 0.20078125 0.6546296296296297 0.0328125 0.1925925925925926
1 0.1703125 0.6111111111111112 0.030208333333333334 0.12407407407407407
1 0.12916666666666665 0.5967592592592593 0.016666666666666666 0.09166666666666667
1 0.08203125 0.6148148148148148 0.0234375 0.11666666666666667
1 0.05 0.6111111111111112 0.017708333333333333 0.0925925925925926
1 0.0234375 0.6180555555555556 0.015625 0.11018518518518519
