1 0.5125 0.37824074074074077 0.027083333333333334 0.09722222222222222
1 0.4890625 0.40740740740740744 0.027083333333333334 0.14814814814814814
1 0.41692708333333334 0.40555555555555556 0.027604166666666666 0.11296296296296297
1 0.3065104166666667 0.42453703703703705 0.022395833333333334 0.10092592592592593
1 0.2674479166666667 0.4527777777777778 0.018229166666666668 0.08333333333333334
1 0.24505208333333334 0.45555555555555555 0.033854166666666664 0.12037037037037038
1 0.20520833333333333 0.5 0.03229166666666666 0.2
1 0.09557291666666666 0.46851851851851856 0.021354166666666667 0.07592592592592592
1 0.0765625 0.49259259259259264 0.026041666666666668 0.11666666666666667
1 0.013802083333333333 0.4986111111111111 0.0234375 0.09351851851851853
