1 0.8372395833333334 0.6759259259259259 0.022395833333333334 0.11851851851851852
1 0.8117187499999999 0.6685185185185185 0.022395833333333334 0.10740740740740741
1 0.73984375 0.7055555555555556 0.03802083333333333 0.1537037037037037
1 0.6463541666666667 0.6759259259259259 0.0125 0.07592592592592592
1 0.6330729166666667 0.6921296296296297 0.009895833333333333 0.09907407407407408
1 0.6151041666666667 0.6976851851851852 0.020833333333333332 0.13055555555555556
1 0.5729166666666666 0.7287037037037037 0.042708333333333334 0.1537037037037037
1 0.50859375 0.6939814814814815 0.034895833333333334 0.09537037037037037
1 0.471875 0.6907407407407408 0.016666666666666666 0.10555555555555556
1 0.4588541666666667 0.6898148148148149 0.013541666666666667 0.07962962962962963
1 0.43072916666666666 0.7092592592592593 0.027083333333333334 0.11481481481481481
1 0.35078125 0.6958333333333334 0.019270833333333334 0.11018518518518519
1 0.26276041666666666 0.7240740740740741 0.024479166666666666 0.12037037037037038
1 0.24479166666666666 0.7800925925925927 0.029166666666666667 0.19722222222222224
1 0.21875 0.7467592592592592 0.026041666666666668 0.14351851851851852
1 0.15 0.7564814814814815 0.03125 0.15925925925925927
0 0.48411458333333335 0.7287037037037037 0.0171875 0.044444444444444446
