1 0.8322916666666667 0.6481481481481481 0.02395833333333333 0.07407407407407407
1 0.7479166666666667 0.6472222222222223 0.015625 0.08333333333333334
1 0.7325520833333333 0.6481481481481481 0.021354166666666667 0.08148148148148149
1 0.6716145833333333 0.6763888888888889 0.03177083333333333 0.13796296296296298
1 0.6088541666666667 0.6694444444444445 0.029166666666666667 0.11666666666666667
1 0.5544270833333333 0.6597222222222222 0.021354166666666667 0.08611111111111111
1 0.5153645833333333 0.6615740740740741 0.025520833333333333 0.10092592592592593
1 0.4752604166666667 0.6509259259259259 0.021354166666666667 0.07592592592592592
1 0.46015625 0.663425925925926 0.0203125 0.08981481481481482
1 0.4296875 0.6791666666666667 0.029166666666666667 0.10833333333333334
1 0.2625 0.688425925925926 0.028125 0.10092592592592593
1 0.23541666666666666 0.7462962962962963 0.026041666666666668 0.18888888888888888
1 0.2046875 0.7189814814814816 0.035416666666666666 0.13425925925925927
