0 0.13020833333333334 0.49074074074074076 0.014583333333333334 0.03518518518518519
1 0.9130208333333333 0.2800925925925926 0.028125 0.13796296296296298
1 0.8020833333333334 0.32962962962962966 0.034375 0.20185185185185187
1 0.64765625 0.3277777777777778 0.025520833333333333 0.13148148148148148
1 0.48385416666666664 0.3453703703703704 0.030208333333333334 0.10925925925925926
1 0.43828125 0.3703703703703704 0.034895833333333334 0.12407407407407407
1 0.3731770833333333 0.37824074074074077 0.0328125 0.1287037037037037
1 0.3390625 0.3773148148148148 0.03125 0.09537037037037037
1 0.31640625 0.37453703703703706 0.022395833333333334 0.09722222222222222
1 0.2864583333333333 0.3907407407407408 0.027083333333333334 0.10370370370370371
1 0.18046875 0.42685185185185187 0.034895833333333334 0.12037037037037038
1 0.15494791666666666 0.43842592592592594 0.0390625 0.14351851851851852
1 0.0984375 0.42962962962962964 0.03125 0.11111111111111112
1 0.028906249999999998 0.44027777777777777 0.0359375 0.09722222222222222
