1 0.8848958333333333 0.4810185185185185 0.026041666666666668 0.1287037037037037
1 0.8153645833333333 0.5296296296296297 0.0390625 0.20185185185185187
1 0.5760416666666667 0.5439814814814815 0.030208333333333334 0.14166666666666666
1 0.4856770833333333 0.5240740740740741 0.022395833333333334 0.08518518518518518
1 0.4359375 0.5430555555555556 0.02395833333333333 0.10833333333333334
1 0.3848958333333333 0.562962962962963 0.025 0.12037037037037038
1 0.3580729166666667 0.5569444444444445 0.0203125 0.08611111111111111
1 0.33125 0.5541666666666667 0.017708333333333333 0.09166666666666667
1 0.29244791666666664 0.5782407407407407 0.0234375 0.125
1 0.27578125 0.5712962962962963 0.021354166666666667 0.09444444444444444
1 0.14973958333333334 0.5967592592592593 0.024479166666666666 0.09166666666666667
1 0.12578125 0.6180555555555556 0.027604166666666666 0.13055555555555556
1 0.084375 0.625925925925926 0.026041666666666668 0.11851851851851852
1 0.061197916666666664 0.675 0.04010416666666666 0.19814814814814816
1 0.024479166666666666 0.6402777777777778 0.027083333333333334 0.13240740740740742
