1 0.7302083333333333 0.6083333333333334 0.030208333333333334 0.1925925925925926
1 0.6794270833333333 0.5851851851851853 0.033854166666666664 0.15
1 0.6393229166666666 0.5648148148148149 0.022395833333333334 0.11296296296296297
1 0.5549479166666667 0.6268518518518519 0.03802083333333333 0.20555555555555557
1 0.5338541666666666 0.5694444444444444 0.025 0.11851851851851852
1 0.51640625 0.5722222222222223 0.0234375 0.10925925925925926
1 0.46901041666666665 0.5578703703703703 0.022395833333333334 0.09537037037037037
1 0.44557291666666665 0.5680555555555555 0.0203125 0.10092592592592593
1 0.4153645833333333 0.5597222222222222 0.022395833333333334 0.09907407407407408
1 0.3716145833333333 0.5925925925925926 0.04010416666666666 0.15
1 0.31536458333333334 0.5657407407407408 0.022395833333333334 0.07962962962962963
1 0.30026041666666664 0.5800925925925926 0.034895833333333334 0.10833333333333334
1 0.11901041666666666 0.6148148148148148 0.0390625 0.20185185185185187
1 0.09088541666666666 0.5976851851851852 0.0234375 0.14722222222222223
1 0.05182291666666666 0.5782407407407407 0.021354166666666667 0.11574074074074074
0 0.3263020833333333 0.6157407407407408 0.019270833333333334 0.037037037037037035
