1 0.78515625 0.5976851851851852 0.034895833333333334 0.2101851851851852
1 0.75546875 0.5560185185185186 0.022395833333333334 0.11018518518518519
1 0.44869791666666664 0.5921296296296297 0.022395833333333334 0.1398148148148148
1 0.4276041666666667 0.5625 0.015625 0.10462962962962963
1 0.33619791666666665 0.5726851851851852 0.019270833333333334 0.10462962962962963
1 0.29244791666666664 0.5861111111111111 0.025520833333333333 0.12407407407407407
1 0.25494791666666666 0.5712962962962963 0.022395833333333334 0.09074074074074075
1 0.18671875 0.6412037037037037 0.03177083333333333 0.1953703703703704
1 0.15651041666666665 0.6055555555555556 0.022395833333333334 0.12407407407407407
1 0.11067708333333333 0.5865740740740741 0.022395833333333334 0.09537037037037037
1 0.037760416666666664 0.6157407407407408 0.033854166666666664 0.11851851851851852
1 0.011979166666666666 0.6055555555555556 0.017708333333333333 0.12037037037037038
