1 0.74375 0.6287037037037038 0.030208333333333334 0.19074074074074074
1 0.7018229166666666 0.6157407407407408 0.03177083333333333 0.1574074074074074
1 0.6846354166666666 0.6412037037037037 0.0390625 0.19166666666666668
1 0.64765625 0.5962962962962963 0.0234375 0.12222222222222223
1 0.6151041666666667 0.5842592592592593 0.026041666666666668 0.11666666666666667
1 0.5502604166666667 0.611574074074074 0.021354166666666667 0.1398148148148148
1 0.5276041666666667 0.6462962962962964 0.059375 0.20555555555555557
1 0.44765625 0.5995370370370371 0.033854166666666664 0.10462962962962963
1 0.40234375 0.6277777777777778 0.0390625 0.1685185185185185
1 0.38255208333333335 0.587962962962963 0.0203125 0.10555555555555556
1 0.3619791666666667 0.5953703703703704 0.028125 0.12407407407407407
1 0.28072916666666664 0.6046296296296296 0.03125 0.11851851851851852
1 0.2421875 0.5898148148148148 0.026041666666666668 0.11296296296296297
1 0.11848958333333333 0.6296296296296297 0.03802083333333333 0.16111111111111112
1 0.03671875 0.6597222222222222 0.0515625 0.24166666666666667
0 0.27760416666666665 0.6375000000000001 0.017708333333333333 0.032407407407407406
