1 0.8419270833333333 0.6703703703703704 0.024479166666666666 0.11851851851851852
1 0.809375 0.663425925925926 0.025 0.10462962962962963
1 0.7359375 0.6976851851851852 0.034375 0.14166666666666666
1 0.6661458333333333 0.6828703703703703 0.029166666666666667 0.10462962962962963
1 0.63984375 0.6648148148148149 0.021354166666666667 0.08333333333333334
1 0.6213541666666667 0.663425925925926 0.013541666666666667 0.062037037037037036
1 0.61640625 0.6916666666666667 0.0234375 0.12222222222222223
1 0.60546875 0.7138888888888889 0.04010416666666666 0.15185185185185185
1 0.5041666666666667 0.6865740740740741 0.014583333333333334 0.10092592592592593
1 0.4890625 0.7018518518518518 0.015625 0.08333333333333334
1 0.46432291666666664 0.6898148148148149 0.022395833333333334 0.09074074074074075
1 0.4302083333333333 0.6995370370370371 0.028125 0.10277777777777779
1 0.37838541666666664 0.6958333333333334 0.0203125 0.09166666666666667
1 0.26067708333333334 0.7208333333333333 0.018229166666666668 0.10648148148148148
1 0.22083333333333333 0.7342592592592593 0.01875 0.12222222222222223
1 0.2421875 0.7791666666666667 0.030208333333333334 0.18425925925925926
1 0.16041666666666665 0.7537037037037038 0.03229166666666666 0.16481481481481483
