1 0.8760416666666666 0.6412037037037037 0.03958333333333333 0.20833333333333334
1 0.7296875 0.6472222222222223 0.029166666666666667 0.1925925925925926
1 0.6953125 0.6138888888888889 0.029166666666666667 0.16481481481481483
1 0.64296875 0.587037037037037 0.025520833333333333 0.11481481481481481
1 0.5515625 0.6439814814814815 0.04479166666666667 0.2138888888888889
1 0.5721354166666667 0.6050925925925926 0.0203125 0.1398148148148148
1 0.49192708333333335 0.5907407407407408 0.027604166666666666 0.11851851851851852
1 0.4244791666666667 0.5833333333333334 0.014583333333333334 0.07962962962962963
1 0.41015625 0.5930555555555556 0.019270833333333334 0.09537037037037037
1 0.390625 0.6217592592592592 0.03333333333333333 0.17685185185185187
1 0.32734375 0.5967592592592593 0.025520833333333333 0.11018518518518519
1 0.2713541666666667 0.587037037037037 0.028125 0.10740740740740741
1 0.14583333333333334 0.6240740740740741 0.03229166666666666 0.16481481481481483
1 0.06848958333333333 0.6527777777777778 0.05260416666666667 0.23148148148148148
1 0.034895833333333334 0.6037037037037037 0.0125 0.12407407407407407
