1 0.9169270833333333 0.3703703703703704 0.0265625 0.13148148148148148
1 0.8166666666666667 0.41435185185185186 0.034375 0.21574074074074076
1 0.603125 0.4152777777777778 0.03125 0.1398148148148148
1 0.46041666666666664 0.40555555555555556 0.014583333333333334 0.07777777777777778
1 0.45078124999999997 0.4134259259259259 0.022395833333333334 0.10092592592592593
1 0.4106770833333333 0.4324074074074074 0.022395833333333334 0.12037037037037038
1 0.3658854166666667 0.425 0.013020833333333334 0.08888888888888889
1 0.3502604166666667 0.41111111111111115 0.013020833333333334 0.06666666666666667
1 0.31276041666666665 0.44212962962962965 0.027604166666666666 0.1287037037037037
1 0.2786458333333333 0.4430555555555556 0.019791666666666666 0.10277777777777779
1 0.19166666666666665 0.44907407407407407 0.016666666666666666 0.08333333333333334
1 0.13463541666666667 0.4675925925925926 0.03697916666666667 0.11296296296296297
1 0.0984375 0.49212962962962964 0.029166666666666667 0.13796296296296298
1 0.07526041666666666 0.46064814814814814 0.019270833333333334 0.08796296296296297
1 0.03619791666666666 0.4986111111111111 0.027604166666666666 0.14351851851851852
1 0.007552083333333333 0.5393518518518519 0.008854166666666666 0.14722222222222223
