1 0.825 0.6759259259259259 0.025 0.11481481481481481
1 0.7388020833333333 0.7092592592592593 0.0359375 0.15
1 0.6536458333333334 0.674537037037037 0.015625 0.06759259259259259
1 0.6375 0.6722222222222223 0.014583333333333334 0.07222222222222223
1 0.6138020833333333 0.6958333333333334 0.021354166666666667 0.13055555555555556
1 0.5979166666666667 0.6888888888888889 0.015625 0.10555555555555556
1 0.5502604166666667 0.7324074074074074 0.034895833333333334 0.16111111111111112
1 0.503125 0.6949074074074074 0.026041666666666668 0.10092592592592593
1 0.47161458333333334 0.6986111111111112 0.021354166666666667 0.08981481481481482
1 0.45026041666666666 0.700462962962963 0.021354166666666667 0.10092592592592593
1 0.32395833333333335 0.6976851851851852 0.028125 0.09907407407407408
1 0.26640625 0.7217592592592593 0.0203125 0.11203703703703705
1 0.24348958333333334 0.7777777777777778 0.0390625 0.19814814814814816
1 0.20677083333333332 0.7393518518518519 0.03125 0.15462962962962964
1 0.1359375 0.7648148148148148 0.030208333333333334 0.15925925925925927
