1 0.7567708333333333 0.20740740740740743 0.025 0.17037037037037037
1 0.7380208333333333 0.18981481481481483 0.014583333333333334 0.17037037037037037
1 0.70859375 0.22222222222222224 0.033854166666666664 0.1962962962962963
1 0.5833333333333334 0.22222222222222224 0.03125 0.16111111111111112
1 0.49635416666666665 0.26435185185185184 0.05 0.21574074074074076
1 0.39453125 0.23425925925925928 0.019270833333333334 0.08888888888888889
1 0.3809895833333333 0.24537037037037038 0.034895833333333334 0.12592592592592594
1 0.28072916666666664 0.29953703703703705 0.04479166666666667 0.22314814814814815
1 0.23098958333333333 0.2939814814814815 0.03697916666666667 0.17314814814814816
1 0.16145833333333334 0.29583333333333334 0.041666666666666664 0.13425925925925927
1 0.11276041666666667 0.2925925925925926 0.03802083333333333 0.12037037037037038
1 0.017708333333333333 0.30833333333333335 0.027083333333333334 0.10555555555555556
1 0.015625 0.4199074074074074 0.03125 0.14166666666666666
