1 0.8716145833333333 0.6393518518518518 0.025520833333333333 0.06759259259259259
1 0.7510416666666666 0.6425925925925926 0.013541666666666667 0.08148148148148149
1 0.73984375 0.65 0.018229166666666668 0.08148148148148149
1 0.675 0.6685185185185185 0.017708333333333333 0.12592592592592594
1 0.6895833333333333 0.6648148148148149 0.015625 0.11481481481481481
1 0.6208333333333333 0.6462962962962964 0.016666666666666666 0.07037037037037037
1 0.6083333333333333 0.6606481481481482 0.02395833333333333 0.10648148148148148
1 0.5635416666666666 0.6518518518518519 0.02395833333333333 0.08148148148148149
1 0.5265625 0.6569444444444444 0.01875 0.08796296296296297
1 0.48463541666666665 0.6537037037037037 0.022395833333333334 0.07777777777777778
1 0.46041666666666664 0.6564814814814816 0.016666666666666666 0.07592592592592592
1 0.43984375 0.6694444444444445 0.0203125 0.0962962962962963
1 0.27630208333333334 0.6828703703703703 0.024479166666666666 0.10462962962962963
1 0.2544270833333333 0.7393518518518519 0.0328125 0.1787037037037037
1 0.22578125 0.7055555555555556 0.0203125 0.15
