1 0.79609375 0.6263888888888889 0.0359375 0.1787037037037037
1 0.6940104166666666 0.625925925925926 0.028645833333333332 0.2
1 0.6731770833333334 0.6023148148148149 0.025520833333333333 0.17685185185185187
1 0.62734375 0.5773148148148148 0.0328125 0.13055555555555556
1 0.56875 0.5810185185185185 0.015625 0.11018518518518519
1 0.5427083333333333 0.6365740740740741 0.046875 0.2101851851851852
1 0.48359375 0.5800925925925926 0.0265625 0.09722222222222222
1 0.4315104166666667 0.576388888888889 0.025520833333333333 0.10092592592592593
1 0.3989583333333333 0.5791666666666667 0.01875 0.09537037037037037
1 0.3736979166666667 0.6129629629629629 0.03802083333333333 0.17037037037037037
1 0.31276041666666665 0.5916666666666667 0.027604166666666666 0.11296296296296297
1 0.25494791666666666 0.5745370370370371 0.033854166666666664 0.09351851851851853
1 0.13072916666666667 0.6148148148148148 0.029166666666666667 0.15555555555555556
1 0.046875 0.6509259259259259 0.04895833333333333 0.2351851851851852
1 0.014322916666666666 0.5777777777777778 0.024479166666666666 0.12037037037037038
0 0.3177083333333333 0.625925925925926 0.017708333333333333 0.03333333333333333
