1 0.83828125 0.5703703703703704 0.022395833333333334 0.10555555555555556
1 0.8161458333333333 0.6074074074074074 0.029166666666666667 0.20925925925925926
1 0.52890625 0.600462962962963 0.0234375 0.1527777777777778
1 0.48072916666666665 0.5726851851851852 0.02395833333333333 0.09722222222222222
1 0.4 0.5888888888888889 0.026041666666666668 0.11481481481481481
1 0.35651041666666666 0.5962962962962963 0.0234375 0.12222222222222223
1 0.33177083333333335 0.5907407407407408 0.014583333333333334 0.09444444444444444
1 0.2942708333333333 0.587037037037037 0.025 0.09074074074074075
1 0.25286458333333334 0.6027777777777777 0.0203125 0.11851851851851852
1 0.22942708333333334 0.5967592592592593 0.0203125 0.09537037037037037
1 0.16223958333333333 0.6675925925925926 0.03802083333333333 0.18703703703703706
1 0.10729166666666666 0.6305555555555555 0.027083333333333334 0.12037037037037038
1 0.06067708333333333 0.6240740740740741 0.0234375 0.08703703703703704
1 0.03619791666666666 0.6217592592592592 0.021354166666666667 0.09907407407407408
