1 0.7455729166666667 0.6060185185185185 0.033854166666666664 0.17685185185185187
1 0.6703125 0.5782407407407407 0.029166666666666667 0.1398148148148148
1 0.6380208333333334 0.5648148148148149 0.019791666666666666 0.11666666666666667
1 0.56796875 0.6166666666666667 0.0328125 0.20185185185185187
1 0.5484375 0.5615740740740741 0.017708333333333333 0.11018518518518519
1 0.5317708333333333 0.5620370370370371 0.015625 0.11851851851851852
1 0.47682291666666665 0.5527777777777778 0.018229166666666668 0.08888888888888889
1 0.4583333333333333 0.563425925925926 0.020833333333333332 0.09907407407407408
1 0.43255208333333334 0.5541666666666667 0.025520833333333333 0.09537037037037037
1 0.3833333333333333 0.5861111111111111 0.028125 0.15185185185185185
1 0.33828125 0.5597222222222222 0.021354166666666667 0.09907407407407408
1 0.29244791666666664 0.5708333333333333 0.021354166666666667 0.10092592592592593
1 0.14713541666666666 0.6180555555555556 0.034895833333333334 0.18796296296296297
1 0.11171874999999999 0.600462962962963 0.0265625 0.14907407407407408
1 0.07369791666666667 0.575925925925926 0.0265625 0.11666666666666667
0 0.31328125 0.6046296296296296 0.018229166666666668 0.037037037037037035
