0 0.34791666666666665 0.6199074074074075 0.013541666666666667 0.021296296296296296
1 0.7354166666666666 0.6217592592592592 0.035416666666666666 0.19166666666666668
1 0.6559895833333333 0.5685185185185185 0.022395833333333334 0.10925925925925926
1 0.5690104166666666 0.6287037037037038 0.034895833333333334 0.21296296296296297
1 0.5322916666666666 0.5694444444444444 0.01875 0.09814814814814815
1 0.4354166666666667 0.5694444444444444 0.025 0.10370370370370371
1 0.38567708333333334 0.6064814814814815 0.034895833333333334 0.16481481481481483
1 0.33567708333333335 0.5856481481481481 0.024479166666666666 0.10462962962962963
1 0.2877604166666667 0.5736111111111112 0.022395833333333334 0.09907407407407408
1 0.12682291666666667 0.6055555555555556 0.027604166666666666 0.16296296296296298
1 0.08802083333333333 0.6430555555555556 0.04479166666666667 0.21574074074074076
1 0.05130208333333333 0.587962962962963 0.0203125 0.12037037037037038
