1 0.6700520833333333 0.3472222222222222 0.025520833333333333 0.10555555555555556
1 0.625 0.38101851851851853 0.028125 0.14537037037037037
1 0.5455729166666666 0.38101851851851853 0.0234375 0.09907407407407408
1 0.42578125 0.4064814814814815 0.025520833333333333 0.09074074074074075
1 0.3989583333333333 0.4189814814814815 0.030208333333333334 0.11574074074074074
1 0.3546875 0.47824074074074074 0.035416666666666666 0.18796296296296297
1 0.33046875 0.4361111111111111 0.0234375 0.12407407407407407
1 0.24609375 0.42962962962962964 0.024479166666666666 0.07592592592592592
1 0.22864583333333333 0.4587962962962963 0.030208333333333334 0.10648148148148148
1 0.18619791666666666 0.4481481481481482 0.025520833333333333 0.07037037037037037
1 0.16927083333333334 0.46620370370370373 0.028125 0.09537037037037037
1 0.13567708333333334 0.4740740740740741 0.021354166666666667 0.08703703703703704
1 0.09973958333333333 0.49953703703703706 0.03697916666666667 0.14166666666666666
1 0.033854166666666664 0.49768518518518523 0.026041666666666668 0.11018518518518519
