1 0.71640625 0.6125 0.03177083333333333 0.17685185185185187
1 0.6833333333333333 0.6240740740740741 0.034375 0.2
1 0.6361979166666667 0.5791666666666667 0.0234375 0.11018518518518519
1 0.6151041666666667 0.575462962962963 0.01875 0.10648148148148148
1 0.5333333333333333 0.6314814814814815 0.057291666666666664 0.2111111111111111
1 0.4783854166666667 0.5824074074074075 0.021354166666666667 0.11666666666666667
1 0.4263020833333333 0.5745370370370371 0.024479166666666666 0.10462962962962963
1 0.3890625 0.5773148148148148 0.016666666666666666 0.08796296296296297
1 0.3697916666666667 0.6111111111111112 0.028125 0.16666666666666669
1 0.2921875 0.5805555555555556 0.029166666666666667 0.12037037037037038
1 0.24427083333333333 0.5717592592592593 0.028125 0.10277777777777779
1 0.11848958333333333 0.6138888888888889 0.03177083333333333 0.16481481481481483
1 0.033854166666666664 0.6435185185185185 0.05 0.2388888888888889
0 0.29635416666666664 0.6240740740740741 0.017708333333333333 0.037037037037037035
