1 0.8893229166666666 0.33472222222222225 0.019270833333333334 0.13796296296296298
1 0.7877604166666666 0.3800925925925926 0.03697916666666667 0.20277777777777778
1 0.5786458333333333 0.3837962962962963 0.025 0.13611111111111113
1 0.42578125 0.38472222222222224 0.021354166666666667 0.09907407407407408
1 0.40572916666666664 0.38287037037037036 0.016666666666666666 0.08796296296296297
1 0.3736979166666667 0.40555555555555556 0.0265625 0.12037037037037038
1 0.32395833333333335 0.40324074074074073 0.016666666666666666 0.09351851851851853
1 0.27421875 0.412962962962963 0.024479166666666666 0.12037037037037038
1 0.23541666666666666 0.4199074074074074 0.026041666666666668 0.10648148148148148
1 0.15859375 0.4287037037037037 0.024479166666666666 0.08888888888888889
1 0.11848958333333333 0.4430555555555556 0.04010416666666666 0.11018518518518519
1 0.08958333333333333 0.4569444444444445 0.04479166666666667 0.14166666666666666
1 0.04895833333333333 0.4587962962962963 0.027083333333333334 0.13425925925925927
1 0.025520833333333333 0.43333333333333335 0.015625 0.07962962962962963
1 0.01484375 0.47453703703703703 0.025520833333333333 0.14166666666666666
