0 0.0109375 0.5351851851851852 0.017708333333333333 0.03888888888888889
1 0.8755208333333333 0.30324074074074076 0.029166666666666667 0.14166666666666666
1 0.79765625 0.3490740740740741 0.034895833333333334 0.20185185185185187
1 0.5770833333333333 0.3597222222222222 0.030208333333333334 0.14166666666666666
1 0.421875 0.3685185185185185 0.025 0.10925925925925926
1 0.36666666666666664 0.39166666666666666 0.028125 0.12407407407407407
1 0.29661458333333335 0.3912037037037037 0.024479166666666666 0.09907407407407408
1 0.25234375 0.4064814814814815 0.0234375 0.11851851851851852
1 0.21041666666666667 0.4199074074074074 0.027083333333333334 0.11388888888888889
1 0.14973958333333334 0.42129629629629634 0.018229166666666668 0.08148148148148149
1 0.14010416666666667 0.45 0.04583333333333333 0.13518518518518519
1 0.10833333333333334 0.437962962962963 0.027083333333333334 0.12037037037037038
1 0.034895833333333334 0.46111111111111114 0.028125 0.12222222222222223
1 0.010416666666666666 0.4481481481481482 0.020833333333333332 0.10925925925925926
