0 0.7455729166666667 0.612037037037037 0.013020833333333334 0.02962962962962963
1 0.8799479166666666 0.5824074074074075 0.0421875 0.12407407407407407
1 0.85703125 0.5828703703703704 0.04114583333333333 0.14907407407407408
1 0.7901041666666666 0.5439814814814815 0.029166666666666667 0.10277777777777779
1 0.7377604166666667 0.5296296296296297 0.0265625 0.10185185185185186
1 0.6794270833333333 0.6800925925925926 0.057812499999999996 0.23055555555555557
1 0.5674479166666666 0.6402777777777778 0.049479166666666664 0.225
1 0.5859375 0.5370370370370371 0.030208333333333334 0.11666666666666667
1 0.6809895833333334 0.5356481481481482 0.0234375 0.10833333333333334
1 0.6588541666666666 0.49583333333333335 0.0125 0.0712962962962963
1 0.6940104166666666 0.500462962962963 0.013020833333333334 0.062037037037037036
1 0.47604166666666664 0.5074074074074074 0.016666666666666666 0.09074074074074075
1 0.19947916666666665 0.6412037037037037 0.057291666666666664 0.23055555555555557
1 0.21145833333333333 0.5314814814814816 0.019791666666666666 0.12037037037037038
1 0.18567708333333333 0.4861111111111111 0.0265625 0.08333333333333334
1 0.14088541666666665 0.5458333333333334 0.03802083333333333 0.14537037037037037
