1 0.7796875 0.32222222222222224 0.01875 0.11666666666666667
1 0.690625 0.37222222222222223 0.035416666666666666 0.15925925925925927
1 0.6067708333333334 0.36388888888888893 0.03125 0.11851851851851852
1 0.48723958333333334 0.38472222222222224 0.0234375 0.09537037037037037
1 0.4627604166666667 0.39490740740740743 0.021354166666666667 0.10648148148148148
1 0.4432291666666667 0.40231481481481485 0.03333333333333333 0.13055555555555556
1 0.3697916666666667 0.4550925925925926 0.030208333333333334 0.17314814814814816
1 0.3390625 0.41620370370370374 0.027083333333333334 0.08796296296296297
1 0.3190104166666667 0.40740740740740744 0.022395833333333334 0.07777777777777778
1 0.28098958333333335 0.4342592592592593 0.0359375 0.12037037037037038
1 0.23723958333333334 0.42962962962962964 0.024479166666666666 0.08703703703703704
1 0.21640625 0.4375 0.021354166666666667 0.09907407407407408
1 0.196875 0.4356481481481482 0.019791666666666666 0.09537037037037037
1 0.09557291666666666 0.46481481481481485 0.0234375 0.08703703703703704
1 0.06588541666666667 0.49074074074074076 0.04010416666666666 0.13148148148148148
0 0.3484375 0.512962962962963 0.016666666666666666 0.03333333333333333
