1 0.74609375 0.6074074074074074 0.0328125 0.18703703703703706
1 0.66484375 0.5736111111111112 0.0203125 0.13796296296296298
1 0.6356770833333333 0.5560185185185186 0.022395833333333334 0.11018518518518519
1 0.5703125 0.6171296296296297 0.041666666666666664 0.19351851851851853
1 0.5416666666666666 0.5587962962962963 0.013541666666666667 0.09722222222222222
1 0.47734375 0.5509259259259259 0.0140625 0.07407407407407407
1 0.459375 0.5666666666666667 0.016666666666666666 0.08518518518518518
1 0.43359375 0.5569444444444445 0.019270833333333334 0.08981481481481482
1 0.3833333333333333 0.5837962962962964 0.026041666666666668 0.13611111111111113
1 0.34401041666666665 0.5587962962962963 0.019270833333333334 0.08240740740740742
1 0.28489583333333335 0.5597222222222222 0.028125 0.10277777777777779
1 0.15859375 0.6111111111111112 0.03802083333333333 0.19444444444444445
1 0.11692708333333333 0.5930555555555556 0.021354166666666667 0.14537037037037037
1 0.08385416666666666 0.5731481481481482 0.013541666666666667 0.11481481481481481
