1 0.44427083333333334 0.41250000000000003 0.025 0.13796296296296298
1 0.3536458333333333 0.40046296296296297 0.019791666666666666 0.08796296296296297
1 0.2869791666666667 0.42453703703703705 0.026041666666666668 0.10833333333333334
1 0.21432291666666667 0.42592592592592593 0.021354166666666667 0.08333333333333334
1 0.19895833333333332 0.4537037037037037 0.03125 0.12407407407407407
1 0.15651041666666665 0.4615740740740741 0.024479166666666666 0.11203703703703705
1 0.12578125 0.46342592592592596 0.025520833333333333 0.10462962962962963
1 0.07526041666666666 0.4675925925925926 0.034895833333333334 0.08148148148148149
1 0.05234375 0.5287037037037037 0.0421875 0.1962962962962963
0 0.42421875 0.4759259259259259 0.0203125 0.044444444444444446
