0 0.23984375 0.4935185185185185 0.019270833333333334 0.040740740740740744
1 0.92578125 0.29953703703703705 0.024479166666666666 0.12314814814814816
1 0.7934895833333333 0.35185185185185186 0.03802083333333333 0.2
1 0.66484375 0.33935185185185185 0.033854166666666664 0.13240740740740742
1 0.5046875 0.35370370370370374 0.027083333333333334 0.11111111111111112
1 0.4864583333333333 0.3703703703703704 0.04375 0.12407407407407407
1 0.4471354166666667 0.3861111111111111 0.0328125 0.11666666666666667
1 0.34739583333333335 0.3773148148148148 0.026041666666666668 0.09166666666666667
1 0.2953125 0.36574074074074076 0.013541666666666667 0.04814814814814815
1 0.2869791666666667 0.3925925925925926 0.016666666666666666 0.09074074074074075
1 0.27760416666666665 0.4273148148148148 0.042708333333333334 0.14166666666666666
1 0.21536458333333333 0.41712962962962963 0.019270833333333334 0.13240740740740742
1 0.19348958333333333 0.40046296296296297 0.0203125 0.08425925925925926
1 0.14973958333333334 0.4217592592592593 0.024479166666666666 0.13055555555555556
1 0.04010416666666666 0.4277777777777778 0.013541666666666667 0.07222222222222223
1 0.030729166666666665 0.4518518518518519 0.030208333333333334 0.1277777777777778
