1 0.8278645833333333 0.5449074074074074 0.03697916666666667 0.14722222222222223
1 0.7908854166666667 0.55 0.027604166666666666 0.1574074074074074
1 0.7528645833333333 0.5666666666666667 0.03697916666666667 0.16296296296296298
1 0.6973958333333333 0.576388888888889 0.03854166666666667 0.18611111111111112
1 0.6268229166666667 0.5305555555555556 0.018229166666666668 0.10740740740740741
1 0.5966145833333333 0.5518518518518519 0.028645833333333332 0.1537037037037037
1 0.5463541666666667 0.5888888888888889 0.058333333333333334 0.20740740740740743
1 0.47213541666666664 0.5430555555555556 0.022395833333333334 0.09351851851851853
1 0.4536458333333333 0.5726851851851852 0.028125 0.1787037037037037
1 0.4161458333333333 0.5402777777777777 0.03125 0.09537037037037037
1 0.2908854166666667 0.5546296296296297 0.0203125 0.11296296296296297
1 0.22604166666666667 0.5833333333333334 0.03125 0.1574074074074074
1 0.17109375 0.5625 0.028645833333333332 0.13240740740740742
1 0.06510416666666667 0.5666666666666667 0.03229166666666666 0.11296296296296297
1 0.01875 0.6171296296296297 0.035416666666666666 0.23240740740740742
0 0.271875 0.5851851851851853 0.015625 0.03333333333333333
