1 0.7822916666666666 0.5444444444444445 0.029166666666666667 0.16481481481481483
1 0.7158854166666666 0.5810185185185185 0.043229166666666666 0.18796296296296297
1 0.6911458333333333 0.5717592592592593 0.030208333333333334 0.18055555555555555
1 0.6432291666666666 0.5268518518518519 0.028125 0.11851851851851852
1 0.5911458333333334 0.5532407407407408 0.029166666666666667 0.14351851851851852
1 0.5557291666666666 0.5925925925925926 0.057291666666666664 0.2111111111111111
1 0.4622395833333333 0.5800925925925926 0.033854166666666664 0.1824074074074074
1 0.41119791666666666 0.5449074074074074 0.025520833333333333 0.09722222222222222
1 0.33958333333333335 0.5546296296296297 0.028125 0.11296296296296297
1 0.27421875 0.5481481481481482 0.033854166666666664 0.10740740740740741
1 0.21067708333333332 0.5694444444444444 0.03697916666666667 0.11851851851851852
1 0.146875 0.5888888888888889 0.03229166666666666 0.16111111111111112
1 0.07604166666666666 0.5828703703703704 0.03125 0.09537037037037037
1 0.037760416666666664 0.6314814814814815 0.049479166666666664 0.2425925925925926
