1 0.8833333333333333 0.5402777777777777 0.040625 0.13796296296296298
1 0.765625 0.5810185185185185 0.042708333333333334 0.17314814814814816
1 0.78203125 0.5625 0.021354166666666667 0.15092592592592594
1 0.7145833333333333 0.5907407407407408 0.04375 0.18888888888888888
1 0.58828125 0.5722222222222223 0.034895833333333334 0.15185185185185185
1 0.5322916666666666 0.6143518518518519 0.04583333333333333 0.22314814814814815
1 0.5544270833333333 0.5652777777777778 0.0234375 0.13796296296296298
1 0.49374999999999997 0.5615740740740741 0.029166666666666667 0.10648148148148148
1 0.46432291666666664 0.5949074074074074 0.0359375 0.18425925925925926
1 0.40703125 0.5597222222222222 0.03697916666666667 0.09537037037037037
1 0.3328125 0.5935185185185186 0.03229166666666666 0.15925925925925927
1 0.30546875 0.5694444444444444 0.0265625 0.09814814814814815
1 0.2708333333333333 0.5745370370370371 0.03125 0.09722222222222222
1 0.18619791666666666 0.587037037037037 0.034895833333333334 0.12592592592592594
1 0.04973958333333333 0.5925925925925926 0.034895833333333334 0.11111111111111112
1 0.01328125 0.6509259259259259 0.0265625 0.2537037037037037
0 0.26588541666666665 0.6046296296296296 0.021354166666666667 0.03333333333333333
