1 0.7953125 0.6060185185185185 0.028125 0.14166666666666666
1 0.7763020833333333 0.587962962962963 0.021354166666666667 0.11666666666666667
1 0.4903645833333333 0.5819444444444445 0.0203125 0.11203703703703705
1 0.4578125 0.5648148148148149 0.017708333333333333 0.07407407407407407
1 0.44375 0.5722222222222223 0.016666666666666666 0.08888888888888889
1 0.24765625 0.5824074074074075 0.025520833333333333 0.11666666666666667
1 0.21822916666666667 0.5745370370370371 0.03125 0.09351851851851853
1 0.19348958333333333 0.5745370370370371 0.024479166666666666 0.10092592592592593
1 0.16119791666666666 0.5800925925925926 0.022395833333333334 0.10462962962962963
1 0.16432291666666665 0.5611111111111111 0.024479166666666666 0.08148148148148149
1 0.11328125 0.5782407407407407 0.021354166666666667 0.09722222222222222
1 0.08489583333333334 0.5837962962962964 0.017708333333333333 0.08981481481481482
