1 0.7830729166666667 0.5462962962962963 0.027604166666666666 0.1574074074074074
1 0.7591145833333334 0.5328703703703704 0.022395833333333334 0.13796296296296298
1 0.71484375 0.5842592592592593 0.03697916666666667 0.20555555555555557
1 0.6979166666666666 0.5412037037037037 0.016666666666666666 0.15462962962962964
1 0.6419270833333334 0.5222222222222223 0.027604166666666666 0.12407407407407407
1 0.5958333333333333 0.55 0.030208333333333334 0.15
1 0.55 0.5847222222222223 0.057291666666666664 0.21203703703703705
1 0.46171875 0.5717592592592593 0.03697916666666667 0.17685185185185187
1 0.40963541666666664 0.5435185185185185 0.03177083333333333 0.11296296296296297
1 0.3 0.5527777777777778 0.029166666666666667 0.1277777777777778
1 0.26848958333333334 0.5402777777777777 0.022395833333333334 0.11018518518518519
1 0.18489583333333334 0.5675925925925926 0.030208333333333334 0.13333333333333333
1 0.14713541666666666 0.5842592592592593 0.0390625 0.16296296296296298
1 0.078125 0.5736111111111112 0.029166666666666667 0.09537037037037037
1 0.02395833333333333 0.625 0.04583333333333333 0.24814814814814815
