0 0.6890625 0.34814814814814815 0.014583333333333334 0.03333333333333333
1 0.8588541666666667 0.2800925925925926 0.04479166666666667 0.18425925925925926
1 0.7796875 0.30648148148148147 0.041666666666666664 0.18703703703703706
1 0.7450520833333333 0.3472222222222222 0.0859375 0.2833333333333333
1 0.70703125 0.26944444444444443 0.0390625 0.1388888888888889
1 0.6283854166666667 0.29444444444444445 0.05260416666666667 0.16296296296296298
1 0.5395833333333333 0.27037037037037037 0.027083333333333334 0.12222222222222223
1 0.48046875 0.3013888888888889 0.03697916666666667 0.19166666666666668
1 0.41354166666666664 0.28101851851851856 0.026041666666666668 0.1287037037037037
1 0.3333333333333333 0.30324074074074076 0.03333333333333333 0.14907407407407408
1 0.25677083333333334 0.2967592592592593 0.026041666666666668 0.1287037037037037
1 0.16432291666666665 0.2865740740740741 0.033854166666666664 0.10462962962962963
