0 0.2578125 0.5976851851851852 0.014583333333333334 0.030555555555555558
1 0.8619791666666666 0.5356481481481482 0.03854166666666667 0.1398148148148148
1 0.7700520833333333 0.5736111111111112 0.04010416666666666 0.17314814814814816
1 0.71640625 0.5888888888888889 0.0359375 0.18888888888888888
1 0.5877604166666667 0.5712962962962963 0.03802083333333333 0.1537037037037037
1 0.534375 0.6050925925925926 0.05520833333333333 0.2138888888888889
1 0.4940104166666667 0.55 0.021354166666666667 0.11481481481481481
1 0.46171875 0.5884259259259259 0.04114583333333333 0.18055555555555555
1 0.40911458333333334 0.5560185185185186 0.021354166666666667 0.08796296296296297
1 0.3333333333333333 0.5935185185185186 0.03333333333333333 0.15555555555555556
1 0.3098958333333333 0.5722222222222223 0.03333333333333333 0.12407407407407407
1 0.26640625 0.5652777777777778 0.0203125 0.10277777777777779
1 0.19114583333333332 0.5842592592592593 0.029166666666666667 0.12407407407407407
1 0.05182291666666666 0.587962962962963 0.030729166666666665 0.12407407407407407
1 0.009375 0.6462962962962964 0.01875 0.23703703703703705
