1 0.9739583333333334 0.3907407407407408 0.046875 0.2111111111111111
1 0.6486979166666667 0.3740740740740741 0.025520833333333333 0.11666666666666667
1 0.5575520833333333 0.38287037037037036 0.0359375 0.13055555555555556
1 0.36875 0.4356481481481482 0.06145833333333333 0.22314814814814815
1 0.38385416666666666 0.39305555555555555 0.035416666666666666 0.14537037037037037
1 0.29322916666666665 0.4226851851851852 0.046875 0.18611111111111112
1 0.26067708333333334 0.38287037037037036 0.028645833333333332 0.11018518518518519
1 0.21380208333333334 0.4046296296296297 0.03802083333333333 0.1537037037037037
1 0.12630208333333334 0.44907407407407407 0.057812499999999996 0.22777777777777777
0 0.9611979166666667 0.4953703703703704 0.021354166666666667 0.03333333333333333
