1 0.7270833333333333 0.6074074074074074 0.030208333333333334 0.19074074074074074
1 0.690625 0.5856481481481481 0.029166666666666667 0.14351851851851852
1 0.65078125 0.5685185185185185 0.025520833333333333 0.1277777777777778
1 0.55078125 0.6222222222222222 0.03802083333333333 0.20370370370370372
1 0.5341145833333333 0.5847222222222223 0.022395833333333334 0.14166666666666666
1 0.5138020833333333 0.5712962962962963 0.018229166666666668 0.10740740740740741
1 0.47161458333333334 0.5675925925925926 0.0234375 0.09074074074074075
1 0.44036458333333334 0.5703703703703704 0.021354166666666667 0.10555555555555556
1 0.40338541666666666 0.5657407407407408 0.027604166666666666 0.08703703703703704
1 0.3692708333333333 0.5944444444444444 0.03854166666666667 0.1574074074074074
1 0.31276041666666665 0.5731481481481482 0.019270833333333334 0.09074074074074075
1 0.296875 0.5745370370370371 0.014583333333333334 0.09722222222222222
1 0.10885416666666667 0.6342592592592593 0.034375 0.20555555555555557
1 0.08697916666666666 0.6046296296296296 0.013541666666666667 0.16111111111111112
1 0.04895833333333333 0.5851851851851853 0.025 0.12962962962962962
0 0.3341145833333333 0.6208333333333333 0.0234375 0.05092592592592593
