1 0.9013020833333333 0.55 0.03802083333333333 0.1925925925925926
1 0.78359375 0.5296296296296297 0.0265625 0.16296296296296298
1 0.7559895833333333 0.5615740740740741 0.0390625 0.18055555555555555
1 0.7078125 0.5666666666666667 0.04583333333333333 0.19444444444444445
1 0.6067708333333334 0.5208333333333334 0.017708333333333333 0.10277777777777779
1 0.5893229166666667 0.5453703703703704 0.0328125 0.15555555555555556
1 0.5348958333333333 0.5847222222222223 0.0625 0.21574074074074076
1 0.46041666666666664 0.5333333333333333 0.016666666666666666 0.10925925925925926
1 0.44088541666666664 0.5675925925925926 0.033854166666666664 0.1685185185185185
1 0.41119791666666666 0.5328703703703704 0.025520833333333333 0.09907407407407408
1 0.2953125 0.5694444444444444 0.027083333333333334 0.1462962962962963
1 0.27630208333333334 0.5425925925925926 0.013020833333333334 0.11851851851851852
1 0.16484375 0.5587962962962963 0.0328125 0.11574074074074074
1 0.05130208333333333 0.5675925925925926 0.0265625 0.10740740740740741
1 0.013802083333333333 0.6231481481481481 0.025520833333333333 0.24074074074074076
