0 0.5307291666666667 0.45 0.015625 0.024074074074074074
1 0.6682291666666667 0.3462962962962963 0.029166666666666667 0.12962962962962962
1 0.5669270833333333 0.38472222222222224 0.04635416666666667 0.18055555555555555
1 0.4791666666666667 0.3574074074074074 0.027083333333333334 0.12222222222222223
1 0.21979166666666666 0.38287037037037036 0.034375 0.13796296296296298
1 0.23776041666666667 0.37222222222222223 0.0234375 0.13148148148148148
1 0.15494791666666666 0.3652777777777778 0.025520833333333333 0.09537037037037037
1 0.05 0.4305555555555556 0.04479166666666667 0.20555555555555557
1 0.07265625 0.41111111111111115 0.03802083333333333 0.16666666666666669
1 0.018229166666666668 0.425 0.03229166666666666 0.20185185185185187
