1 0.94921875 0.3995370370370371 0.06927083333333334 0.22870370370370371
1 0.65703125 0.3712962962962963 0.03177083333333333 0.13333333333333333
1 0.6200520833333333 0.3819444444444445 0.0359375 0.14722222222222223
1 0.49453125 0.42453703703703705 0.0515625 0.2175925925925926
1 0.475 0.38287037037037036 0.028125 0.14537037037037037
1 0.38958333333333334 0.4189814814814815 0.06041666666666667 0.2138888888888889
1 0.315625 0.375 0.027083333333333334 0.11481481481481481
1 0.26171875 0.3907407407407408 0.0359375 0.1574074074074074
1 0.18802083333333333 0.41805555555555557 0.058333333333333334 0.20462962962962963
1 0.025520833333333333 0.4763888888888889 0.051041666666666666 0.25092592592592594
