1 0.7606770833333333 0.5861111111111111 0.0328125 0.16296296296296298
1 0.7028645833333333 0.6129629629629629 0.04010416666666666 0.19074074074074074
1 0.6716145833333333 0.5694444444444444 0.024479166666666666 0.12222222222222223
1 0.6278645833333333 0.5587962962962963 0.022395833333333334 0.11203703703703705
1 0.56015625 0.5819444444444445 0.0171875 0.1398148148148148
1 0.5361979166666666 0.6180555555555556 0.0421875 0.21944444444444444
1 0.4471354166666667 0.5736111111111112 0.0171875 0.10277777777777779
1 0.42578125 0.6078703703703704 0.04114583333333333 0.18055555555555555
1 0.3971354166666667 0.5694444444444444 0.0203125 0.09444444444444444
1 0.3703125 0.5745370370370371 0.027083333333333334 0.10833333333333334
1 0.25625 0.5597222222222222 0.011458333333333333 0.075
1 0.24869791666666666 0.5842592592592593 0.0234375 0.11296296296296297
1 0.13177083333333334 0.6074074074074074 0.027083333333333334 0.16296296296296298
1 0.04739583333333333 0.6518518518518519 0.041666666666666664 0.23703703703703705
