1 0.7768229166666667 0.5930555555555556 0.0359375 0.18425925925925926
1 0.71796875 0.6027777777777777 0.034895833333333334 0.2
1 0.5908854166666666 0.5851851851851853 0.033854166666666664 0.16481481481481483
1 0.5557291666666666 0.563425925925926 0.020833333333333332 0.10648148148148148
1 0.5333333333333333 0.6180555555555556 0.059375 0.21574074074074076
1 0.48151041666666666 0.5708333333333333 0.022395833333333334 0.10092592592592593
1 0.46171875 0.6092592592592593 0.0484375 0.20185185185185187
1 0.40963541666666664 0.5745370370370371 0.033854166666666664 0.09351851851851853
1 0.3341145833333333 0.6064814814814815 0.034895833333333334 0.1537037037037037
1 0.2953125 0.5861111111111111 0.029166666666666667 0.13148148148148148
1 0.26848958333333334 0.5726851851851852 0.024479166666666666 0.10462962962962963
1 0.171875 0.6023148148148149 0.030208333333333334 0.12685185185185185
1 0.05130208333333333 0.5976851851851852 0.033854166666666664 0.10462962962962963
1 0.01171875 0.663425925925926 0.0234375 0.25277777777777777
