1 0.7333333333333333 0.3092592592592593 0.027083333333333334 0.11111111111111112
1 0.6973958333333333 0.35000000000000003 0.058333333333333334 0.1574074074074074
1 0.6885416666666666 0.31712962962962965 0.03333333333333333 0.13055555555555556
1 0.5377604166666666 0.36944444444444446 0.0484375 0.21851851851851853
1 0.4236979166666667 0.3101851851851852 0.025520833333333333 0.08888888888888889
1 0.30442708333333335 0.34351851851851856 0.033854166666666664 0.12037037037037038
1 0.2825520833333333 0.33842592592592596 0.0328125 0.13425925925925927
1 0.2520833333333333 0.35555555555555557 0.04583333333333333 0.1574074074074074
1 0.23098958333333333 0.3226851851851852 0.021354166666666667 0.09537037037037037
1 0.18098958333333334 0.3375 0.0359375 0.11203703703703705
1 0.14557291666666666 0.3314814814814815 0.022395833333333334 0.11666666666666667
1 0.12239583333333333 0.3662037037037037 0.03958333333333333 0.1787037037037037
0 0.6276041666666666 0.36388888888888893 0.014583333333333334 0.037037037037037035
