0 0.49192708333333335 0.4277777777777778 0.0171875 0.03333333333333333
1 0.6807291666666666 0.32962962962962966 0.029166666666666667 0.11296296296296297
1 0.5158854166666667 0.3680555555555556 0.033854166666666664 0.1787037037037037
1 0.4875 0.33935185185185185 0.030208333333333334 0.10833333333333334
1 0.26510416666666664 0.3509259259259259 0.03125 0.12407407407407407
1 0.20755208333333333 0.3527777777777778 0.034895833333333334 0.15185185185185185
1 0.17057291666666666 0.34120370370370373 0.034895833333333334 0.10092592592592593
1 0.11901041666666666 0.3888888888888889 0.05677083333333333 0.1962962962962963
1 0.11901041666666666 0.3768518518518519 0.030729166666666665 0.16111111111111112
1 0.026041666666666668 0.3995370370370371 0.04583333333333333 0.2101851851851852
