1 0.80859375 0.5680555555555555 0.021354166666666667 0.10092592592592593
1 0.7739583333333333 0.6152777777777778 0.03229166666666666 0.1824074074074074
1 0.72421875 0.625 0.0421875 0.19444444444444445
1 0.5888020833333333 0.6171296296296297 0.033854166666666664 0.14722222222222223
1 0.5221354166666666 0.5861111111111111 0.0171875 0.08888888888888889
1 0.503125 0.6069444444444445 0.026041666666666668 0.10092592592592593
1 0.5354166666666667 0.6509259259259259 0.06145833333333333 0.20740740740740743
1 0.45 0.6402777777777778 0.04479166666666667 0.17500000000000002
1 0.409375 0.6055555555555556 0.029166666666666667 0.08518518518518518
1 0.33671875 0.6462962962962964 0.0265625 0.15185185185185185
1 0.31276041666666665 0.6171296296296297 0.0234375 0.10833333333333334
1 0.26015625 0.6217592592592592 0.021354166666666667 0.09166666666666667
1 0.19635416666666666 0.6453703703703704 0.030208333333333334 0.12222222222222223
1 0.0546875 0.6625 0.025 0.10277777777777779
1 0.014322916666666666 0.7208333333333333 0.028645833333333332 0.24722222222222223
