0 0.8932291666666666 0.4851851851851852 0.015625 0.03888888888888889
1 0.9520833333333333 0.39351851851851855 0.06145833333333333 0.20925925925925926
1 0.6385416666666667 0.3666666666666667 0.028125 0.13148148148148148
1 0.53671875 0.3819444444444445 0.03697916666666667 0.13611111111111113
1 0.32838541666666665 0.4324074074074074 0.06614583333333333 0.21296296296296297
1 0.3520833333333333 0.39212962962962966 0.03229166666666666 0.14351851851851852
1 0.2591145833333333 0.41805555555555557 0.050520833333333334 0.18425925925925926
1 0.24114583333333334 0.3717592592592593 0.028125 0.10277777777777779
1 0.19973958333333333 0.40324074074074073 0.0484375 0.15092592592592594
1 0.10963541666666667 0.4462962962962963 0.049479166666666664 0.23703703703703705
