0 0.21145833333333333 0.6189814814814815 0.013541666666666667 0.026851851851851852
1 0.8184895833333333 0.6069444444444445 0.0359375 0.1398148148148148
1 0.78515625 0.5907407407407408 0.0234375 0.11851851851851852
1 0.5083333333333333 0.5810185185185185 0.03125 0.11018518518518519
1 0.4778645833333333 0.5675925925925926 0.018229166666666668 0.07962962962962963
1 0.44375 0.5712962962962963 0.020833333333333332 0.07962962962962963
1 0.27630208333333334 0.5782407407407407 0.0203125 0.09351851851851853
1 0.24765625 0.576388888888889 0.0234375 0.08981481481481482
1 0.22265625 0.576388888888889 0.024479166666666666 0.09351851851851853
1 0.1828125 0.5731481481481482 0.01875 0.07592592592592592
1 0.13567708333333334 0.5819444444444445 0.025520833333333333 0.10092592592592593
1 0.11223958333333334 0.5703703703703704 0.019270833333333334 0.0925925925925926
1 0.09140625 0.5597222222222222 0.022395833333333334 0.08796296296296297
