0 0.5893229166666667 0.4412037037037037 0.019270833333333334 0.028703703703703703
1 0.6473958333333333 0.3476851851851852 0.030208333333333334 0.14166666666666666
1 0.6015625 0.37824074074074077 0.041666666666666664 0.18611111111111112
1 0.4661458333333333 0.3564814814814815 0.034375 0.11666666666666667
1 0.23880208333333333 0.37824074074074077 0.03697916666666667 0.15092592592592594
1 0.21041666666666667 0.3731481481481482 0.027083333333333334 0.12962962962962962
1 0.14296875 0.3662037037037037 0.022395833333333334 0.10462962962962963
1 0.06588541666666667 0.4305555555555556 0.049479166666666664 0.22592592592592595
1 0.03177083333333333 0.3939814814814815 0.028125 0.13240740740740742
1 0.05755208333333333 0.41435185185185186 0.019270833333333334 0.18796296296296297
