1 0.7020833333333333 0.5916666666666667 0.029166666666666667 0.19444444444444445
1 0.7182291666666667 0.5685185185185185 0.0125 0.16296296296296298
1 0.6526041666666667 0.6101851851851852 0.042708333333333334 0.20370370370370372
1 0.64296875 0.5143518518518518 0.025520833333333333 0.058333333333333334
1 0.5244791666666666 0.5791666666666667 0.03229166666666666 0.14907407407407408
1 0.47161458333333334 0.6180555555555556 0.05260416666666667 0.22314814814814815
1 0.4471354166666667 0.5527777777777778 0.025520833333333333 0.13148148148148148
1 0.4067708333333333 0.5481481481481482 0.026041666666666668 0.11111111111111112
1 0.3489583333333333 0.5569444444444445 0.03125 0.10833333333333334
1 0.29765625 0.6027777777777777 0.0515625 0.20370370370370372
1 0.26171875 0.5888888888888889 0.0359375 0.1574074074074074
1 0.22239583333333332 0.5518518518518519 0.03125 0.11111111111111112
1 0.184375 0.5439814814814815 0.03125 0.10648148148148148
1 0.12343749999999999 0.5675925925925926 0.034375 0.12222222222222223
