1 0.79375 0.5421296296296296 0.015625 0.14537037037037037
1 0.77421875 0.5578703703703703 0.034895833333333334 0.18425925925925926
1 0.7143229166666667 0.5666666666666667 0.03802083333333333 0.19444444444444445
1 0.5989583333333334 0.5509259259259259 0.027083333333333334 0.15925925925925927
1 0.58125 0.5171296296296296 0.014583333333333334 0.10277777777777779
1 0.5401041666666666 0.5800925925925926 0.059375 0.2064814814814815
1 0.47109375 0.5675925925925926 0.03802083333333333 0.1925925925925926
1 0.41562499999999997 0.5296296296296297 0.03229166666666666 0.0962962962962963
1 0.33229166666666665 0.562962962962963 0.035416666666666666 0.15925925925925927
1 0.2947916666666667 0.5347222222222222 0.01875 0.09166666666666667
1 0.2791666666666667 0.55 0.02395833333333333 0.11111111111111112
1 0.1734375 0.5555555555555556 0.027083333333333334 0.12592592592592594
1 0.0609375 0.5625 0.030208333333333334 0.10462962962962963
1 0.01875 0.6129629629629629 0.03125 0.23333333333333334
