1 0.7903645833333334 0.25462962962962965 0.033854166666666664 0.1537037037037037
1 0.7505208333333333 0.2986111111111111 0.05 0.25277777777777777
1 0.7052083333333333 0.25972222222222224 0.046875 0.1675925925925926
1 0.65859375 0.30324074074074076 0.050520833333333334 0.25092592592592594
1 0.678125 0.27314814814814814 0.04479166666666667 0.20185185185185187
1 0.61171875 0.25972222222222224 0.0390625 0.15092592592592594
1 0.4125 0.2518518518518519 0.030208333333333334 0.11666666666666667
1 0.3223958333333333 0.3148148148148148 0.06041666666666667 0.2351851851851852
1 0.24557291666666667 0.2712962962962963 0.0328125 0.14814814814814814
1 0.1765625 0.29074074074074074 0.04479166666666667 0.17037037037037037
1 0.029427083333333333 0.2916666666666667 0.034895833333333334 0.1462962962962963
