1 0.9640624999999999 0.5537037037037037 0.046875 0.20370370370370372
1 0.7869791666666667 0.5375 0.025 0.15092592592592594
1 0.765625 0.5606481481481481 0.029166666666666667 0.18611111111111112
1 0.7177083333333333 0.5638888888888889 0.04479166666666667 0.1925925925925926
1 0.5916666666666667 0.5425925925925926 0.03229166666666666 0.16481481481481483
1 0.5385416666666667 0.5768518518518518 0.058333333333333334 0.20370370370370372
1 0.45651041666666664 0.5666666666666667 0.03802083333333333 0.18703703703703706
1 0.41822916666666665 0.5319444444444444 0.030208333333333334 0.10092592592592593
1 0.31328125 0.5703703703703704 0.03802083333333333 0.15925925925925927
1 0.29765625 0.5324074074074074 0.022395833333333334 0.09074074074074075
1 0.2703125 0.5453703703703704 0.028125 0.11296296296296297
1 0.17109375 0.5546296296296297 0.028645833333333332 0.1277777777777778
1 0.05625 0.5550925925925926 0.026041666666666668 0.10462962962962963
1 0.014322916666666666 0.6074074074074074 0.024479166666666666 0.2518518518518519
