1 0.7294270833333333 0.6143518518518519 0.03697916666666667 0.18796296296296297
1 0.7041666666666666 0.5861111111111111 0.027083333333333334 0.13148148148148148
1 0.6463541666666667 0.5782407407407407 0.01875 0.11203703703703705
1 0.5494791666666666 0.6277777777777778 0.058333333333333334 0.20370370370370372
1 0.528125 0.5888888888888889 0.029166666666666667 0.15
1 0.5049479166666666 0.5722222222222223 0.024479166666666666 0.10925925925925926
1 0.47291666666666665 0.5685185185185185 0.026041666666666668 0.0925925925925926
1 0.4388020833333333 0.5773148148148148 0.024479166666666666 0.10277777777777779
1 0.390625 0.5685185185185185 0.03125 0.0962962962962963
1 0.37005208333333334 0.5976851851851852 0.03697916666666667 0.14722222222222223
1 0.321875 0.5833333333333334 0.030208333333333334 0.12222222222222223
1 0.28828125 0.5726851851851852 0.0234375 0.10462962962962963
1 0.10598958333333333 0.6337962962962963 0.0359375 0.22685185185185186
1 0.08203125 0.6111111111111112 0.0328125 0.15925925925925927
1 0.0390625 0.5995370370370371 0.03125 0.125
0 0.340625 0.6277777777777778 0.016666666666666666 0.040740740740740744
