1 0.690625 0.6236111111111111 0.042708333333333334 0.18425925925925926
1 0.6536458333333334 0.587962962962963 0.025 0.11666666666666667
1 0.63125 0.6342592592592593 0.040625 0.19814814814814816
1 0.50859375 0.6129629629629629 0.0390625 0.15555555555555556
1 0.45989583333333334 0.6541666666666667 0.06041666666666667 0.2138888888888889
1 0.434375 0.5925925925925926 0.029166666666666667 0.12592592592592594
1 0.40859375 0.5907407407407408 0.022395833333333334 0.11111111111111112
1 0.33125 0.5810185185185185 0.027083333333333334 0.10277777777777779
1 0.3046875 0.638425925925926 0.04583333333333333 0.2101851851851852
1 0.24713541666666666 0.6240740740740741 0.0359375 0.1574074074074074
1 0.21510416666666665 0.5888888888888889 0.030208333333333334 0.11481481481481481
1 0.16901041666666666 0.5967592592592593 0.024479166666666666 0.11018518518518519
1 0.10104166666666667 0.6064814814814815 0.034375 0.12962962962962962
