1 0.9091145833333333 0.5439814814814815 0.0359375 0.13796296296296298
1 0.7658854166666667 0.5907407407407408 0.0359375 0.17222222222222222
1 0.78125 0.5712962962962963 0.017708333333333333 0.1574074074074074
1 0.7140625 0.5953703703703704 0.04479166666666667 0.19814814814814816
1 0.5872395833333334 0.5847222222222223 0.0390625 0.14537037037037037
1 0.5299479166666666 0.6152777777777778 0.05260416666666667 0.2212962962962963
1 0.5518229166666666 0.5587962962962963 0.022395833333333334 0.125
1 0.48515625 0.5657407407407408 0.019270833333333334 0.12592592592592594
1 0.465625 0.6064814814814815 0.042708333333333334 0.1962962962962963
1 0.41015625 0.5703703703703704 0.027604166666666666 0.12037037037037038
1 0.32786458333333335 0.5995370370370371 0.033854166666666664 0.15833333333333333
1 0.2994791666666667 0.5824074074074075 0.016666666666666666 0.12037037037037038
1 0.2671875 0.5810185185185185 0.03125 0.11018518518518519
1 0.18072916666666666 0.5916666666666667 0.030208333333333334 0.1277777777777778
1 0.04973958333333333 0.6064814814814815 0.03697916666666667 0.11481481481481481
1 0.009375 0.6620370370370371 0.01875 0.23703703703703705
