0 0.7369791666666666 0.49074074074074076 0.016666666666666666 0.03888888888888889
1 0.8088541666666667 0.4083333333333333 0.05 0.2111111111111111
1 0.6372395833333333 0.39305555555555555 0.03697916666666667 0.10277777777777779
1 0.4973958333333333 0.38981481481481484 0.030208333333333334 0.13148148148148148
1 0.26848958333333334 0.40046296296296297 0.03177083333333333 0.13796296296296298
1 0.22135416666666666 0.44722222222222224 0.058333333333333334 0.20370370370370372
1 0.21041666666666667 0.41435185185185186 0.027083333333333334 0.14537037037037037
1 0.19296875 0.3962962962962963 0.025520833333333333 0.11851851851851852
1 0.146875 0.4671296296296297 0.041666666666666664 0.2564814814814815
1 0.16041666666666665 0.4226851851851852 0.028125 0.1675925925925926
