1 0.6770833333333334 0.33842592592592596 0.029166666666666667 0.12685185185185185
1 0.5372395833333333 0.3703703703703704 0.049479166666666664 0.16666666666666669
1 0.4822916666666667 0.35462962962962963 0.03125 0.12407407407407407
1 0.2505208333333333 0.36574074074074076 0.029166666666666667 0.12222222222222223
1 0.21458333333333332 0.375462962962963 0.042708333333333334 0.14537037037037037
1 0.16041666666666665 0.36064814814814816 0.02395833333333333 0.11574074074074074
1 0.09375 0.39861111111111114 0.040625 0.18055555555555555
1 0.06979166666666667 0.4152777777777778 0.041666666666666664 0.18981481481481483
1 0.04244791666666667 0.41805555555555557 0.06510416666666667 0.20462962962962963
1 0.018229166666666668 0.3888888888888889 0.02395833333333333 0.12962962962962962
0 0.509375 0.44351851851851853 0.017708333333333333 0.03333333333333333
