1 0.7450520833333333 0.31203703703703706 0.025520833333333333 0.11666666666666667
1 0.6893229166666667 0.33842592592592596 0.03802083333333333 0.18425925925925926
1 0.709375 0.33611111111111114 0.030208333333333334 0.16481481481481483
1 0.5434895833333333 0.3703703703703704 0.0546875 0.21666666666666667
1 0.46067708333333335 0.3111111111111111 0.025520833333333333 0.07962962962962963
1 0.40182291666666664 0.3402777777777778 0.0359375 0.14537037037037037
1 0.3697916666666667 0.33472222222222225 0.028125 0.14166666666666666
1 0.2796875 0.32222222222222224 0.03333333333333333 0.07777777777777778
1 0.25234375 0.33935185185185185 0.021354166666666667 0.08981481481481482
1 0.19114583333333332 0.3597222222222222 0.042708333333333334 0.16203703703703703
1 0.21015625 0.3337962962962963 0.022395833333333334 0.10462962962962963
1 0.02734375 0.3453703703703704 0.021354166666666667 0.12407407407407407
1 0.033854166666666664 0.31574074074074077 0.0125 0.07777777777777778
