1 0.7953125 0.5361111111111111 0.030208333333333334 0.1574074074074074
1 0.7723958333333333 0.5310185185185186 0.017708333333333333 0.14166666666666666
1 0.71875 0.5750000000000001 0.040625 0.20740740740740743
1 0.6408854166666667 0.5199074074074074 0.027604166666666666 0.11203703703703705
1 0.5989583333333334 0.549074074074074 0.027083333333333334 0.15925925925925927
1 0.5557291666666666 0.5800925925925926 0.057291666666666664 0.2064814814814815
1 0.4622395833333333 0.5615740740740741 0.028645833333333332 0.17685185185185187
1 0.4140625 0.5305555555555556 0.025 0.09444444444444444
1 0.3020833333333333 0.5509259259259259 0.027083333333333334 0.13148148148148148
1 0.2734375 0.5412037037037037 0.026041666666666668 0.10092592592592593
1 0.1875 0.5620370370370371 0.028125 0.11851851851851852
1 0.16380208333333332 0.5907407407407408 0.0390625 0.16481481481481483
1 0.08046875 0.575462962962963 0.0265625 0.09166666666666667
1 0.022916666666666665 0.6189814814814815 0.04375 0.2212962962962963
