1 0.73046875 0.6180555555555556 0.025520833333333333 0.18425925925925926
1 0.7075520833333333 0.5851851851851853 0.022395833333333334 0.16481481481481483
1 0.64296875 0.5666666666666667 0.025520833333333333 0.11666666666666667
1 0.5317708333333333 0.5828703703703704 0.015625 0.14907407407407408
1 0.54921875 0.6268518518518519 0.06614583333333333 0.19814814814814816
1 0.5096354166666667 0.5722222222222223 0.0234375 0.12037037037037038
1 0.4817708333333333 0.5694444444444444 0.026041666666666668 0.09444444444444444
1 0.4341145833333333 0.5773148148148148 0.024479166666666666 0.09907407407407408
1 0.3859375 0.5703703703703704 0.029166666666666667 0.08888888888888889
1 0.3638020833333333 0.6055555555555556 0.0359375 0.16296296296296298
1 0.32447916666666665 0.5907407407407408 0.03854166666666667 0.12592592592592594
1 0.28072916666666664 0.5708333333333333 0.029166666666666667 0.10092592592592593
1 0.10598958333333333 0.6421296296296296 0.049479166666666664 0.2175925925925926
1 0.08098958333333334 0.6101851851851852 0.027604166666666666 0.1537037037037037
1 0.03567708333333333 0.5907407407407408 0.0265625 0.13333333333333333
0 0.33567708333333335 0.625 0.01614583333333333 0.05
