1 0.7796875 0.5481481481481482 0.034375 0.16111111111111112
1 0.73046875 0.5277777777777778 0.0234375 0.13518518518518519
1 0.7125 0.5787037037037037 0.03958333333333333 0.2
1 0.6924479166666666 0.5606481481481481 0.021354166666666667 0.18981481481481483
1 0.6440104166666667 0.5236111111111111 0.021354166666666667 0.10833333333333334
1 0.59375 0.5462962962962963 0.03229166666666666 0.15
1 0.5533854166666666 0.5842592592592593 0.05260416666666667 0.20555555555555557
1 0.46380208333333334 0.5694444444444444 0.03697916666666667 0.17592592592592593
1 0.40963541666666664 0.5337962962962963 0.024479166666666666 0.10092592592592593
1 0.3263020833333333 0.5462962962962963 0.0234375 0.11111111111111112
1 0.26848958333333334 0.5430555555555556 0.0265625 0.10092592592592593
1 0.20078125 0.5597222222222222 0.0328125 0.1175925925925926
1 0.1453125 0.5861111111111111 0.03125 0.15925925925925927
1 0.07473958333333333 0.5685185185185185 0.03177083333333333 0.08148148148148149
1 0.0328125 0.6324074074074074 0.04791666666666666 0.23703703703703705
