1 0.7763020833333333 0.5662037037037038 0.0328125 0.17500000000000002
1 0.7903645833333334 0.5444444444444445 0.018229166666666668 0.16111111111111112
1 0.7171875 0.587037037037037 0.04375 0.1962962962962963
1 0.5932291666666667 0.5625 0.029166666666666667 0.15092592592592594
1 0.57109375 0.5314814814814816 0.022395833333333334 0.11296296296296297
1 0.5416666666666666 0.6013888888888889 0.05625 0.2175925925925926
1 0.47109375 0.5856481481481481 0.04010416666666666 0.17500000000000002
1 0.4161458333333333 0.5439814814814815 0.029166666666666667 0.09907407407407408
1 0.3385416666666667 0.5773148148148148 0.03229166666666666 0.14907407407407408
1 0.2869791666666667 0.5606481481481481 0.030208333333333334 0.13240740740740742
1 0.17161458333333332 0.5773148148148148 0.034895833333333334 0.13425925925925927
1 0.057812499999999996 0.576388888888889 0.029166666666666667 0.10092592592592593
1 0.01614583333333333 0.625462962962963 0.030208333333333334 0.25462962962962965
