1 0.87109375 0.5976851851851852 0.03802083333333333 0.13240740740740742
1 0.8195312499999999 0.5819444444444445 0.033854166666666664 0.11203703703703705
1 0.5450520833333333 0.5800925925925926 0.022395833333333334 0.10462962962962963
1 0.5221354166666666 0.563425925925926 0.019270833333333334 0.09166666666666667
1 0.4453125 0.5703703703703704 0.027083333333333334 0.08518518518518518
1 0.3419270833333333 0.5819444444444445 0.0328125 0.10092592592592593
1 0.30703125 0.5731481481481482 0.025520833333333333 0.09074074074074075
1 0.2903645833333333 0.5712962962962963 0.025520833333333333 0.07592592592592592
1 0.19583333333333333 0.5888888888888889 0.03333333333333333 0.10740740740740741
1 0.13697916666666665 0.5930555555555556 0.026041666666666668 0.10277777777777779
1 0.12916666666666665 0.5837962962962964 0.028125 0.10833333333333334
1 0.10833333333333334 0.5842592592592593 0.03333333333333333 0.11296296296296297
