1 0.7630208333333334 0.7277777777777779 0.04583333333333333 0.18703703703703706
1 0.7072916666666667 0.7412037037037037 0.046875 0.18981481481481483
1 0.5791666666666666 0.7277777777777779 0.041666666666666664 0.14814814814814814
1 0.5294270833333333 0.7703703703703704 0.05364583333333333 0.22962962962962963
1 0.4986979166666667 0.7101851851851853 0.025520833333333333 0.12037037037037038
1 0.41796875 0.7587962962962963 0.03697916666666667 0.18611111111111112
1 0.39609375 0.7101851851851853 0.022395833333333334 0.0925925925925926
1 0.31979166666666664 0.750925925925926 0.029166666666666667 0.15925925925925927
1 0.29661458333333335 0.7226851851851852 0.024479166666666666 0.10648148148148148
1 0.24505208333333334 0.7287037037037037 0.022395833333333334 0.09444444444444444
1 0.17838541666666666 0.7453703703703703 0.0234375 0.11666666666666667
1 0.03333333333333333 0.7587962962962963 0.029166666666666667 0.11574074074074074
