0 0.5473958333333333 0.34490740740740744 0.013541666666666667 0.026851851851851852
1 0.7919270833333333 0.2898148148148148 0.0390625 0.1962962962962963
1 0.74453125 0.27731481481481485 0.03802083333333333 0.15462962962962964
1 0.6653645833333334 0.2740740740740741 0.03697916666666667 0.12962962962962962
1 0.5927083333333333 0.34351851851851856 0.06875 0.23703703703703705
1 0.50859375 0.2967592592592593 0.03697916666666667 0.1824074074074074
1 0.5348958333333333 0.2800925925925926 0.03125 0.1175925925925926
1 0.41796875 0.28194444444444444 0.027604166666666666 0.12685185185185185
1 0.32708333333333334 0.3023148148148148 0.04375 0.14351851851851852
1 0.27760416666666665 0.2962962962962963 0.027083333333333334 0.12407407407407407
1 0.18489583333333334 0.2898148148148148 0.028125 0.09814814814814815
1 0.20026041666666666 0.28703703703703703 0.0203125 0.08888888888888889
1 0.04635416666666667 0.30462962962962964 0.030208333333333334 0.08888888888888889
