1 0.8263020833333333 0.45555555555555555 0.06927083333333334 0.20555555555555557
1 0.6950520833333333 0.4305555555555556 0.03802083333333333 0.16296296296296298
1 0.63359375 0.42962962962962964 0.03177083333333333 0.1425925925925926
1 0.6171875 0.4703703703703704 0.057291666666666664 0.22777777777777777
1 0.5640625 0.4342592592592593 0.04479166666666667 0.15185185185185185
1 0.4895833333333333 0.47361111111111115 0.04791666666666666 0.2175925925925926
1 0.3619791666666667 0.42314814814814816 0.028125 0.11666666666666667
1 0.2739583333333333 0.43333333333333335 0.03125 0.15
1 0.184375 0.49953703703703706 0.07604166666666666 0.26944444444444443
1 0.19947916666666665 0.4569444444444445 0.03229166666666666 0.18055555555555555
