1 0.77421875 0.5347222222222222 0.03697916666666667 0.14537037037037037
1 0.7377604166666667 0.5259259259259259 0.024479166666666666 0.12407407407407407
1 0.7114583333333333 0.5745370370370371 0.034375 0.18611111111111112
1 0.6901041666666666 0.5615740740740741 0.03229166666666666 0.17314814814814816
1 0.6424479166666667 0.5240740740740741 0.022395833333333334 0.12407407407407407
1 0.5947916666666666 0.5421296296296296 0.03229166666666666 0.1527777777777778
1 0.5541666666666667 0.587962962962963 0.04479166666666667 0.20555555555555557
1 0.46041666666666664 0.5703703703703704 0.04375 0.18333333333333335
1 0.40729166666666666 0.5375 0.03333333333333333 0.10462962962962963
1 0.3171875 0.5444444444444445 0.030208333333333334 0.11851851851851852
1 0.26848958333333334 0.5402777777777777 0.0203125 0.10648148148148148
1 0.196875 0.5569444444444445 0.029166666666666667 0.11203703703703705
1 0.14088541666666665 0.5861111111111111 0.03802083333333333 0.15925925925925927
1 0.07604166666666666 0.5685185185185185 0.03125 0.0925925925925926
1 0.025 0.6171296296296297 0.04791666666666666 0.25277777777777777
