1 0.7752604166666667 0.587962962962963 0.05677083333333333 0.19444444444444445
1 0.734375 0.563425925925926 0.03125 0.13425925925925927
1 0.7197916666666666 0.5509259259259259 0.025 0.0925925925925926
1 0.47109375 0.5412037037037037 0.0265625 0.09722222222222222
1 0.41953124999999997 0.5375 0.022395833333333334 0.08981481481481482
1 0.3145833333333333 0.5782407407407407 0.04479166666666667 0.14722222222222223
1 0.31328125 0.5472222222222223 0.0203125 0.11296296296296297
1 0.26510416666666664 0.5393518518518519 0.03125 0.11203703703703705
1 0.17317708333333334 0.549074074074074 0.0359375 0.13148148148148148
1 0.06692708333333333 0.5365740740740741 0.033854166666666664 0.10277777777777779
0 0.41822916666666665 0.5685185185185185 0.014583333333333334 0.02777777777777778
