1 0.7739583333333333 0.5351851851851852 0.028125 0.16666666666666669
1 0.7466145833333333 0.5296296296296297 0.0265625 0.14444444444444446
1 0.71640625 0.5740740740740741 0.028645833333333332 0.20555555555555557
1 0.6895833333333333 0.563425925925926 0.025 0.16944444444444445
1 0.6432291666666666 0.5277777777777778 0.028125 0.11296296296296297
1 0.5955729166666667 0.549074074074074 0.024479166666666666 0.14814814814814814
1 0.5518229166666666 0.5847222222222223 0.05364583333333333 0.21203703703703705
1 0.46328125 0.5745370370370371 0.0359375 0.1824074074074074
1 0.4067708333333333 0.5328703703703704 0.03229166666666666 0.09907407407407408
1 0.30833333333333335 0.5546296296296297 0.028125 0.12407407407407407
1 0.2674479166666667 0.5430555555555556 0.0265625 0.10092592592592593
1 0.18776041666666665 0.5615740740740741 0.033854166666666664 0.11388888888888889
1 0.13984375 0.587037037037037 0.04010416666666666 0.16481481481481483
1 0.07526041666666666 0.5652777777777778 0.034895833333333334 0.09537037037037037
1 0.0234375 0.6138888888888889 0.042708333333333334 0.25
