0 0.95546875 0.3597222222222222 0.019270833333333334 0.032407407407407406
1 0.7908854166666667 0.2606481481481482 0.03697916666666667 0.16944444444444445
1 0.7505208333333333 0.32083333333333336 0.075 0.26944444444444443
1 0.7252604166666666 0.2763888888888889 0.033854166666666664 0.16944444444444445
1 0.68515625 0.3111111111111111 0.07135416666666666 0.24629629629629632
1 0.628125 0.2916666666666667 0.046875 0.2
1 0.5984375 0.2740740740740741 0.04375 0.16111111111111112
1 0.40625 0.26944444444444443 0.03125 0.1277777777777778
1 0.3229166666666667 0.32175925925925924 0.04791666666666666 0.2212962962962963
1 0.2359375 0.28611111111111115 0.03125 0.15
1 0.16380208333333332 0.30324074074074076 0.043229166666666666 0.16944444444444445
1 0.03177083333333333 0.3013888888888889 0.03229166666666666 0.14537037037037037
