0 0.44817708333333334 0.3189814814814815 0.009895833333333333 0.028703703703703703
1 0.7606770833333333 0.2847222222222222 0.05260416666666667 0.18611111111111112
1 0.6481770833333333 0.28240740740740744 0.04010416666666666 0.16111111111111112
1 0.63984375 0.26666666666666666 0.025520833333333333 0.11111111111111112
1 0.5830729166666666 0.27824074074074073 0.033854166666666664 0.14166666666666666
1 0.4953125 0.32962962962962966 0.06145833333333333 0.22222222222222224
1 0.4046875 0.2833333333333333 0.03229166666666666 0.12037037037037038
1 0.41562499999999997 0.28194444444444444 0.03229166666666666 0.11018518518518519
1 0.43046875 0.27222222222222225 0.021354166666666667 0.10740740740740741
1 0.309375 0.2898148148148148 0.030208333333333334 0.09444444444444444
1 0.23828125 0.3101851851851852 0.04739583333333333 0.14444444444444446
1 0.2421875 0.287962962962963 0.016666666666666666 0.09444444444444444
1 0.15651041666666665 0.2962962962962963 0.024479166666666666 0.08518518518518518
1 0.04401041666666666 0.3212962962962963 0.0328125 0.12222222222222223
