1 0.8684895833333334 0.5347222222222222 0.03802083333333333 0.18055555555555555
1 0.7859375 0.5351851851851852 0.027083333333333334 0.16296296296296298
1 0.7583333333333333 0.5606481481481481 0.034375 0.18981481481481483
1 0.7072916666666667 0.562962962962963 0.03125 0.19814814814814816
1 0.61796875 0.5162037037037037 0.0265625 0.11203703703703705
1 0.5893229166666667 0.5481481481481482 0.030729166666666665 0.15
1 0.5401041666666666 0.5851851851851853 0.059375 0.20740740740740743
1 0.46901041666666665 0.5351851851851852 0.0203125 0.11666666666666667
1 0.4432291666666667 0.5671296296296297 0.03333333333333333 0.17685185185185187
1 0.40963541666666664 0.5287037037037037 0.022395833333333334 0.09074074074074075
1 0.2903645833333333 0.5430555555555556 0.011979166666666666 0.10462962962962963
1 0.271875 0.5791666666666667 0.03333333333333333 0.1564814814814815
1 0.16822916666666665 0.5578703703703703 0.026041666666666668 0.12685185185185185
1 0.05364583333333333 0.5666666666666667 0.027083333333333334 0.11296296296296297
1 0.012239583333333333 0.6189814814814815 0.024479166666666666 0.23611111111111113
