1 0.9151041666666666 0.5421296296296296 0.04375 0.18425925925925926
1 0.7846354166666667 0.5356481481481482 0.024479166666666666 0.15092592592592594
1 0.75546875 0.5578703703703703 0.03802083333333333 0.18055555555555555
1 0.7143229166666667 0.5666666666666667 0.04010416666666666 0.19444444444444445
1 0.5888020833333333 0.5444444444444445 0.03802083333333333 0.1537037037037037
1 0.53671875 0.5768518518518518 0.05677083333333333 0.20370370370370372
1 0.4466145833333333 0.5675925925925926 0.033854166666666664 0.17222222222222222
1 0.4119791666666667 0.5296296296296297 0.027083333333333334 0.0962962962962963
1 0.30104166666666665 0.5694444444444444 0.029166666666666667 0.1574074074074074
1 0.2778645833333333 0.5375 0.021354166666666667 0.125
1 0.16484375 0.5620370370370371 0.0328125 0.11851851851851852
1 0.05364583333333333 0.5666666666666667 0.029166666666666667 0.1277777777777778
1 0.01328125 0.6212962962962963 0.0265625 0.24074074074074076
