1 0.8143229166666667 0.5310185185185186 0.0234375 0.14166666666666666
1 0.7942708333333334 0.5342592592592593 0.028125 0.1574074074074074
1 0.734375 0.5550925925925926 0.03333333333333333 0.1712962962962963
1 0.7067708333333333 0.5731481481481482 0.04375 0.2111111111111111
1 0.6354166666666666 0.5259259259259259 0.028125 0.11666666666666667
1 0.59765625 0.5509259259259259 0.0265625 0.14444444444444446
1 0.5513020833333333 0.5810185185185185 0.05677083333333333 0.20462962962962963
1 0.465625 0.5671296296296297 0.042708333333333334 0.18055555555555555
1 0.421875 0.5333333333333333 0.029166666666666667 0.07777777777777778
1 0.30078125 0.5472222222222223 0.022395833333333334 0.11666666666666667
1 0.27630208333333334 0.5412037037037037 0.022395833333333334 0.09351851851851853
1 0.2 0.5800925925925926 0.029166666666666667 0.1712962962962963
1 0.1828125 0.5527777777777778 0.02395833333333333 0.12037037037037038
1 0.07630208333333333 0.5685185185185185 0.03697916666666667 0.11666666666666667
1 0.02109375 0.6208333333333333 0.0359375 0.2564814814814815
