0 0.4622395833333333 0.2976851851851852 0.013020833333333334 0.021296296296296296
1 0.7244791666666667 0.30648148148148147 0.029166666666666667 0.11666666666666667
1 0.6692708333333334 0.34305555555555556 0.029166666666666667 0.1787037037037037
1 0.6846354166666666 0.3375 0.021354166666666667 0.1675925925925926
1 0.5294270833333333 0.3731481481481482 0.05364583333333333 0.2388888888888889
1 0.4315104166666667 0.3092592592592593 0.0234375 0.09074074074074075
1 0.35078125 0.34351851851851856 0.03697916666666667 0.12037037037037038
1 0.3177083333333333 0.3462962962962963 0.03125 0.1537037037037037
1 0.24036458333333333 0.3189814814814815 0.024479166666666666 0.09537037037037037
1 0.20208333333333334 0.3337962962962963 0.030208333333333334 0.10092592592592593
1 0.15208333333333332 0.32962962962962966 0.029166666666666667 0.11666666666666667
1 0.13697916666666665 0.3574074074074074 0.03958333333333333 0.16111111111111112
