1 0.7796875 0.5703703703703704 0.034375 0.15925925925925927
1 0.70703125 0.5962962962962963 0.03697916666666667 0.20370370370370372
1 0.6817708333333333 0.5509259259259259 0.017708333333333333 0.10925925925925926
1 0.6364583333333333 0.5472222222222223 0.028125 0.11296296296296297
1 0.5682291666666667 0.5800925925925926 0.016666666666666666 0.1398148148148148
1 0.5434895833333333 0.6083333333333334 0.0484375 0.2
1 0.45677083333333335 0.5675925925925926 0.017708333333333333 0.09444444444444444
1 0.4388020833333333 0.5995370370370371 0.03802083333333333 0.1824074074074074
1 0.4049479166666667 0.5569444444444445 0.022395833333333334 0.10092592592592593
1 0.3703125 0.5606481481481481 0.027083333333333334 0.10833333333333334
1 0.2674479166666667 0.5569444444444445 0.024479166666666666 0.10462962962962963
1 0.24505208333333334 0.575462962962963 0.024479166666666666 0.13055555555555556
1 0.13984375 0.600462962962963 0.033854166666666664 0.16574074074074074
1 0.0609375 0.6435185185185185 0.04375 0.2388888888888889
