0 0.40390624999999997 0.5638888888888889 0.018229166666666668 0.037037037037037035
1 0.9653645833333333 0.39861111111111114 0.03697916666666667 0.1527777777777778
1 0.8195312499999999 0.44907407407407407 0.0515625 0.22777777777777777
1 0.8385416666666666 0.4101851851851852 0.046875 0.18888888888888888
1 0.5942708333333333 0.42453703703703705 0.04479166666666667 0.1712962962962963
1 0.6234375 0.3995370370370371 0.027083333333333334 0.1287037037037037
1 0.6330729166666667 0.3736111111111111 0.021354166666666667 0.09907407407407408
1 0.4783854166666667 0.4078703703703704 0.03697916666666667 0.14166666666666666
1 0.46875 0.3888888888888889 0.015625 0.08703703703703704
1 0.29296875 0.48194444444444445 0.06927083333333334 0.23055555555555557
1 0.31328125 0.45787037037037037 0.04739583333333333 0.2138888888888889
1 0.340625 0.4152777777777778 0.026041666666666668 0.10833333333333334
1 0.2817708333333333 0.4310185185185185 0.029166666666666667 0.1398148148148148
1 0.11458333333333333 0.44907407407407407 0.03229166666666666 0.1574074074074074
1 0.09947916666666666 0.4236111111111111 0.027083333333333334 0.09166666666666667
1 0.13177083333333334 0.42592592592592593 0.013541666666666667 0.11851851851851852
