0 0.32005208333333335 0.5361111111111111 0.018229166666666668 0.037037037037037035
1 0.9895833333333334 0.33287037037037037 0.019791666666666666 0.13796296296296298
1 0.8372395833333334 0.3740740740740741 0.05572916666666666 0.20555555555555557
1 0.8065104166666667 0.36944444444444446 0.0390625 0.1814814814814815
1 0.6739583333333333 0.3527777777777778 0.03125 0.1277777777777778
1 0.6502604166666667 0.33564814814814814 0.0203125 0.09722222222222222
1 0.6091145833333333 0.3773148148148148 0.0359375 0.17685185185185187
1 0.5348958333333333 0.375462962962963 0.03125 0.14166666666666666
1 0.49296875 0.3597222222222222 0.0234375 0.10648148148148148
1 0.3859375 0.3791666666666667 0.03125 0.10648148148148148
1 0.35703125 0.41250000000000003 0.03802083333333333 0.18425925925925926
1 0.3333333333333333 0.3962962962962963 0.03125 0.11851851851851852
1 0.2825520833333333 0.44583333333333336 0.05260416666666667 0.225
1 0.18723958333333332 0.4189814814814815 0.0390625 0.14351851851851852
1 0.15651041666666665 0.4013888888888889 0.024479166666666666 0.08981481481481482
1 0.13255208333333332 0.41111111111111115 0.025520833333333333 0.12037037037037038
