1 0.8205729166666667 0.45972222222222225 0.0515625 0.2212962962962963
1 0.7421875 0.4550925925925926 0.051041666666666666 0.18055555555555555
1 0.6958333333333333 0.46805555555555556 0.057291666666666664 0.18055555555555555
1 0.6096354166666667 0.4314814814814815 0.0234375 0.11481481481481481
1 0.42526041666666664 0.4828703703703704 0.049479166666666664 0.2175925925925926
1 0.3794270833333333 0.4652777777777778 0.033854166666666664 0.1398148148148148
1 0.24479166666666666 0.4518518518518519 0.029166666666666667 0.10925925925925926
1 0.1671875 0.5055555555555555 0.034375 0.1962962962962963
1 0.057812499999999996 0.6421296296296296 0.09166666666666666 0.4935185185185185
0 0.42682291666666666 0.5861111111111111 0.019270833333333334 0.04259259259259259
