1 0.6890625 0.6245370370370371 0.028125 0.14351851851851852
1 0.67109375 0.6055555555555556 0.0234375 0.10925925925925926
1 0.503125 0.5888888888888889 0.034375 0.08333333333333334
1 0.3859375 0.5962962962962963 0.03125 0.12222222222222223
1 0.3609375 0.587037037037037 0.030208333333333334 0.08703703703703704
1 0.3416666666666667 0.5861111111111111 0.030208333333333334 0.08888888888888889
1 0.23880208333333333 0.587962962962963 0.027604166666666666 0.11296296296296297
1 0.2 0.5898148148148148 0.029166666666666667 0.10925925925925926
1 0.15703125 0.5810185185185185 0.019270833333333334 0.09907407407407408
1 0.12786458333333334 0.5791666666666667 0.021354166666666667 0.08425925925925926
1 0.11510416666666666 0.587962962962963 0.035416666666666666 0.12037037037037038
1 0.05182291666666666 0.5837962962962964 0.027604166666666666 0.10092592592592593
1 0.07760416666666667 0.5750000000000001 0.014583333333333334 0.044444444444444446
