1 0.8458333333333333 0.08888888888888889 0.04583333333333333 0.17777777777777778
1 0.778125 0.05 0.027083333333333334 0.08888888888888889
1 0.70625 0.08333333333333334 0.03333333333333333 0.16666666666666669
1 0.6072916666666667 0.07175925925925926 0.030208333333333334 0.1398148148148148
1 0.45729166666666665 0.0638888888888889 0.030208333333333334 0.11666666666666667
1 0.41354166666666664 0.08101851851851852 0.041666666666666664 0.15092592592592594
1 0.3854166666666667 0.0587962962962963 0.03229166666666666 0.11018518518518519
1 0.26067708333333334 0.04212962962962963 0.018229166666666668 0.06944444444444445
1 0.23828125 0.06851851851851852 0.03177083333333333 0.11851851851851852
1 0.12838541666666667 0.09166666666666667 0.04010416666666666 0.16111111111111112
1 0.10572916666666667 0.055092592592592596 0.03229166666666666 0.09166666666666667
1 0.06796875 0.08287037037037037 0.04010416666666666 0.13611111111111113
