1 0.7885416666666667 0.6069444444444445 0.028125 0.13611111111111113
1 0.7770833333333333 0.587962962962963 0.015625 0.12037037037037038
1 0.48671875 0.5828703703703704 0.022395833333333334 0.10648148148148148
1 0.45 0.5768518518518518 0.017708333333333333 0.07962962962962963
1 0.23385416666666667 0.5847222222222223 0.027083333333333334 0.10648148148148148
1 0.20625 0.5773148148148148 0.028125 0.08796296296296297
1 0.17604166666666665 0.5837962962962964 0.016666666666666666 0.09351851851851853
1 0.18854166666666666 0.5800925925925926 0.01875 0.08611111111111111
1 0.15494791666666666 0.5712962962962963 0.019270833333333334 0.07962962962962963
1 0.12786458333333334 0.5791666666666667 0.019270833333333334 0.08796296296296297
1 0.05859375 0.5819444444444445 0.021354166666666667 0.08611111111111111
