1 0.9054687499999999 0.0912037037037037 0.03802083333333333 0.1787037037037037
1 0.83671875 0.07268518518518519 0.034895833333333334 0.14537037037037037
1 0.73203125 0.07453703703703704 0.0421875 0.14166666666666666
1 0.67890625 0.08425925925925926 0.0390625 0.16481481481481483
1 0.46171875 0.044444444444444446 0.027604166666666666 0.08518518518518518
1 0.4341145833333333 0.055092592592592596 0.022395833333333334 0.10277777777777779
1 0.38567708333333334 0.05601851851851852 0.0234375 0.10462962962962963
1 0.37109375 0.0375 0.019270833333333334 0.06759259259259259
1 0.23229166666666667 0.05694444444444444 0.028125 0.09907407407407408
1 0.19635416666666666 0.04027777777777778 0.026041666666666668 0.07685185185185185
1 0.13645833333333332 0.0763888888888889 0.03125 0.13796296296296298
0 0.18723958333333332 0.07453703703703704 0.011979166666666666 0.025
