1 0.87890625 0.0976851851851852 0.0359375 0.18055555555555555
1 0.8401041666666667 0.07453703703703704 0.041666666666666664 0.13796296296296298
1 0.7669270833333334 0.06666666666666667 0.0359375 0.12222222222222223
1 0.7197916666666666 0.05092592592592593 0.03125 0.08703703703703704
1 0.6658854166666667 0.04814814814814815 0.024479166666666666 0.08148148148148149
1 0.5036458333333333 0.08611111111111111 0.035416666666666666 0.16111111111111112
1 0.46953125 0.04259259259259259 0.0171875 0.08518518518518518
1 0.3658854166666667 0.06064814814814815 0.024479166666666666 0.10648148148148148
1 0.33567708333333335 0.05601851851851852 0.033854166666666664 0.10833333333333334
1 0.2565104166666667 0.0638888888888889 0.03697916666666667 0.12037037037037038
1 0.17057291666666666 0.04722222222222222 0.027604166666666666 0.09074074074074075
1 0.1515625 0.05787037037037037 0.034375 0.09722222222222222
1 0.13697916666666665 0.04212962962962963 0.030208333333333334 0.07314814814814816
0 0.3140625 0.030555555555555558 0.014583333333333334 0.031481481481481485
