0 0.1890625 0.6143518518518519 0.011458333333333333 0.028703703703703703
1 0.7796875 0.6111111111111112 0.03229166666666666 0.14444444444444446
1 0.7747395833333334 0.5949074074074074 0.022395833333333334 0.09907407407407408
1 0.48020833333333335 0.5898148148148148 0.025 0.10185185185185186
1 0.4875 0.5791666666666667 0.0125 0.08796296296296297
1 0.4578125 0.5768518518518518 0.017708333333333333 0.08333333333333334
1 0.43776041666666665 0.5731481481481482 0.022395833333333334 0.07962962962962963
1 0.21197916666666666 0.5856481481481481 0.028125 0.10462962962962963
1 0.18046875 0.5819444444444445 0.019270833333333334 0.08981481481481482
1 0.20572916666666666 0.5768518518518518 0.017708333333333333 0.07962962962962963
1 0.14817708333333332 0.5851851851851853 0.021354166666666667 0.08333333333333334
1 0.15833333333333333 0.5712962962962963 0.014583333333333334 0.07592592592592592
1 0.1359375 0.5740740740740741 0.014583333333333334 0.08518518518518518
1 0.05520833333333333 0.5810185185185185 0.026041666666666668 0.08425925925925926
