1 0.8705729166666667 0.09212962962962963 0.0390625 0.18055555555555555
1 0.7739583333333333 0.05601851851851852 0.030208333333333334 0.10092592592592593
1 0.74140625 0.09166666666666667 0.03697916666666667 0.16111111111111112
1 0.6760416666666667 0.08101851851851852 0.03333333333333333 0.15092592592592594
1 0.6328125 0.05 0.030208333333333334 0.0962962962962963
1 0.5075520833333333 0.07731481481481482 0.0546875 0.14351851851851852
1 0.4432291666666667 0.05787037037037037 0.03333333333333333 0.10462962962962963
1 0.42421875 0.05324074074074074 0.0265625 0.09907407407407408
1 0.396875 0.05 0.028125 0.08518518518518518
1 0.29244791666666664 0.0375 0.021354166666666667 0.0712962962962963
1 0.19401041666666666 0.0625 0.025520833333333333 0.10277777777777779
1 0.14765625 0.04351851851851852 0.0265625 0.07592592592592592
1 0.12135416666666667 0.07546296296296297 0.041666666666666664 0.13240740740740742
1 0.08619791666666667 0.06759259259259259 0.03802083333333333 0.12037037037037038
