1 0.6729166666666666 0.625462962962963 0.029166666666666667 0.14537037037037037
1 0.6583333333333333 0.6060185185185185 0.013541666666666667 0.10277777777777779
1 0.5234375 0.5944444444444444 0.030208333333333334 0.08333333333333334
1 0.3731770833333333 0.5986111111111111 0.021354166666666667 0.11388888888888889
1 0.38776041666666666 0.587037037037037 0.011979166666666666 0.08703703703703704
1 0.2552083333333333 0.5851851851851853 0.029166666666666667 0.11111111111111112
1 0.19583333333333333 0.5847222222222223 0.027083333333333334 0.10277777777777779
1 0.15364583333333334 0.5782407407407407 0.028125 0.08981481481481482
1 0.11458333333333333 0.5935185185185186 0.03229166666666666 0.1277777777777778
1 0.10833333333333334 0.5800925925925926 0.025 0.10092592592592593
1 0.05130208333333333 0.5888888888888889 0.0265625 0.10740740740740741
1 0.025260416666666667 0.5638888888888889 0.022395833333333334 0.07592592592592592
0 0.3971354166666667 0.6245370370370371 0.008854166666666666 0.02314814814814815
