0 0.13411458333333334 0.13472222222222222 0.013020833333333334 0.025
1 0.8630208333333333 0.1277777777777778 0.040625 0.20185185185185187
1 0.8294270833333334 0.08796296296296297 0.0265625 0.12962962962962962
1 0.7549479166666666 0.12268518518518519 0.0390625 0.18055555555555555
1 0.57265625 0.11203703703703705 0.03697916666666667 0.15925925925925927
1 0.5010416666666666 0.10324074074074074 0.030208333333333334 0.14537037037037037
1 0.43697916666666664 0.09166666666666667 0.026041666666666668 0.11851851851851852
1 0.4544270833333333 0.08657407407407408 0.022395833333333334 0.10092592592592593
1 0.2747395833333333 0.13055555555555556 0.034895833333333334 0.1574074074074074
1 0.26510416666666664 0.11712962962962964 0.029166666666666667 0.13425925925925927
1 0.21015625 0.10833333333333334 0.03802083333333333 0.10925925925925926
1 0.18515625 0.11574074074074074 0.034895833333333334 0.11666666666666667
1 0.11796875 0.0976851851851852 0.0234375 0.09907407407407408
1 0.016666666666666666 0.15416666666666667 0.03125 0.18055555555555555
