1 0.7278645833333334 0.6162037037037037 0.022395833333333334 0.13425925925925927
1 0.4627604166666667 0.5851851851851853 0.0328125 0.07592592592592592
1 0.41796875 0.5976851851851852 0.019270833333333334 0.11203703703703705
1 0.3859375 0.5773148148148148 0.015625 0.0712962962962963
1 0.29192708333333334 0.5819444444444445 0.0359375 0.09722222222222222
1 0.22578125 0.575462962962963 0.022395833333333334 0.09907407407407408
1 0.19609375 0.5810185185185185 0.0234375 0.10648148148148148
1 0.14322916666666666 0.587037037037037 0.017708333333333333 0.11851851851851852
1 0.15833333333333333 0.5657407407407408 0.014583333333333334 0.07962962962962963
1 0.17057291666666666 0.5782407407407407 0.025520833333333333 0.09722222222222222
1 0.06015625 0.5819444444444445 0.0265625 0.10462962962962963
0 0.3575520833333333 0.5856481481481481 0.009895833333333333 0.02314814814814815
