0 0.52890625 0.6222222222222222 0.0171875 0.040740740740740744
1 0.8338541666666667 0.5037037037037038 0.029166666666666667 0.11851851851851852
1 0.809375 0.5481481481481482 0.046875 0.20740740740740743
1 0.6005208333333333 0.6050925925925926 0.08854166666666667 0.2138888888888889
1 0.5440104166666666 0.5740740740740741 0.049479166666666664 0.19814814814814816
1 0.50703125 0.5314814814814816 0.024479166666666666 0.12407407407407407
1 0.3559895833333333 0.5527777777777778 0.03802083333333333 0.16666666666666669
1 0.2986979166666667 0.6041666666666667 0.04739583333333333 0.22685185185185186
1 0.2630208333333333 0.6013888888888889 0.042708333333333334 0.23240740740740742
1 0.19791666666666666 0.5425925925925926 0.03333333333333333 0.12222222222222223
1 0.12630208333333334 0.5625 0.04010416666666666 0.1287037037037037
1 0.014322916666666666 0.5685185185185185 0.024479166666666666 0.12407407407407407
