1 0.8385416666666666 0.17592592592592593 0.04479166666666667 0.19444444444444445
1 0.80859375 0.1462962962962963 0.0234375 0.11111111111111112
1 0.7356770833333334 0.17824074074074076 0.03802083333333333 0.1712962962962963
1 0.5466145833333333 0.16944444444444445 0.03697916666666667 0.15
1 0.5260416666666666 0.14027777777777778 0.027083333333333334 0.09166666666666667
1 0.45677083333333335 0.1615740740740741 0.029166666666666667 0.12685185185185185
1 0.44427083333333334 0.1449074074074074 0.019791666666666666 0.10092592592592593
1 0.4140625 0.14120370370370372 0.027083333333333334 0.08981481481481482
1 0.29140625 0.17685185185185187 0.034895833333333334 0.1574074074074074
1 0.25885416666666666 0.13935185185185187 0.016666666666666666 0.06944444444444445
0 0.23307291666666666 0.16712962962962963 0.0078125 0.021296296296296296
1 0.20520833333333333 0.18101851851851852 0.028125 0.12685185185185185
1 0.18177083333333333 0.1675925925925926 0.03229166666666666 0.12222222222222223
1 0.08307291666666666 0.2013888888888889 0.0484375 0.1787037037037037
1 0.08671875 0.17037037037037037 0.021354166666666667 0.13148148148148148
