1 0.8940104166666667 0.08611111111111111 0.03697916666666667 0.17222222222222222
1 0.8677083333333333 0.06944444444444445 0.042708333333333334 0.1388888888888889
1 0.7658854166666667 0.06666666666666667 0.03802083333333333 0.13333333333333333
1 0.728125 0.049074074074074076 0.03229166666666666 0.09444444444444444
1 0.6822916666666666 0.0462962962962963 0.028125 0.08888888888888889
1 0.6346354166666667 0.08518518518518518 0.04739583333333333 0.15555555555555556
1 0.4734375 0.04212962962962963 0.03125 0.07314814814814816
1 0.4145833333333333 0.06666666666666667 0.03229166666666666 0.11851851851851852
1 0.3658854166666667 0.0587962962962963 0.022395833333333334 0.11388888888888889
1 0.384375 0.03657407407407408 0.020833333333333332 0.062037037037037036
1 0.20625 0.05324074074074074 0.030208333333333334 0.10277777777777779
1 0.16328125 0.07731481481481482 0.05572916666666666 0.13240740740740742
1 0.12526041666666665 0.06296296296296297 0.024479166666666666 0.11851851851851852
1 0.15885416666666666 0.05092592592592593 0.015625 0.09444444444444444
