1 0.8609375 0.13842592592592592 0.03333333333333333 0.20462962962962963
1 0.82890625 0.09953703703703703 0.0234375 0.12685185185185185
1 0.75390625 0.13055555555555556 0.03697916666666667 0.18888888888888888
1 0.5697916666666667 0.12685185185185185 0.03333333333333333 0.1462962962962963
1 0.5635416666666666 0.08888888888888889 0.02395833333333333 0.0962962962962963
1 0.49244791666666665 0.11111111111111112 0.028645833333333332 0.12962962962962962
1 0.4471354166666667 0.10046296296296296 0.021354166666666667 0.10462962962962963
1 0.3 0.13240740740740742 0.03125 0.1537037037037037
1 0.24713541666666666 0.12962962962962962 0.03802083333333333 0.13518518518518519
1 0.26848958333333334 0.0925925925925926 0.018229166666666668 0.07407407407407407
1 0.1921875 0.12083333333333333 0.029166666666666667 0.11388888888888889
1 0.20416666666666666 0.11157407407407408 0.01875 0.10277777777777779
1 0.11380208333333333 0.09953703703703703 0.0203125 0.09907407407407408
1 0.03619791666666666 0.15416666666666667 0.05677083333333333 0.18796296296296297
0 0.1734375 0.13472222222222222 0.015625 0.025
