1 0.9822916666666667 0.19675925925925927 0.034375 0.18055555555555555
1 0.8486979166666666 0.19953703703703704 0.04010416666666666 0.20277777777777778
1 0.8182291666666667 0.17314814814814816 0.029166666666666667 0.11851851851851852
1 0.7442708333333333 0.20416666666666666 0.042708333333333334 0.17685185185185187
1 0.56015625 0.19490740740740742 0.03697916666666667 0.14907407407407408
1 0.5096354166666667 0.17037037037037037 0.0234375 0.0925925925925926
1 0.4796875 0.17824074074074076 0.030208333333333334 0.10092592592592593
1 0.43255208333333334 0.18796296296296297 0.027604166666666666 0.1277777777777778
1 0.3888020833333333 0.17037037037037037 0.0234375 0.08518518518518518
1 0.30442708333333335 0.20046296296296298 0.0265625 0.13055555555555556
1 0.2557291666666667 0.16666666666666669 0.014583333333333334 0.06666666666666667
1 0.19635416666666666 0.23333333333333334 0.05520833333333333 0.16111111111111112
1 0.17786458333333333 0.19212962962962965 0.022395833333333334 0.10092592592592593
1 0.09817708333333333 0.1851851851851852 0.022395833333333334 0.07962962962962963
