1 0.3671875 0.19953703703703704 0.08958333333333333 0.3768518518518519
1 0.39296875 0.13148148148148148 0.05364583333333333 0.24814814814814815
1 0.8109375 0.11111111111111112 0.059375 0.20740740740740743
1 0.7606770833333333 0.07916666666666666 0.03697916666666667 0.14351851851851852
1 0.55625 0.055092592592592596 0.027083333333333334 0.11018518518518519
1 0.71875 0.04814814814814815 0.027083333333333334 0.08148148148148149
1 0.20130208333333333 0.12592592592592594 0.03802083333333333 0.13148148148148148
1 0.10286458333333333 0.13148148148148148 0.024479166666666666 0.12037037037037038
1 0.04453125 0.20925925925925926 0.0671875 0.2796296296296296
1 0.32526041666666666 0.0837962962962963 0.0234375 0.09166666666666667
