0 0.22421875 0.4703703703703704 0.019270833333333334 0.03333333333333333
1 0.7752604166666667 0.29120370370370374 0.0234375 0.1398148148148148
1 0.6760416666666667 0.3180555555555556 0.03125 0.13611111111111113
1 0.5221354166666666 0.3421296296296296 0.034895833333333334 0.18425925925925926
1 0.4861979166666667 0.35555555555555557 0.03697916666666667 0.2
1 0.41796875 0.325 0.025520833333333333 0.12962962962962962
1 0.3658854166666667 0.35185185185185186 0.04739583333333333 0.1685185185185185
1 0.2973958333333333 0.3402777777777778 0.04479166666666667 0.14907407407407408
1 0.19921875 0.3314814814814815 0.04010416666666666 0.10925925925925926
1 0.12421875 0.3773148148148148 0.05364583333333333 0.17685185185185187
1 0.0984375 0.3523148148148148 0.03125 0.13796296296296298
1 0.034895833333333334 0.4083333333333333 0.057291666666666664 0.1925925925925926
1 0.04114583333333333 0.3564814814814815 0.025 0.12037037037037038
