1 0.7630208333333334 0.6138888888888889 0.03229166666666666 0.15
1 0.47890625 0.587037037037037 0.0203125 0.11111111111111112
1 0.46432291666666664 0.5930555555555556 0.022395833333333334 0.10277777777777779
1 0.4583333333333333 0.5800925925925926 0.0125 0.08611111111111111
1 0.4278645833333333 0.5791666666666667 0.0234375 0.075
0 0.24479166666666666 0.5717592592592593 0.013541666666666667 0.021296296296296296
1 0.22265625 0.5800925925925926 0.024479166666666666 0.10092592592592593
1 0.19739583333333333 0.5916666666666667 0.02395833333333333 0.11296296296296297
1 0.16666666666666666 0.5810185185185185 0.019791666666666666 0.09166666666666667
1 0.15208333333333332 0.5810185185185185 0.017708333333333333 0.08796296296296297
1 0.0640625 0.5800925925925926 0.026041666666666668 0.08981481481481482
