0 0.40625 0.5587962962962963 0.017708333333333333 0.030555555555555558
1 0.8716145833333333 0.4324074074074074 0.0390625 0.23333333333333334
1 0.75625 0.42685185185185187 0.041666666666666664 0.18703703703703706
1 0.6653645833333334 0.46435185185185185 0.04114583333333333 0.18796296296296297
1 0.6481770833333333 0.40324074074074073 0.0265625 0.10833333333333334
1 0.43723958333333335 0.47453703703703703 0.06822916666666666 0.21574074074074076
1 0.44765625 0.42592592592592593 0.033854166666666664 0.12222222222222223
1 0.2890625 0.4226851851851852 0.028125 0.10092592592592593
1 0.25234375 0.47824074074074074 0.0328125 0.20833333333333334
1 0.16953125 0.5916666666666667 0.0953125 0.4425925925925926
1 0.10078125 0.4476851851851852 0.022395833333333334 0.10092592592592593
