0 0.36041666666666666 0.6152777777777778 0.013541666666666667 0.02314814814814815
1 0.703125 0.6208333333333333 0.029166666666666667 0.1398148148148148
1 0.69140625 0.5986111111111111 0.0234375 0.11018518518518519
1 0.48463541666666665 0.5833333333333334 0.03177083333333333 0.08333333333333334
1 0.39791666666666664 0.5976851851851852 0.01875 0.10833333333333334
1 0.37421875 0.5828703703703704 0.034895833333333334 0.08796296296296297
1 0.3294270833333333 0.5898148148148148 0.0234375 0.0962962962962963
1 0.22994791666666667 0.5837962962962964 0.021354166666666667 0.10092592592592593
1 0.19583333333333333 0.5847222222222223 0.029166666666666667 0.09907407407407408
1 0.15598958333333332 0.5736111111111112 0.021354166666666667 0.09537037037037037
1 0.12369791666666667 0.5833333333333334 0.0234375 0.11851851851851852
1 0.13619791666666667 0.5782407407407407 0.0203125 0.09722222222222222
1 0.05364583333333333 0.5856481481481481 0.03125 0.09722222222222222
