1 0.9861979166666667 0.18981481481481483 0.018229166666666668 0.18703703703703706
1 0.84609375 0.19444444444444445 0.03802083333333333 0.1925925925925926
1 0.8156249999999999 0.16574074074074074 0.028125 0.12222222222222223
1 0.7427083333333333 0.19490740740740742 0.041666666666666664 0.18055555555555555
1 0.5518229166666666 0.18888888888888888 0.04010416666666666 0.1537037037037037
1 0.5169270833333334 0.1615740740740741 0.024479166666666666 0.09166666666666667
1 0.4661458333333333 0.1736111111111111 0.026041666666666668 0.10277777777777779
1 0.4393229166666667 0.18101851851851852 0.027604166666666666 0.12685185185185185
1 0.3966145833333333 0.1675925925925926 0.0234375 0.08333333333333334
1 0.29296875 0.19490740740740742 0.0359375 0.13425925925925927
1 0.2591145833333333 0.16944444444444445 0.021354166666666667 0.06851851851851852
1 0.19401041666666666 0.20046296296296298 0.025520833333333333 0.12685185185185185
1 0.1828125 0.18888888888888888 0.02395833333333333 0.11111111111111112
1 0.15260416666666665 0.22453703703703703 0.053125 0.17500000000000002
1 0.09479166666666666 0.17916666666666667 0.017708333333333333 0.08796296296296297
