1 0.8497395833333333 0.08333333333333334 0.033854166666666664 0.16296296296296298
1 0.7625 0.0462962962962963 0.029166666666666667 0.08888888888888889
1 0.7067708333333333 0.08796296296296297 0.04375 0.1685185185185185
1 0.6296875 0.06944444444444445 0.03229166666666666 0.12407407407407407
1 0.60546875 0.04537037037037037 0.0265625 0.07962962962962963
1 0.4484375 0.0763888888888889 0.030208333333333334 0.14537037037037037
1 0.43359375 0.06157407407407408 0.021354166666666667 0.10092592592592593
1 0.38828125 0.05185185185185186 0.0203125 0.08888888888888889
1 0.3765625 0.055092592592592596 0.020833333333333332 0.09537037037037037
1 0.2622395833333333 0.038425925925925926 0.019270833333333334 0.06574074074074074
1 0.20625 0.06574074074074074 0.041666666666666664 0.11296296296296297
1 0.12578125 0.07685185185185185 0.0546875 0.12407407407407407
1 0.10729166666666666 0.05 0.017708333333333333 0.08888888888888889
1 0.06015625 0.07037037037037037 0.0359375 0.12222222222222223
0 0.03828125 0.08564814814814815 0.009895833333333333 0.025
