1 0.8429687499999999 0.10833333333333334 0.04010416666666666 0.19814814814814816
1 0.7986979166666667 0.06759259259259259 0.0328125 0.12407407407407407
1 0.73046875 0.10416666666666667 0.0328125 0.1824074074074074
1 0.5893229166666667 0.06759259259259259 0.0234375 0.0925925925925926
1 0.5651041666666666 0.09953703703703703 0.03125 0.14907407407407408
1 0.4705729166666667 0.08611111111111111 0.0328125 0.12962962962962962
1 0.4 0.0712962962962963 0.01875 0.0925925925925926
1 0.384375 0.08194444444444444 0.020833333333333332 0.10277777777777779
1 0.35182291666666665 0.11111111111111112 0.0390625 0.15
1 0.2583333333333333 0.07222222222222223 0.017708333333333333 0.07222222222222223
1 0.24947916666666667 0.09583333333333334 0.03125 0.11018518518518519
1 0.140625 0.11666666666666667 0.04479166666666667 0.1574074074074074
1 0.09895833333333333 0.10648148148148148 0.030208333333333334 0.1277777777777778
1 0.10442708333333334 0.07731481481481482 0.0234375 0.09351851851851853
