1 0.9033854166666666 0.38101851851851853 0.04739583333333333 0.22685185185185186
1 0.728125 0.3763888888888889 0.03958333333333333 0.1675925925925926
1 0.73984375 0.34814814814814815 0.018229166666666668 0.11851851851851852
1 0.5127604166666666 0.37222222222222223 0.04010416666666666 0.13148148148148148
1 0.45703125 0.40185185185185185 0.0390625 0.19814814814814816
1 0.47552083333333334 0.3888888888888889 0.029166666666666667 0.1685185185185185
1 0.4427083333333333 0.38703703703703707 0.026041666666666668 0.1462962962962963
1 0.3911458333333333 0.4652777777777778 0.075 0.33425925925925926
1 0.3580729166666667 0.37222222222222223 0.022395833333333334 0.15185185185185185
1 0.23723958333333334 0.4046296296296297 0.05572916666666666 0.2
1 0.19739583333333333 0.36064814814814816 0.026041666666666668 0.09722222222222222
1 0.1296875 0.4083333333333333 0.058333333333333334 0.17222222222222222
1 0.04401041666666666 0.3740740740740741 0.0328125 0.11666666666666667
0 0.52890625 0.4310185185185185 0.011979166666666666 0.019444444444444445
