0 0.38671875 0.412962962962963 0.011979166666666666 0.031481481481481485
1 0.6390625 0.2986111111111111 0.027083333333333334 0.11203703703703705
1 0.5098958333333333 0.32083333333333336 0.03229166666666666 0.13425925925925927
1 0.4125 0.33842592592592596 0.07083333333333333 0.16944444444444445
1 0.26588541666666665 0.35185185185185186 0.050520833333333334 0.18888888888888888
1 0.2786458333333333 0.31203703703703706 0.017708333333333333 0.12037037037037038
1 0.20182291666666666 0.33935185185185185 0.034895833333333334 0.1675925925925926
1 0.16171875 0.3236111111111111 0.034895833333333334 0.14722222222222223
1 0.18671875 0.3013888888888889 0.024479166666666666 0.11018518518518519
1 0.012760416666666666 0.3199074074074074 0.0234375 0.10833333333333334
