1 0.9768229166666667 0.4041666666666667 0.0390625 0.17685185185185187
1 0.9174479166666667 0.4189814814814815 0.05677083333333333 0.2138888888888889
1 0.7416666666666667 0.3962962962962963 0.03229166666666666 0.12222222222222223
1 0.66875 0.48194444444444445 0.08645833333333333 0.33611111111111114
1 0.6276041666666666 0.4314814814814815 0.04375 0.16481481481481483
1 0.6671875 0.38981481481481484 0.019791666666666666 0.1277777777777778
1 0.4734375 0.4138888888888889 0.025 0.11111111111111112
1 0.22760416666666666 0.425462962962963 0.026041666666666668 0.09907407407407408
1 0.18880208333333334 0.4949074074074074 0.05364583333333333 0.25277777777777777
1 0.09375 0.45972222222222225 0.03125 0.125
1 0.06848958333333333 0.6537037037037037 0.12447916666666667 0.562962962962963
