1 0.8395833333333333 0.18888888888888888 0.03854166666666667 0.1962962962962963
1 0.809375 0.1574074074074074 0.029166666666666667 0.11851851851851852
1 0.7354166666666666 0.1912037037037037 0.035416666666666666 0.18055555555555555
1 0.5455729166666666 0.1763888888888889 0.04114583333333333 0.14722222222222223
1 0.5216145833333333 0.15 0.022395833333333334 0.09444444444444444
1 0.44765625 0.17314814814814816 0.03177083333333333 0.12222222222222223
1 0.40078125 0.15601851851851853 0.024479166666666666 0.09537037037037037
1 0.28984375 0.19074074074074074 0.03802083333333333 0.1462962962962963
1 0.26067708333333334 0.15231481481481482 0.024479166666666666 0.0638888888888889
1 0.19791666666666666 0.19675925925925927 0.03125 0.12685185185185185
1 0.18463541666666666 0.18703703703703706 0.024479166666666666 0.11111111111111112
1 0.12005208333333334 0.22083333333333335 0.0546875 0.1824074074074074
1 0.08776041666666666 0.17407407407407408 0.019270833333333334 0.08148148148148149
