1 0.6518229166666667 0.6305555555555555 0.021354166666666667 0.14814814814814814
1 0.5401041666666666 0.6027777777777777 0.026041666666666668 0.07962962962962963
1 0.36822916666666666 0.6074074074074074 0.029166666666666667 0.11666666666666667
1 0.3833333333333333 0.5851851851851853 0.0125 0.08703703703703704
1 0.39401041666666664 0.5907407407407408 0.0203125 0.10370370370370371
1 0.26276041666666666 0.5898148148148148 0.0203125 0.11296296296296297
1 0.19739583333333333 0.5884259259259259 0.030208333333333334 0.09907407407407408
1 0.14869791666666665 0.5819444444444445 0.022395833333333334 0.08611111111111111
1 0.10338541666666666 0.5962962962962963 0.025520833333333333 0.12222222222222223
1 0.08984375 0.5819444444444445 0.025520833333333333 0.11203703703703705
1 0.05182291666666666 0.5916666666666667 0.025520833333333333 0.10555555555555556
