1 0.87890625 0.08611111111111111 0.03802083333333333 0.1685185185185185
1 0.8575520833333333 0.07268518518518519 0.03802083333333333 0.13796296296296298
1 0.7622395833333333 0.06481481481481481 0.033854166666666664 0.12592592592592594
1 0.72265625 0.051388888888888894 0.0234375 0.09907407407407408
1 0.66484375 0.044444444444444446 0.0265625 0.08148148148148149
1 0.5723958333333333 0.08333333333333334 0.041666666666666664 0.16296296296296298
1 0.4700520833333333 0.03935185185185185 0.022395833333333334 0.0787037037037037
1 0.37864583333333335 0.06666666666666667 0.03229166666666666 0.13333333333333333
1 0.34921875 0.05787037037037037 0.0265625 0.10833333333333334
1 0.2140625 0.06759259259259259 0.028125 0.12037037037037038
1 0.18072916666666666 0.052314814814814814 0.030208333333333334 0.09722222222222222
1 0.1390625 0.05787037037037037 0.041666666666666664 0.10833333333333334
