1 0.93984375 0.10185185185185186 0.0390625 0.2
1 0.8171875 0.05787037037037037 0.025 0.11574074074074074
1 0.7989583333333333 0.10138888888888889 0.030208333333333334 0.18425925925925926
1 0.7549479166666666 0.08425925925925926 0.0390625 0.1537037037037037
1 0.6973958333333333 0.05092592592592593 0.025 0.09444444444444444
1 0.5921875 0.08796296296296297 0.040625 0.15
1 0.4627604166666667 0.06481481481481481 0.027604166666666666 0.11111111111111112
1 0.4705729166666667 0.06064814814814815 0.011979166666666666 0.08796296296296297
1 0.4515625 0.05185185185185186 0.014583333333333334 0.08518518518518518
1 0.3559895833333333 0.05 0.0203125 0.07777777777777778
1 0.23984375 0.07916666666666666 0.0234375 0.11574074074074074
1 0.21744791666666666 0.05092592592592593 0.021354166666666667 0.07962962962962963
1 0.1515625 0.08703703703703704 0.030208333333333334 0.15185185185185185
1 0.030729166666666665 0.06157407407407408 0.04375 0.10462962962962963
0 0.07239583333333333 0.08611111111111111 0.015625 0.02962962962962963
