1 0.84453125 0.1212962962962963 0.0390625 0.2
1 0.8161458333333333 0.09074074074074075 0.027083333333333334 0.12037037037037038
1 0.7403645833333333 0.12175925925925926 0.034895833333333334 0.1824074074074074
1 0.5799479166666667 0.08472222222222223 0.022395833333333334 0.10092592592592593
1 0.5591145833333333 0.11388888888888889 0.027604166666666666 0.15555555555555556
1 0.49635416666666665 0.10555555555555556 0.034375 0.12962962962962962
1 0.42916666666666664 0.0925925925925926 0.01875 0.08888888888888889
1 0.40234375 0.10416666666666667 0.0234375 0.09722222222222222
1 0.30833333333333335 0.13194444444444445 0.041666666666666664 0.1398148148148148
1 0.26067708333333334 0.09675925925925927 0.013020833333333334 0.06944444444444445
1 0.22708333333333333 0.11990740740740741 0.03125 0.10092592592592593
1 0.19739583333333333 0.13611111111111113 0.03958333333333333 0.16111111111111112
1 0.13932291666666666 0.1328703703703704 0.034895833333333334 0.13425925925925927
1 0.10052083333333334 0.10833333333333334 0.029166666666666667 0.08888888888888889
