1 0.9588541666666667 0.10277777777777779 0.041666666666666664 0.19814814814814816
1 0.81328125 0.09861111111111112 0.025520833333333333 0.1824074074074074
1 0.7981770833333334 0.08101851851851852 0.0265625 0.15092592592592594
1 0.821875 0.0638888888888889 0.015625 0.12037037037037038
1 0.7174479166666666 0.05601851851851852 0.0203125 0.10462962962962963
1 0.6408854166666667 0.08796296296296297 0.027604166666666666 0.16111111111111112
1 0.48593749999999997 0.0638888888888889 0.029166666666666667 0.12037037037037038
1 0.47109375 0.059722222222222225 0.0265625 0.10833333333333334
1 0.453125 0.06666666666666667 0.027083333333333334 0.12962962962962962
1 0.37994791666666666 0.04814814814814815 0.027604166666666666 0.08148148148148149
1 0.25286458333333334 0.0837962962962963 0.0265625 0.10648148148148148
1 0.24557291666666667 0.05416666666666667 0.0171875 0.09351851851851853
1 0.1828125 0.07592592592592592 0.03229166666666666 0.12222222222222223
1 0.14921875 0.09583333333333334 0.0390625 0.14537037037037037
1 0.05520833333333333 0.08101851851851852 0.030208333333333334 0.11203703703703705
