0 0.11354166666666667 0.8462962962962963 0.04583333333333333 0.07777777777777778
1 0.8591145833333333 0.3800925925925926 0.0328125 0.125
1 0.7651041666666667 0.375 0.034375 0.12592592592592594
1 0.7114583333333333 0.45787037037037037 0.07708333333333334 0.2916666666666667
1 0.65546875 0.4189814814814815 0.0328125 0.14351851851851852
1 0.5239583333333333 0.41620370370370374 0.029166666666666667 0.10648148148148148
1 0.31145833333333334 0.5013888888888889 0.059375 0.21944444444444444
1 0.3299479166666667 0.4356481481481482 0.024479166666666666 0.10277777777777779
1 0.16666666666666666 0.4652777777777778 0.03125 0.09351851851851853
1 0.12578125 0.4810185185185185 0.034895833333333334 0.11203703703703705
1 0.09895833333333333 0.5314814814814816 0.057291666666666664 0.20925925925925926
1 0.06692708333333333 0.5143518518518518 0.0265625 0.18611111111111112
1 0.0609375 0.6870370370370371 0.11770833333333333 0.4703703703703704
