1 0.9028645833333333 0.08703703703703704 0.034895833333333334 0.17037037037037037
1 0.8546874999999999 0.07546296296296297 0.04583333333333333 0.14722222222222223
1 0.75625 0.07268518518518519 0.04375 0.13796296296296298
1 0.734375 0.051388888888888894 0.029166666666666667 0.10277777777777779
1 0.6934895833333333 0.0462962962962963 0.027604166666666666 0.08888888888888889
1 0.6575520833333334 0.08981481481481482 0.03697916666666667 0.16481481481481483
1 0.4700520833333333 0.0462962962962963 0.0203125 0.08148148148148149
1 0.42343749999999997 0.06064814814814815 0.03229166666666666 0.11388888888888889
1 0.37916666666666665 0.05601851851851852 0.029166666666666667 0.10462962962962963
1 0.22838541666666667 0.05416666666666667 0.0359375 0.09722222222222222
1 0.18333333333333332 0.044444444444444446 0.025 0.08518518518518518
1 0.14427083333333332 0.07222222222222223 0.04479166666666667 0.12962962962962962
1 0.12682291666666667 0.0587962962962963 0.034895833333333334 0.10648148148148148
