1 0.9505208333333334 0.22592592592592595 0.04895833333333333 0.23148148148148148
1 0.7807291666666667 0.21851851851851853 0.028125 0.12037037037037038
1 0.7515625 0.30092592592592593 0.07708333333333334 0.31851851851851853
1 0.6911458333333333 0.2569444444444445 0.030208333333333334 0.18425925925925926
1 0.6671875 0.23842592592592593 0.029166666666666667 0.1287037037037037
1 0.49973958333333335 0.25601851851851853 0.025520833333333333 0.11203703703703705
1 0.28854166666666664 0.4287037037037037 0.0875 0.3962962962962963
1 0.30026041666666664 0.34120370370370373 0.05260416666666667 0.2564814814814815
1 0.14973958333333334 0.3236111111111111 0.033854166666666664 0.13240740740740742
1 0.05625 0.32453703703703707 0.026041666666666668 0.10277777777777779
1 0.03229166666666666 0.40740740740740744 0.058333333333333334 0.26851851851851855
