1 0.85234375 0.12083333333333333 0.03697916666666667 0.1953703703703704
1 0.8205729166666667 0.08333333333333334 0.024479166666666666 0.12407407407407407
1 0.74765625 0.11990740740740741 0.04010416666666666 0.18611111111111112
1 0.5630208333333333 0.11481481481481481 0.03854166666666667 0.1574074074074074
1 0.5786458333333333 0.08009259259259259 0.03125 0.09907407407407408
1 0.5018229166666667 0.1050925925925926 0.034895833333333334 0.13796296296296298
1 0.4432291666666667 0.08796296296296297 0.027083333333333334 0.09074074074074075
1 0.42135416666666664 0.09953703703703703 0.02395833333333333 0.09537037037037037
1 0.28802083333333334 0.13194444444444445 0.041666666666666664 0.13611111111111113
1 0.2622395833333333 0.09722222222222222 0.019270833333333334 0.08333333333333334
1 0.23385416666666667 0.14351851851851852 0.04479166666666667 0.15925925925925927
1 0.21354166666666666 0.12175925925925926 0.027083333333333334 0.10833333333333334
1 0.16145833333333334 0.1277777777777778 0.041666666666666664 0.11666666666666667
1 0.10598958333333333 0.10324074074074074 0.022395833333333334 0.09537037037037037
