1 0.8447916666666666 0.10092592592592593 0.03229166666666666 0.19814814814814816
1 0.7880208333333333 0.05694444444444444 0.025 0.10648148148148148
1 0.7153645833333333 0.09675925925925927 0.04010416666666666 0.17500000000000002
1 0.5799479166666667 0.08703703703703704 0.0359375 0.15555555555555556
1 0.5971354166666667 0.055092592592592596 0.021354166666666667 0.09537037037037037
1 0.4627604166666667 0.07268518518518519 0.025520833333333333 0.13796296296296298
1 0.3770833333333333 0.09953703703703703 0.04479166666666667 0.14907407407407408
1 0.38776041666666666 0.06435185185185185 0.025520833333333333 0.10648148148148148
1 0.2520833333333333 0.08009259259259259 0.030208333333333334 0.1175925925925926
1 0.2578125 0.06064814814814815 0.016666666666666666 0.08425925925925926
1 0.12604166666666666 0.10462962962962963 0.04479166666666667 0.16296296296296298
1 0.10781249999999999 0.07175925925925926 0.026041666666666668 0.09722222222222222
1 0.08151041666666667 0.08981481481481482 0.0359375 0.13703703703703704
