0 0.41015625 0.3995370370370371 0.009895833333333333 0.02314814814814815
1 0.840625 0.3615740740740741 0.04895833333333333 0.18796296296296297
1 0.71328125 0.3365740740740741 0.022395833333333334 0.11018518518518519
1 0.6361979166666667 0.3564814814814815 0.03697916666666667 0.15925925925925927
1 0.5002604166666667 0.40046296296296297 0.04010416666666666 0.1953703703703704
1 0.43828125 0.4467592592592593 0.0546875 0.26203703703703707
1 0.41822916666666665 0.3425925925925926 0.014583333333333334 0.07592592592592592
1 0.3794270833333333 0.35324074074074074 0.0265625 0.10092592592592593
1 0.32447916666666665 0.38333333333333336 0.035416666666666666 0.1537037037037037
1 0.3028645833333333 0.36944444444444446 0.021354166666666667 0.10740740740740741
1 0.2484375 0.36435185185185187 0.017708333333333333 0.10092592592592593
1 0.23307291666666666 0.3703703703703704 0.0234375 0.12407407407407407
1 0.18020833333333333 0.38703703703703707 0.046875 0.12592592592592594
1 0.05182291666666666 0.37824074074074077 0.027604166666666666 0.09722222222222222
