1 0.9359375 0.40231481481481485 0.04895833333333333 0.22685185185185186
1 0.77421875 0.3939814814814815 0.03697916666666667 0.18611111111111112
1 0.72890625 0.36203703703703705 0.024479166666666666 0.12222222222222223
1 0.54453125 0.42592592592592593 0.058854166666666666 0.2
1 0.4901041666666667 0.39490740740740743 0.03333333333333333 0.13425925925925927
1 0.48333333333333334 0.37083333333333335 0.015625 0.10092592592592593
1 0.42473958333333334 0.43333333333333335 0.06197916666666667 0.2
1 0.32447916666666665 0.5013888888888889 0.078125 0.3787037037037037
1 0.3638020833333333 0.44722222222222224 0.0359375 0.15
1 0.3640625 0.3888888888888889 0.030208333333333334 0.13333333333333333
1 0.18489583333333334 0.38796296296296295 0.028125 0.10555555555555556
1 0.14635416666666667 0.44583333333333336 0.0625 0.2138888888888889
1 0.10729166666666666 0.44212962962962965 0.035416666666666666 0.1824074074074074
1 0.03229166666666666 0.3995370370370371 0.025 0.10462962962962963
1 0.011458333333333333 0.3995370370370371 0.014583333333333334 0.10833333333333334
0 0.44817708333333334 0.49259259259259264 0.021354166666666667 0.0462962962962963
