0 0.23307291666666666 0.6412037037037037 0.009895833333333333 0.021296296296296296
1 0.734375 0.6351851851851852 0.017708333333333333 0.11851851851851852
1 0.66953125 0.6055555555555556 0.022395833333333334 0.12037037037037038
1 0.64140625 0.6148148148148148 0.024479166666666666 0.11666666666666667
1 0.57578125 0.6407407407407407 0.0234375 0.15925925925925927
1 0.48854166666666665 0.7111111111111111 0.03958333333333333 0.20370370370370372
1 0.5013020833333334 0.5842592592592593 0.022395833333333334 0.08148148148148149
1 0.4083333333333333 0.6013888888888889 0.015625 0.10833333333333334
1 0.38255208333333335 0.587962962962963 0.022395833333333334 0.0925925925925926
1 0.2635416666666667 0.6444444444444445 0.030208333333333334 0.15555555555555556
1 0.20729166666666665 0.6134259259259259 0.016666666666666666 0.10462962962962963
1 0.21484375 0.5916666666666667 0.018229166666666668 0.10555555555555556
1 0.03958333333333333 0.6189814814814815 0.04791666666666666 0.13240740740740742
