0 0.6739583333333333 0.6541666666666667 0.013541666666666667 0.019444444444444445
1 0.93203125 0.6958333333333334 0.0390625 0.21203703703703705
1 0.8893229166666666 0.6810185185185186 0.0390625 0.1675925925925926
1 0.64765625 0.6180555555555556 0.0390625 0.09537037037037037
1 0.528125 0.6365740740740741 0.03125 0.13611111111111113
1 0.5026041666666666 0.6111111111111112 0.025 0.08888888888888889
1 0.32447916666666665 0.5958333333333333 0.019791666666666666 0.10092592592592593
1 0.30442708333333335 0.5939814814814816 0.0203125 0.10092592592592593
1 0.28098958333333335 0.6027777777777777 0.022395833333333334 0.12222222222222223
1 0.16302083333333334 0.5935185185185186 0.029166666666666667 0.12037037037037038
1 0.09322916666666667 0.5888888888888889 0.03229166666666666 0.11481481481481481
1 0.03958333333333333 0.5722222222222223 0.026041666666666668 0.08518518518518518
