0 0.82109375 0.8268518518518518 0.025520833333333333 0.04259259259259259
1 0.75234375 0.7800925925925927 0.06927083333333334 0.2990740740740741
1 0.8643229166666666 0.587037037037037 0.024479166666666666 0.11481481481481481
1 0.8252604166666666 0.6050925925925926 0.022395833333333334 0.14722222222222223
1 0.8020833333333334 0.5527777777777778 0.026041666666666668 0.10925925925925926
1 0.7635416666666667 0.5731481481481482 0.027083333333333334 0.12222222222222223
1 0.7177083333333333 0.5648148148148149 0.029166666666666667 0.11296296296296297
1 0.6828125 0.5375 0.027083333333333334 0.10462962962962963
1 0.57265625 0.5328703703703704 0.0234375 0.09907407407407408
1 0.5255208333333333 0.5393518518518519 0.020833333333333332 0.10462962962962963
1 0.5192708333333333 0.5023148148148149 0.015625 0.058333333333333334
1 0.48072916666666665 0.5481481481481482 0.026041666666666668 0.11851851851851852
1 0.153125 0.6171296296296297 0.029166666666666667 0.19351851851851853
1 0.05572916666666666 0.6736111111111112 0.058333333333333334 0.2638888888888889
