0 0.8309895833333333 0.8578703703703704 0.0234375 0.04722222222222222
1 0.7997395833333333 0.7722222222222223 0.06614583333333333 0.2796296296296296
1 0.871875 0.6444444444444445 0.029166666666666667 0.15555555555555556
1 0.7932291666666667 0.5986111111111111 0.030208333333333334 0.11018518518518519
1 0.7309895833333333 0.5773148148148148 0.024479166666666666 0.10277777777777779
1 0.7057291666666666 0.5888888888888889 0.026041666666666668 0.12222222222222223
1 0.6783854166666666 0.5662037037037038 0.022395833333333334 0.09722222222222222
1 0.6515625 0.5824074074074075 0.029166666666666667 0.11666666666666667
1 0.5888020833333333 0.5606481481481481 0.018229166666666668 0.09722222222222222
1 0.49557291666666664 0.5736111111111112 0.022395833333333334 0.10277777777777779
1 0.5119791666666667 0.5421296296296296 0.014583333333333334 0.0712962962962963
1 0.4375 0.5782407407407407 0.027083333333333334 0.11203703703703705
1 0.15755208333333334 0.6564814814814816 0.0359375 0.2
