0 0.79296875 0.8055555555555556 0.0234375 0.05
1 0.8565104166666666 0.6236111111111111 0.0359375 0.16944444444444445
1 0.7815104166666667 0.7467592592592592 0.0515625 0.2564814814814815
1 0.73828125 0.5712962962962963 0.0234375 0.11111111111111112
1 0.75 0.5578703703703703 0.017708333333333333 0.10277777777777779
1 0.6833333333333333 0.5578703703703703 0.034375 0.11018518518518519
1 0.6838541666666667 0.5199074074074074 0.017708333333333333 0.062037037037037036
1 0.6010416666666667 0.5546296296296297 0.029166666666666667 0.11666666666666667
1 0.5653645833333333 0.5268518518518519 0.024479166666666666 0.09074074074074075
1 0.49505208333333334 0.524537037037037 0.0234375 0.09166666666666667
1 0.4588541666666667 0.5412037037037037 0.027083333333333334 0.11203703703703705
1 0.38645833333333335 0.5425925925925926 0.028125 0.11851851851851852
1 0.16145833333333334 0.6199074074074075 0.041666666666666664 0.19166666666666668
