1 0.7557291666666667 0.7550925925925926 0.05625 0.2953703703703704
1 0.8302083333333333 0.6180555555555556 0.028125 0.17685185185185187
1 0.7354166666666666 0.5555555555555556 0.027083333333333334 0.11851851851851852
1 0.6924479166666666 0.5402777777777777 0.034895833333333334 0.11388888888888889
1 0.5966145833333333 0.5527777777777778 0.022395833333333334 0.12407407407407407
1 0.5591145833333333 0.5236111111111111 0.025520833333333333 0.10462962962962963
1 0.48854166666666665 0.5180555555555556 0.020833333333333332 0.08611111111111111
1 0.4510416666666667 0.5296296296296297 0.025 0.10925925925925926
1 0.3736979166666667 0.5393518518518519 0.024479166666666666 0.1212962962962963
1 0.15989583333333332 0.6101851851851852 0.04895833333333333 0.1925925925925926
0 0.7919270833333333 0.8064814814814815 0.021354166666666667 0.044444444444444446
