0 0.4005208333333333 0.38796296296296295 0.011458333333333333 0.024074074074074074
1 0.8244791666666667 0.34675925925925927 0.036458333333333336 0.1824074074074074
1 0.6888020833333334 0.3314814814814815 0.0234375 0.11666666666666667
1 0.6778645833333333 0.32962962962962966 0.019270833333333334 0.10925925925925926
1 0.6221354166666666 0.34675925925925927 0.03802083333333333 0.1398148148148148
1 0.5153645833333333 0.3907407407407408 0.0484375 0.2111111111111111
1 0.4263020833333333 0.49444444444444446 0.06302083333333333 0.15185185185185185
1 0.41302083333333334 0.3560185185185185 0.042708333333333334 0.09166666666666667
1 0.3854166666666667 0.3458333333333333 0.016666666666666666 0.09537037037037037
1 0.325 0.3740740740740741 0.026041666666666668 0.15185185185185185
1 0.34348958333333335 0.3578703703703704 0.024479166666666666 0.11018518518518519
1 0.23307291666666666 0.37453703703703706 0.03697916666666667 0.14351851851851852
1 0.1953125 0.3675925925925926 0.028125 0.11851851851851852
1 0.033854166666666664 0.38101851851851853 0.026041666666666668 0.09907407407407408
