0 0.9385416666666666 0.6296296296296297 0.0125 0.022222222222222223
1 0.9526041666666667 0.5837962962962964 0.027083333333333334 0.09722222222222222
1 0.8044270833333333 0.6587962962962963 0.03697916666666667 0.17314814814814816
1 0.8104166666666667 0.5976851851851852 0.019791666666666666 0.09722222222222222
1 0.7229166666666667 0.6101851851851852 0.029166666666666667 0.12962962962962962
1 0.7002604166666666 0.5782407407407407 0.025520833333333333 0.10462962962962963
1 0.6611979166666666 0.5685185185185185 0.0234375 0.10555555555555556
1 0.5502604166666667 0.5916666666666667 0.0234375 0.12407407407407407
1 0.5572916666666666 0.5606481481481481 0.027083333333333334 0.10092592592592593
1 0.48072916666666665 0.5828703703703704 0.02395833333333333 0.10648148148148148
1 0.49557291666666664 0.5615740740740741 0.022395833333333334 0.08796296296296297
1 0.21875 0.563425925925926 0.030208333333333334 0.11018518518518519
1 0.09088541666666666 0.6166666666666667 0.034895833333333334 0.15925925925925927
