0 0.8234374999999999 0.8574074074074074 0.016666666666666666 0.03888888888888889
1 0.78984375 0.799537037037037 0.0859375 0.17500000000000002
1 0.88359375 0.6574074074074074 0.03697916666666667 0.16296296296296298
1 0.7640625 0.6046296296296296 0.034375 0.12222222222222223
1 0.72265625 0.5865740740740741 0.025520833333333333 0.09907407407407408
1 0.6872395833333333 0.5981481481481482 0.024479166666666666 0.11851851851851852
1 0.6783854166666666 0.5694444444444444 0.022395833333333334 0.09074074074074075
1 0.621875 0.5861111111111111 0.028125 0.12037037037037038
1 0.5815104166666667 0.563425925925926 0.0234375 0.10277777777777779
1 0.5075520833333333 0.5527777777777778 0.019270833333333334 0.08518518518518518
1 0.4796875 0.5773148148148148 0.030208333333333334 0.11018518518518519
1 0.41562499999999997 0.5833333333333334 0.028125 0.11851851851851852
1 0.15651041666666665 0.6611111111111111 0.03802083333333333 0.2
