1 0.8619791666666666 0.2888888888888889 0.03333333333333333 0.17777777777777778
1 0.8260416666666667 0.2712962962962963 0.03333333333333333 0.12037037037037038
1 0.6536458333333334 0.3421296296296296 0.05625 0.22685185185185186
1 0.46458333333333335 0.4393518518518519 0.058333333333333334 0.16574074074074074
1 0.4278645833333333 0.3143518518518519 0.03697916666666667 0.14351851851851852
1 0.45260416666666664 0.29305555555555557 0.026041666666666668 0.10092592592592593
1 0.3065104166666667 0.31527777777777777 0.0359375 0.13425925925925927
1 0.24609375 0.3314814814814815 0.033854166666666664 0.1277777777777778
1 0.2661458333333333 0.3148148148148148 0.03125 0.07962962962962963
1 0.21927083333333333 0.31712962962962965 0.027083333333333334 0.10277777777777779
1 0.19322916666666667 0.3375 0.04479166666666667 0.10833333333333334
1 0.14817708333333332 0.3287037037037037 0.0328125 0.11851851851851852
1 0.07265625 0.3277777777777778 0.024479166666666666 0.08518518518518518
