0 0.11328125 0.45972222222222225 0.0078125 0.02314814814814815
1 0.9734375 0.33564814814814814 0.034375 0.18611111111111112
1 0.8328125 0.39305555555555555 0.0625 0.26203703703703707
1 0.8682291666666666 0.3180555555555556 0.03229166666666666 0.1398148148148148
1 0.7447916666666666 0.3439814814814815 0.028125 0.13796296296296298
1 0.5575520833333333 0.42638888888888893 0.05364583333333333 0.2638888888888889
1 0.5401041666666666 0.3625 0.028125 0.13611111111111113
1 0.503125 0.35694444444444445 0.016666666666666666 0.09351851851851853
1 0.37890625 0.3814814814814815 0.025520833333333333 0.11851851851851852
1 0.3026041666666667 0.4046296296296297 0.03229166666666666 0.12592592592592594
1 0.3138020833333333 0.38101851851851853 0.019270833333333334 0.09907407407407408
1 0.24947916666666667 0.4064814814814815 0.03333333333333333 0.11111111111111112
1 0.22213541666666667 0.4064814814814815 0.034895833333333334 0.11481481481481481
1 0.17291666666666666 0.41481481481481486 0.028125 0.07777777777777778
1 0.17838541666666666 0.3995370370370371 0.019270833333333334 0.07314814814814816
1 0.15026041666666667 0.4101851851851852 0.0234375 0.08333333333333334
1 0.02109375 0.47731481481481486 0.03802083333333333 0.22870370370370371
