0 0.6541666666666667 0.3861111111111111 0.0125 0.02777777777777778
1 0.8828125 0.5574074074074075 0.028125 0.11851851851851852
1 0.8572916666666667 0.5356481481481482 0.029166666666666667 0.10833333333333334
1 0.8200520833333333 0.575925925925926 0.027604166666666666 0.15925925925925927
1 0.7408854166666666 0.675462962962963 0.05364583333333333 0.2490740740740741
1 0.7645833333333333 0.5347222222222222 0.029166666666666667 0.13055555555555556
1 0.7203125 0.5268518518518519 0.03229166666666666 0.11481481481481481
1 0.6880208333333333 0.5023148148148149 0.028125 0.10833333333333334
1 0.5940104166666667 0.4865740740740741 0.0234375 0.10092592592592593
1 0.5627604166666667 0.4916666666666667 0.022395833333333334 0.10740740740740741
1 0.5294270833333333 0.5041666666666667 0.0203125 0.10462962962962963
1 0.5078125 0.5101851851851852 0.030208333333333334 0.12407407407407407
1 0.15494791666666666 0.6180555555555556 0.05260416666666667 0.23425925925925928
1 0.15546875 0.5125000000000001 0.0203125 0.062037037037037036
1 0.0109375 0.49444444444444446 0.017708333333333333 0.1277777777777778
