0 0.21067708333333332 0.5773148148148148 0.009895833333333333 0.021296296296296296
1 0.9734375 0.41712962962962963 0.026041666666666668 0.1287037037037037
1 0.8307291666666666 0.4342592592592593 0.027083333333333334 0.12407407407407407
1 0.63515625 0.4712962962962963 0.03697916666666667 0.14814814814814814
1 0.5888020833333333 0.5115740740740741 0.04739583333333333 0.22314814814814815
1 0.5591145833333333 0.46481481481481485 0.027604166666666666 0.07222222222222223
1 0.4114583333333333 0.5032407407407408 0.04375 0.13055555555555556
1 0.38958333333333334 0.49259259259259264 0.027083333333333334 0.11666666666666667
1 0.4140625 0.4814814814814815 0.029166666666666667 0.08148148148148149
1 0.3015625 0.4962962962962963 0.020833333333333332 0.07777777777777778
1 0.2265625 0.5217592592592593 0.05 0.11203703703703705
1 0.20625 0.5226851851851853 0.026041666666666668 0.10648148148148148
1 0.17994791666666665 0.5425925925925926 0.0359375 0.11851851851851852
1 0.09479166666666666 0.5527777777777778 0.046875 0.15185185185185185
