0 0.16614583333333333 0.3976851851851852 0.014583333333333334 0.019444444444444445
1 0.8794270833333333 0.31342592592592594 0.0390625 0.18425925925925926
1 0.81328125 0.29953703703703705 0.030729166666666665 0.13425925925925927
1 0.7208333333333333 0.3666666666666667 0.06041666666666667 0.23333333333333334
1 0.6643229166666667 0.3180555555555556 0.025520833333333333 0.14351851851851852
1 0.47682291666666665 0.4425925925925926 0.05364583333333333 0.20185185185185187
1 0.47109375 0.3148148148148148 0.0265625 0.07962962962962963
1 0.4458333333333333 0.31666666666666665 0.016666666666666666 0.07592592592592592
1 0.32135416666666666 0.3472222222222222 0.029166666666666667 0.1277777777777778
1 0.25 0.36574074074074076 0.034375 0.12962962962962962
1 0.2265625 0.3453703703703704 0.014583333333333334 0.07777777777777778
1 0.19479166666666667 0.3712962962962963 0.03125 0.10740740740740741
1 0.20729166666666665 0.3615740740740741 0.028125 0.08796296296296297
1 0.13177083333333334 0.3740740740740741 0.03125 0.12037037037037038
1 0.08776041666666666 0.3685185185185185 0.019270833333333334 0.08888888888888889
