1 0.9846354166666667 0.375462962962963 0.0234375 0.14537037037037037
1 0.9033854166666666 0.3861111111111111 0.024479166666666666 0.13148148148148148
1 0.6541666666666667 0.4365740740740741 0.04583333333333333 0.15092592592592594
1 0.6049479166666667 0.48379629629629634 0.05677083333333333 0.22685185185185186
1 0.62109375 0.4337962962962963 0.022395833333333334 0.10648148148148148
1 0.4783854166666667 0.4425925925925926 0.025520833333333333 0.08518518518518518
1 0.45703125 0.46851851851851856 0.0390625 0.11851851851851852
1 0.41484375 0.48194444444444445 0.03697916666666667 0.1527777777777778
1 0.3463541666666667 0.4620370370370371 0.02395833333333333 0.08148148148148149
1 0.2796875 0.5046296296296297 0.03333333333333333 0.15925925925925927
1 0.11848958333333333 0.5449074074074074 0.0515625 0.14722222222222223
