0 0.8098958333333334 0.7490740740740741 0.020833333333333332 0.0462962962962963
1 0.7890625 0.7226851851851852 0.07395833333333333 0.21574074074074076
1 0.8822916666666667 0.5800925925925926 0.027083333333333334 0.11203703703703705
1 0.825 0.6055555555555556 0.03125 0.15555555555555556
1 0.8278645833333333 0.5481481481481482 0.027604166666666666 0.09444444444444444
1 0.7703125 0.5597222222222222 0.027083333333333334 0.1175925925925926
1 0.7372395833333333 0.5560185185185186 0.021354166666666667 0.11018518518518519
1 0.6901041666666666 0.5337962962962963 0.030208333333333334 0.10092592592592593
1 0.5716145833333334 0.5180555555555556 0.0234375 0.10462962962962963
1 0.5466145833333333 0.5064814814814815 0.021354166666666667 0.08148148148148149
1 0.52421875 0.5277777777777778 0.021354166666666667 0.10555555555555556
1 0.4973958333333333 0.5370370370370371 0.01875 0.11666666666666667
1 0.15416666666666667 0.600462962962963 0.03333333333333333 0.20462962962962963
1 0.1015625 0.6467592592592593 0.04479166666666667 0.25833333333333336
