0 0.9403645833333333 0.6319444444444444 0.0109375 0.021296296296296296
1 0.9588541666666667 0.5861111111111111 0.026041666666666668 0.08888888888888889
1 0.78828125 0.8518518518518519 0.0828125 0.28703703703703703
1 0.7859375 0.6597222222222222 0.04479166666666667 0.17500000000000002
1 0.79609375 0.6023148148148149 0.0203125 0.09166666666666667
1 0.7455729166666667 0.6138888888888889 0.022395833333333334 0.12962962962962962
1 0.70390625 0.5861111111111111 0.022395833333333334 0.10925925925925926
1 0.67265625 0.5726851851851852 0.024479166666666666 0.10092592592592593
1 0.5484375 0.5939814814814816 0.029166666666666667 0.13240740740740742
1 0.56015625 0.5643518518518519 0.025520833333333333 0.10462962962962963
1 0.50546875 0.5606481481481481 0.021354166666666667 0.10092592592592593
1 0.47552083333333334 0.5773148148148148 0.029166666666666667 0.11018518518518519
1 0.2526041666666667 0.5666666666666667 0.029166666666666667 0.12037037037037038
1 0.08723958333333333 0.6226851851851852 0.0515625 0.17500000000000002
