0 0.8255208333333334 0.8425925925925927 0.026041666666666668 0.04259259259259259
1 0.7841145833333333 0.8018518518518519 0.06197916666666667 0.32222222222222224
1 0.8468749999999999 0.6277777777777778 0.030208333333333334 0.16111111111111112
1 0.82890625 0.5953703703703704 0.0234375 0.12407407407407407
1 0.7625 0.5606481481481481 0.029166666666666667 0.10092592592592593
1 0.73828125 0.5814814814814815 0.034895833333333334 0.11851851851851852
1 0.6828125 0.575462962962963 0.03333333333333333 0.11018518518518519
1 0.6765625 0.5467592592592593 0.01875 0.10092592592592593
1 0.5854166666666667 0.5467592592592593 0.017708333333333333 0.10092592592592593
1 0.5177083333333333 0.5606481481481481 0.026041666666666668 0.10833333333333334
1 0.5119791666666667 0.5324074074074074 0.01875 0.09074074074074075
1 0.46119791666666665 0.5625 0.024479166666666666 0.1287037037037037
1 0.15494791666666666 0.637962962962963 0.034895833333333334 0.19814814814814816
1 0.02734375 0.6870370370370371 0.050520833333333334 0.24814814814814815
