0 0.9317708333333333 0.6236111111111111 0.014583333333333334 0.028703703703703703
1 0.9578125 0.5819444444444445 0.01875 0.10092592592592593
1 0.7966145833333333 0.6523148148148148 0.050520833333333334 0.1824074074074074
1 0.8015625 0.5898148148148148 0.013541666666666667 0.07777777777777778
1 0.6794270833333333 0.6055555555555556 0.0265625 0.1277777777777778
1 0.6963541666666666 0.5750000000000001 0.027083333333333334 0.11481481481481481
1 0.6393229166666666 0.5685185185185185 0.024479166666666666 0.10925925925925926
1 0.5505208333333333 0.5944444444444444 0.029166666666666667 0.12592592592592594
1 0.5528645833333333 0.5606481481481481 0.024479166666666666 0.10462962962962963
1 0.46770833333333334 0.5898148148148148 0.029166666666666667 0.12407407407407407
1 0.47682291666666665 0.5615740740740741 0.03177083333333333 0.11388888888888889
1 0.203125 0.5666666666666667 0.030208333333333334 0.11666666666666667
1 0.10338541666666666 0.6111111111111112 0.0390625 0.16296296296296298
