1 0.9114583333333334 0.18472222222222223 0.03125 0.13796296296296298
1 0.8434895833333333 0.21296296296296297 0.03697916666666667 0.15555555555555556
1 0.7041666666666666 0.17037037037037037 0.027083333333333334 0.10925925925925926
1 0.6856770833333333 0.1625 0.0234375 0.09351851851851853
1 0.5572916666666666 0.23564814814814816 0.058333333333333334 0.14907407407407408
1 0.5625 0.15185185185185185 0.03229166666666666 0.07592592592592592
1 0.525 0.16944444444444445 0.03333333333333333 0.09814814814814815
1 0.41744791666666664 0.18194444444444446 0.0359375 0.10833333333333334
1 0.28411458333333334 0.1800925925925926 0.024479166666666666 0.09722222222222222
0 0.44166666666666665 0.17314814814814816 0.016666666666666666 0.03333333333333333
