0 0.09947916666666666 0.5268518518518519 0.013541666666666667 0.03333333333333333
1 0.9635416666666666 0.36064814814814816 0.030208333333333334 0.14351851851851852
1 0.88046875 0.38796296296296295 0.030729166666666665 0.15555555555555556
1 0.6419270833333334 0.46342592592592596 0.0484375 0.25277777777777777
1 0.5986979166666666 0.3888888888888889 0.024479166666666666 0.10370370370370371
1 0.4705729166666667 0.42129629629629634 0.027604166666666666 0.12037037037037038
1 0.43359375 0.4138888888888889 0.019270833333333334 0.08703703703703704
1 0.3515625 0.45787037037037037 0.06041666666666667 0.125
1 0.3020833333333333 0.44722222222222224 0.025 0.11111111111111112
1 0.20234375 0.4625 0.0265625 0.09537037037037037
1 0.12916666666666665 0.5092592592592593 0.057291666666666664 0.1962962962962963
