0 0.7955729166666666 0.8277777777777778 0.021354166666666667 0.037037037037037035
1 0.7364583333333333 0.8074074074074075 0.07395833333333333 0.32222222222222224
1 0.8151041666666666 0.6189814814814815 0.03125 0.1675925925925926
1 0.7427083333333333 0.5712962962962963 0.020833333333333332 0.11481481481481481
1 0.7315104166666666 0.5449074074074074 0.0234375 0.09351851851851853
1 0.7036458333333333 0.5509259259259259 0.028125 0.10555555555555556
1 0.5875 0.5564814814814815 0.027083333333333334 0.12407407407407407
1 0.56171875 0.5273148148148148 0.022395833333333334 0.10092592592592593
1 0.48776041666666664 0.524537037037037 0.022395833333333334 0.09166666666666667
1 0.44609375 0.538425925925926 0.0234375 0.10277777777777779
1 0.3625 0.5393518518518519 0.027083333333333334 0.1212962962962963
1 0.15885416666666666 0.6166666666666667 0.042708333333333334 0.20185185185185187
