0 0.2515625 0.5333333333333333 0.015625 0.03518518518518519
1 0.9796874999999999 0.5041666666666667 0.03333333333333333 0.33796296296296297
1 0.9544270833333334 0.40925925925925927 0.027604166666666666 0.11666666666666667
1 0.8283854166666667 0.4277777777777778 0.0265625 0.12592592592592594
1 0.58984375 0.5041666666666667 0.0421875 0.2175925925925926
1 0.6106770833333334 0.4625 0.0328125 0.13055555555555556
1 0.47161458333333334 0.4638888888888889 0.021354166666666667 0.08148148148148149
1 0.3692708333333333 0.5064814814814815 0.03854166666666667 0.11296296296296297
1 0.34739583333333335 0.4939814814814815 0.026041666666666668 0.09907407407407408
1 0.3143229166666667 0.4930555555555556 0.024479166666666666 0.10092592592592593
1 0.32734375 0.4810185185185185 0.0234375 0.08611111111111111
1 0.30390625 0.47731481481481486 0.0234375 0.08611111111111111
1 0.21822916666666667 0.5101851851851852 0.027083333333333334 0.0962962962962963
1 0.18177083333333333 0.5180555555555556 0.030208333333333334 0.11574074074074074
1 0.1390625 0.5402777777777777 0.03229166666666666 0.12685185185185185
1 0.04505208333333333 0.5314814814814816 0.021354166666666667 0.08888888888888889
