0 0.7997395833333333 0.9199074074074074 0.0234375 0.05462962962962963
1 0.7684895833333333 0.8314814814814815 0.07552083333333333 0.312962962962963
1 0.7986979166666667 0.6486111111111111 0.034895833333333334 0.18055555555555555
1 0.7875 0.6041666666666667 0.028125 0.13425925925925927
1 0.7375 0.5925925925925926 0.029166666666666667 0.11481481481481481
1 0.7125 0.5694444444444444 0.026041666666666668 0.10370370370370371
1 0.696875 0.5615740740740741 0.026041666666666668 0.09907407407407408
1 0.5591145833333333 0.5898148148148148 0.027604166666666666 0.1277777777777778
1 0.5703125 0.5606481481481481 0.02395833333333333 0.10833333333333334
1 0.50703125 0.5550925925925926 0.022395833333333334 0.10462962962962963
1 0.46510416666666665 0.5722222222222223 0.028125 0.12037037037037038
1 0.3065104166666667 0.5625 0.033854166666666664 0.11203703703703705
1 0.13359375 0.625462962962963 0.04114583333333333 0.17685185185185187
