0 0.28072916666666664 0.5578703703703703 0.013541666666666667 0.028703703703703703
1 0.9684895833333333 0.38981481481481484 0.04010416666666666 0.13518518518518519
1 0.859375 0.40555555555555556 0.028125 0.1277777777777778
1 0.6447916666666667 0.44907407407407407 0.035416666666666666 0.1537037037037037
1 0.5848958333333333 0.4912037037037037 0.05520833333333333 0.2212962962962963
1 0.4419270833333333 0.44907407407407407 0.0203125 0.08703703703703704
1 0.4354166666666667 0.49074074074074076 0.04479166666666667 0.1277777777777778
1 0.39609375 0.4847222222222222 0.033854166666666664 0.13240740740740742
1 0.3111979166666667 0.47314814814814815 0.024479166666666666 0.08518518518518518
1 0.28828125 0.5092592592592593 0.05260416666666667 0.10740740740740741
1 0.25338541666666664 0.49259259259259264 0.027604166666666666 0.10925925925925926
1 0.12291666666666666 0.5310185185185186 0.03125 0.14166666666666666
