0 0.9114583333333334 0.5944444444444444 0.015625 0.03333333333333333
1 0.9291666666666667 0.5611111111111111 0.06458333333333333 0.12037037037037038
1 0.8630208333333333 0.5606481481481481 0.029166666666666667 0.13240740740740742
1 0.8143229166666667 0.5393518518518519 0.0328125 0.11574074074074074
1 0.75546875 0.6509259259259259 0.05364583333333333 0.21481481481481482
1 0.7658854166666667 0.5226851851851853 0.022395833333333334 0.09166666666666667
1 0.7291666666666666 0.5370370370370371 0.030208333333333334 0.12037037037037038
1 0.6950520833333333 0.5435185185185185 0.024479166666666666 0.12037037037037038
1 0.615625 0.612037037037037 0.046875 0.20740740740740743
1 0.51640625 0.4962962962962963 0.019270833333333334 0.08518518518518518
1 0.30859375 0.6046296296296296 0.0515625 0.20740740740740743
1 0.2786458333333333 0.5120370370370371 0.027083333333333334 0.11296296296296297
1 0.25494791666666666 0.48564814814814816 0.022395833333333334 0.09907407407407408
1 0.21015625 0.5263888888888889 0.024479166666666666 0.13796296296296298
1 0.11276041666666667 0.5837962962962964 0.05364583333333333 0.2138888888888889
