0 0.5815104166666667 0.26666666666666666 0.019270833333333334 0.02962962962962963
1 0.8697916666666666 0.5101851851851852 0.029166666666666667 0.1277777777777778
1 0.8429687499999999 0.4791666666666667 0.0265625 0.10092592592592593
1 0.7328125 0.6185185185185186 0.057291666666666664 0.24074074074074076
1 0.7791666666666667 0.5217592592592593 0.025 0.14351851851851852
1 0.76171875 0.49074074074074076 0.0234375 0.10555555555555556
1 0.6783854166666666 0.47731481481481486 0.024479166666666666 0.10833333333333334
1 0.6833333333333333 0.45231481481481484 0.01875 0.09722222222222222
1 0.6005208333333333 0.4425925925925926 0.02395833333333333 0.08518518518518518
1 0.5440104166666666 0.4513888888888889 0.024479166666666666 0.09907407407407408
1 0.5205729166666666 0.46342592592592596 0.0203125 0.10092592592592593
1 0.49973958333333335 0.4777777777777778 0.025520833333333333 0.11851851851851852
1 0.221875 0.5615740740740741 0.04583333333333333 0.21944444444444444
1 0.15833333333333333 0.5375 0.041666666666666664 0.19351851851851853
1 0.03333333333333333 0.4587962962962963 0.035416666666666666 0.12685185185185185
