1 0.78046875 0.4351851851851852 0.022395833333333334 0.11851851851851852
1 0.6346354166666667 0.46064814814814814 0.024479166666666666 0.14166666666666666
1 0.60625 0.412962962962963 0.014583333333333334 0.08888888888888889
1 0.5473958333333333 0.4314814814814815 0.025 0.10740740740740741
1 0.34140625 0.48564814814814816 0.0359375 0.13796296296296298
1 0.3328125 0.4305555555555556 0.026041666666666668 0.0925925925925926
1 0.25234375 0.4314814814814815 0.025520833333333333 0.09444444444444444
1 0.18776041666666665 0.40740740740740744 0.0203125 0.07777777777777778
1 0.14713541666666666 0.41111111111111115 0.021354166666666667 0.08518518518518518
0 0.175 0.43842592592592594 0.0125 0.02314814814814815
