1 0.8916666666666666 0.3685185185185185 0.028125 0.08888888888888889
1 0.8559895833333333 0.3648148148148148 0.0234375 0.08888888888888889
1 0.7651041666666667 0.36712962962962964 0.028125 0.10277777777777779
1 0.7411458333333333 0.36203703703703705 0.027083333333333334 0.08333333333333334
1 0.6627604166666666 0.3490740740740741 0.018229166666666668 0.07777777777777778
1 0.6424479166666667 0.35694444444444445 0.022395833333333334 0.09722222222222222
1 0.5927083333333333 0.36944444444444446 0.026041666666666668 0.12962962962962962
1 0.5651041666666666 0.34814814814814815 0.017708333333333333 0.07592592592592592
1 0.5221354166666666 0.36064814814814816 0.021354166666666667 0.10833333333333334
1 0.4901041666666667 0.34814814814814815 0.015625 0.06851851851851852
1 0.41302083333333334 0.35185185185185186 0.019791666666666666 0.08703703703703704
1 0.33229166666666665 0.39166666666666666 0.03333333333333333 0.17407407407407408
1 0.0984375 0.36064814814814816 0.027083333333333334 0.14351851851851852
0 0.7776041666666667 0.4050925925925926 0.0125 0.026851851851851852
