1 0.9734375 0.42962962962962964 0.028125 0.12222222222222223
1 0.9161458333333333 0.4476851851851852 0.028125 0.1398148148148148
1 0.71796875 0.48240740740740745 0.05260416666666667 0.1962962962962963
1 0.67109375 0.4532407407407408 0.03697916666666667 0.14166666666666666
1 0.6223958333333334 0.4481481481481482 0.027083333333333334 0.11296296296296297
1 0.5125 0.45092592592592595 0.027083333333333334 0.11111111111111112
1 0.47552083333333334 0.4842592592592593 0.027083333333333334 0.1574074074074074
1 0.49192708333333335 0.4587962962962963 0.0234375 0.13796296296296298
1 0.35625 0.4666666666666667 0.03229166666666666 0.12962962962962962
1 0.08098958333333334 0.5050925925925926 0.050520833333333334 0.18055555555555555
