1 0.9528645833333333 0.40925925925925927 0.022395833333333334 0.10185185185185186
1 0.8966145833333333 0.4217592592592593 0.0265625 0.11388888888888889
1 0.81875 0.4356481481481482 0.030208333333333334 0.14907407407407408
1 0.6533854166666666 0.45787037037037037 0.03697916666666667 0.17500000000000002
1 0.6317708333333333 0.4324074074074074 0.03229166666666666 0.12407407407407407
1 0.5734375 0.4314814814814815 0.030208333333333334 0.10740740740740741
1 0.46328125 0.4439814814814815 0.033854166666666664 0.13611111111111113
1 0.44817708333333334 0.42638888888888893 0.0234375 0.10462962962962963
1 0.39427083333333335 0.4666666666666667 0.030208333333333334 0.16481481481481483
1 0.35260416666666666 0.44027777777777777 0.03125 0.1287037037037037
1 0.196875 0.47731481481481486 0.07604166666666666 0.1824074074074074
1 0.153125 0.48333333333333334 0.0625 0.16666666666666669
0 0.0921875 0.5444444444444445 0.01875 0.03333333333333333
