1 0.8104166666666667 0.27314814814814814 0.027083333333333334 0.12037037037037038
1 0.7270833333333333 0.3013888888888889 0.041666666666666664 0.14907407407407408
1 0.5411458333333333 0.27175925925925926 0.02395833333333333 0.09722222222222222
1 0.43203125 0.2986111111111111 0.024479166666666666 0.10092592592592593
1 0.3458333333333333 0.32222222222222224 0.03333333333333333 0.12037037037037038
1 0.20130208333333333 0.3041666666666667 0.022395833333333334 0.09722222222222222
1 0.14869791666666665 0.3791666666666667 0.0359375 0.16574074074074074
1 0.09375 0.2986111111111111 0.025 0.09351851851851853
1 0.0265625 0.2916666666666667 0.019791666666666666 0.06851851851851852
0 0.06640625 0.3236111111111111 0.009895833333333333 0.019444444444444445
