0 0.3416666666666667 0.6861111111111111 0.016666666666666666 0.02962962962962963
1 0.7091145833333333 0.7412037037037037 0.05677083333333333 0.18981481481481483
1 0.7434895833333334 0.6462962962962964 0.022395833333333334 0.13148148148148148
1 0.6630208333333333 0.6129629629629629 0.030208333333333334 0.12407407407407407
1 0.63828125 0.6064814814814815 0.022395833333333334 0.11481481481481481
1 0.5645833333333333 0.6666666666666667 0.03229166666666666 0.1537037037037037
1 0.5440104166666666 0.6023148148148149 0.022395833333333334 0.10648148148148148
1 0.43463541666666666 0.6023148148148149 0.0234375 0.09907407407407408
1 0.40781249999999997 0.625925925925926 0.030208333333333334 0.11851851851851852
1 0.34791666666666665 0.6231481481481481 0.03333333333333333 0.11666666666666667
1 0.2515625 0.6648148148148149 0.027083333333333334 0.16111111111111112
1 0.2716145833333333 0.6226851851851852 0.022395833333333334 0.1287037037037037
1 0.18046875 0.6305555555555555 0.03697916666666667 0.12407407407407407
