0 0.3216145833333333 0.4810185185185185 0.011979166666666666 0.019444444444444445
1 0.9364583333333333 0.48379629629629634 0.053125 0.22314814814814815
1 0.87578125 0.4305555555555556 0.021354166666666667 0.0962962962962963
1 0.8526041666666666 0.42314814814814816 0.016666666666666666 0.08148148148148149
1 0.81796875 0.42685185185185187 0.021354166666666667 0.08518518518518518
1 0.7859375 0.44537037037037036 0.03125 0.12592592592592594
1 0.6520833333333333 0.4351851851851852 0.028125 0.12592592592592594
1 0.5971354166666667 0.4287037037037037 0.0234375 0.08518518518518518
1 0.54375 0.4226851851851852 0.029166666666666667 0.10092592592592593
1 0.47578125 0.4236111111111111 0.024479166666666666 0.09537037037037037
1 0.3776041666666667 0.4518518518518519 0.04375 0.16296296296296298
1 0.2942708333333333 0.4287037037037037 0.029166666666666667 0.11666666666666667
1 0.23541666666666666 0.46111111111111114 0.03958333333333333 0.16111111111111112
1 0.10625 0.45462962962962966 0.04479166666666667 0.16111111111111112
