0 0.25104166666666666 0.5180555555555556 0.014583333333333334 0.030555555555555558
1 0.98515625 0.42962962962962964 0.0265625 0.11851851851851852
1 0.9263020833333333 0.4365740740740741 0.0328125 0.1398148148148148
1 0.8645833333333334 0.4199074074074074 0.030208333333333334 0.08425925925925926
1 0.7611979166666667 0.41712962962962963 0.0265625 0.09351851851851853
1 0.7151041666666667 0.4314814814814815 0.029166666666666667 0.11481481481481481
1 0.63359375 0.4337962962962963 0.04010416666666666 0.13796296296296298
1 0.5854166666666667 0.4287037037037037 0.040625 0.12407407407407407
1 0.50078125 0.4425925925925926 0.034895833333333334 0.15925925925925927
1 0.4197916666666667 0.42592592592592593 0.029166666666666667 0.12222222222222223
1 0.428125 0.425 0.03229166666666666 0.11666666666666667
1 0.3497395833333333 0.4481481481481482 0.0640625 0.15555555555555556
1 0.28411458333333334 0.4217592592592593 0.033854166666666664 0.10648148148148148
1 0.22421875 0.4666666666666667 0.05677083333333333 0.1685185185185185
1 0.23046875 0.4287037037037037 0.03177083333333333 0.13148148148148148
1 0.12057291666666667 0.4481481481481482 0.049479166666666664 0.16296296296296298
