0 0.065625 0.3439814814814815 0.015625 0.025
1 0.7973958333333333 0.30462962962962964 0.030208333333333334 0.12407407407407407
1 0.7065104166666667 0.33055555555555555 0.0359375 0.15
1 0.5489583333333333 0.2935185185185185 0.028125 0.09074074074074075
1 0.43984375 0.3236111111111111 0.0265625 0.10833333333333334
1 0.33567708333333335 0.3375 0.03177083333333333 0.125
1 0.20625 0.3277777777777778 0.03229166666666666 0.10555555555555556
1 0.18177083333333333 0.39166666666666666 0.04791666666666666 0.15185185185185185
1 0.09869791666666666 0.31574074074074077 0.0234375 0.07407407407407407
1 0.031510416666666666 0.3023148148148148 0.021354166666666667 0.06574074074074074
