0 0.9895833333333334 0.5064814814814815 0.013541666666666667 0.02777777777777778
1 0.9317708333333333 0.45601851851851855 0.030208333333333334 0.09351851851851853
1 0.9190104166666666 0.4439814814814815 0.024479166666666666 0.10092592592592593
1 0.7421875 0.45 0.025 0.10925925925925926
1 0.7388020833333333 0.4342592592592593 0.0203125 0.08888888888888889
1 0.6973958333333333 0.45092592592592595 0.035416666666666666 0.13333333333333333
1 0.6604166666666667 0.45787037037037037 0.03333333333333333 0.15092592592592594
1 0.5416666666666666 0.49259259259259264 0.04895833333333333 0.20925925925925926
1 0.55859375 0.4287037037037037 0.024479166666666666 0.08888888888888889
1 0.48463541666666665 0.43333333333333335 0.022395833333333334 0.09074074074074075
1 0.3341145833333333 0.4236111111111111 0.025520833333333333 0.09537037037037037
1 0.22682291666666665 0.425 0.022395833333333334 0.11666666666666667
1 0.06770833333333333 0.45092592592592595 0.04583333333333333 0.11111111111111112
