1 0.9447916666666667 0.24027777777777778 0.042708333333333334 0.2101851851851852
1 0.8794270833333333 0.13564814814814816 0.03697916666666667 0.1287037037037037
1 0.8177083333333334 0.1638888888888889 0.03958333333333333 0.1574074074074074
1 0.49244791666666665 0.14722222222222223 0.022395833333333334 0.08888888888888889
1 0.3963541666666667 0.2050925925925926 0.029166666666666667 0.13611111111111113
1 0.40859375 0.1851851851851852 0.0203125 0.11851851851851852
1 0.15546875 0.19675925925925927 0.022395833333333334 0.09907407407407408
1 0.08020833333333333 0.287962962962963 0.042708333333333334 0.17222222222222222
1 0.03854166666666667 0.20046296296296298 0.028125 0.09537037037037037
0 0.04739583333333333 0.23564814814814816 0.0125 0.017592592592592594
