0 0.8791666666666667 0.34305555555555556 0.016666666666666666 0.026851851851851852
1 0.8630208333333333 0.33333333333333337 0.03333333333333333 0.1277777777777778
1 0.82890625 0.3148148148148148 0.0171875 0.07962962962962963
1 0.8122395833333333 0.3138888888888889 0.019270833333333334 0.07777777777777778
1 0.7528645833333333 0.3138888888888889 0.0234375 0.07777777777777778
1 0.675 0.3092592592592593 0.025 0.07592592592592592
1 0.6513020833333333 0.32175925925925924 0.022395833333333334 0.10462962962962963
1 0.628125 0.3199074074074074 0.013541666666666667 0.08981481481481482
1 0.61171875 0.31203703703703706 0.011979166666666666 0.07777777777777778
1 0.54609375 0.33935185185185185 0.033854166666666664 0.13240740740740742
1 0.48411458333333335 0.31527777777777777 0.021354166666666667 0.09166666666666667
1 0.4453125 0.3148148148148148 0.017708333333333333 0.07962962962962963
1 0.3640625 0.33240740740740743 0.028125 0.12592592592592594
1 0.18723958333333332 0.37824074074074077 0.0390625 0.18981481481481483
1 0.16145833333333334 0.3402777777777778 0.01875 0.13425925925925927
1 0.07760416666666667 0.3375 0.026041666666666668 0.1287037037037037
