1 0.9427083333333334 0.39675925925925926 0.029166666666666667 0.09907407407407408
1 0.87109375 0.45555555555555555 0.049479166666666664 0.23703703703703705
1 0.8692708333333333 0.39722222222222225 0.030208333333333334 0.12037037037037038
1 0.77421875 0.4199074074074074 0.034895833333333334 0.14537037037037037
1 0.7627604166666666 0.4064814814814815 0.025520833333333333 0.12962962962962962
1 0.6442708333333333 0.40601851851851856 0.028125 0.09537037037037037
1 0.553125 0.40740740740740744 0.03125 0.11296296296296297
1 0.5143229166666666 0.4041666666666667 0.0234375 0.09907407407407408
1 0.3458333333333333 0.44722222222222224 0.03333333333333333 0.1685185185185185
1 0.228125 0.4430555555555556 0.04479166666666667 0.17685185185185187
1 0.12864583333333332 0.4287037037037037 0.03333333333333333 0.13518518518518519
1 0.05286458333333333 0.4569444444444445 0.0484375 0.18796296296296297
0 0.13802083333333334 0.5013888888888889 0.016666666666666666 0.028703703703703703
