1 0.8828125 0.33425925925925926 0.030208333333333334 0.12592592592592594
1 0.8294270833333334 0.312962962962963 0.018229166666666668 0.08333333333333334
1 0.7588541666666666 0.31712962962962965 0.015625 0.0712962962962963
1 0.6638020833333333 0.3226851851851852 0.024479166666666666 0.09907407407407408
1 0.675 0.3055555555555556 0.013541666666666667 0.07222222222222223
1 0.6325520833333333 0.3199074074074074 0.022395833333333334 0.09722222222222222
1 0.6106770833333334 0.3101851851851852 0.011979166666666666 0.07777777777777778
1 0.5489583333333333 0.3402777777777778 0.034375 0.13425925925925927
1 0.49296875 0.3189814814814815 0.0234375 0.08796296296296297
1 0.44765625 0.3148148148148148 0.022395833333333334 0.07962962962962963
1 0.37213541666666666 0.3351851851851852 0.021354166666666667 0.12037037037037038
1 0.18385416666666665 0.37824074074074077 0.041666666666666664 0.19351851851851853
1 0.15807291666666667 0.3439814814814815 0.0234375 0.13796296296296298
1 0.09322916666666667 0.34120370370370373 0.03229166666666666 0.125
