0 0.21979166666666666 0.475462962962963 0.0125 0.02314814814814815
1 0.9330729166666667 0.4152777777777778 0.019270833333333334 0.09722222222222222
1 0.9119791666666667 0.41574074074074074 0.016666666666666666 0.08333333333333334
1 0.8770833333333333 0.4152777777777778 0.026041666666666668 0.08981481481481482
1 0.90078125 0.4763888888888889 0.0546875 0.22685185185185186
1 0.83359375 0.4226851851851852 0.021354166666666667 0.10092592592592593
1 0.8109375 0.4365740740740741 0.03229166666666666 0.14351851851851852
1 0.7125 0.42685185185185187 0.030208333333333334 0.12037037037037038
1 0.6263020833333334 0.41805555555555557 0.021354166666666667 0.09166666666666667
1 0.5682291666666667 0.4236111111111111 0.030208333333333334 0.10277777777777779
1 0.5018229166666667 0.42083333333333334 0.021354166666666667 0.09351851851851853
1 0.32708333333333334 0.45 0.04583333333333333 0.16296296296296298
1 0.2591145833333333 0.45462962962962966 0.0390625 0.16481481481481483
1 0.19791666666666666 0.4277777777777778 0.03333333333333333 0.12222222222222223
1 0.08645833333333333 0.45416666666666666 0.04791666666666666 0.17500000000000002
