0 0.32838541666666665 0.6819444444444445 0.009895833333333333 0.025
1 0.7442708333333333 0.6462962962962964 0.027083333333333334 0.12037037037037038
1 0.66484375 0.7384259259259259 0.049479166666666664 0.1953703703703704
1 0.6643229166666667 0.6092592592592593 0.019270833333333334 0.08518518518518518
1 0.6471354166666666 0.6092592592592593 0.022395833333333334 0.0925925925925926
1 0.5692708333333333 0.6712962962962963 0.028125 0.15555555555555556
1 0.5359375 0.6111111111111112 0.029166666666666667 0.10555555555555556
1 0.41796875 0.6324074074074074 0.021354166666666667 0.12037037037037038
1 0.428125 0.5976851851851852 0.028125 0.08981481481481482
1 0.3333333333333333 0.6231481481481481 0.027083333333333334 0.11666666666666667
1 0.2557291666666667 0.6722222222222223 0.03229166666666666 0.1537037037037037
1 0.2557291666666667 0.6092592592592593 0.01875 0.08888888888888889
1 0.15703125 0.6305555555555555 0.04114583333333333 0.1277777777777778
