1 0.9330729166666667 0.4328703703703704 0.027604166666666666 0.10092592592592593
1 0.8940104166666667 0.45 0.04114583333333333 0.15925925925925927
1 0.7252604166666666 0.412962962962963 0.024479166666666666 0.08518518518518518
1 0.6661458333333333 0.41435185185185186 0.027083333333333334 0.09166666666666667
1 0.6453125 0.4046296296296297 0.01875 0.08703703703703704
1 0.6049479166666667 0.4189814814814815 0.03697916666666667 0.10092592592592593
1 0.5278645833333333 0.40324074074074073 0.025520833333333333 0.10092592592592593
1 0.47239583333333335 0.4138888888888889 0.029166666666666667 0.11851851851851852
1 0.4203125 0.42685185185185187 0.04791666666666666 0.14814814814814814
1 0.37786458333333334 0.40231481481481485 0.0234375 0.10648148148148148
1 0.18515625 0.42962962962962964 0.034895833333333334 0.16481481481481483
1 0.08984375 0.4101851851851852 0.034895833333333334 0.1462962962962963
0 0.8473958333333333 0.4467592592592593 0.011458333333333333 0.021296296296296296
