0 0.4106770833333333 0.4513888888888889 0.0109375 0.021296296296296296
1 0.9190104166666666 0.44907407407407407 0.049479166666666664 0.18888888888888888
1 0.7658854166666667 0.40324074074074073 0.022395833333333334 0.09351851851851853
1 0.7270833333333333 0.4013888888888889 0.016666666666666666 0.08611111111111111
1 0.7401041666666667 0.39675925925925926 0.013541666666666667 0.0638888888888889
1 0.69296875 0.4083333333333333 0.022395833333333334 0.09444444444444444
1 0.6604166666666667 0.4199074074074074 0.027083333333333334 0.11018518518518519
1 0.56171875 0.41111111111111115 0.022395833333333334 0.11296296296296297
1 0.5234375 0.40324074074074073 0.028125 0.09722222222222222
1 0.42343749999999997 0.40694444444444444 0.030208333333333334 0.10092592592592593
1 0.40078125 0.4324074074074074 0.04010416666666666 0.15185185185185185
1 0.3872395833333333 0.41111111111111115 0.024479166666666666 0.11296296296296297
1 0.20859375 0.43333333333333335 0.04114583333333333 0.1574074074074074
1 0.11015625 0.42453703703703705 0.050520833333333334 0.14722222222222223
