0 0.06302083333333333 0.3125 0.0125 0.019444444444444445
1 0.8216145833333334 0.23333333333333334 0.0265625 0.12592592592592594
1 0.7471354166666666 0.26435185185185184 0.0390625 0.14537037037037037
1 0.5359375 0.24120370370370373 0.03125 0.09166666666666667
1 0.4296875 0.27037037037037037 0.027083333333333334 0.11111111111111112
1 0.35260416666666666 0.300462962962963 0.03125 0.13611111111111113
1 0.19453125 0.28564814814814815 0.0265625 0.09907407407407408
1 0.12005208333333334 0.3615740740740741 0.05260416666666667 0.16944444444444445
1 0.07942708333333333 0.28564814814814815 0.0203125 0.09537037037037037
1 0.025520833333333333 0.26944444444444443 0.017708333333333333 0.05740740740740741
