1 0.9174479166666667 0.45601851851851855 0.050520833333333334 0.18981481481481483
1 0.9377604166666667 0.4185185185185185 0.021354166666666667 0.12037037037037038
1 0.7856770833333333 0.41111111111111115 0.024479166666666666 0.0925925925925926
1 0.7619791666666667 0.40555555555555556 0.014583333333333334 0.07407407407407407
1 0.7403645833333333 0.4101851851851852 0.021354166666666667 0.08703703703703704
1 0.6875 0.4314814814814815 0.029166666666666667 0.11111111111111112
1 0.6997395833333333 0.41712962962962963 0.0203125 0.09351851851851853
1 0.5815104166666667 0.42314814814814816 0.0234375 0.12037037037037038
1 0.5416666666666666 0.40740740740740744 0.019791666666666666 0.08148148148148149
1 0.5197916666666667 0.4152777777777778 0.030208333333333334 0.09722222222222222
1 0.4276041666666667 0.41805555555555557 0.029166666666666667 0.10277777777777779
1 0.38828125 0.4444444444444445 0.0515625 0.16296296296296298
1 0.3546875 0.41712962962962963 0.03333333333333333 0.10462962962962963
1 0.20781249999999998 0.44537037037037036 0.04479166666666667 0.16111111111111112
1 0.10442708333333334 0.43842592592592594 0.050520833333333334 0.14722222222222223
0 0.3755208333333333 0.46435185185185185 0.014583333333333334 0.028703703703703703
