1 0.8731770833333333 0.2657407407407408 0.04739583333333333 0.23703703703703705
1 0.8934895833333333 0.13796296296296298 0.0359375 0.11851851851851852
1 0.934375 0.11990740740740741 0.028125 0.125
1 0.46848958333333335 0.1439814814814815 0.025520833333333333 0.09537037037037037
1 0.44088541666666664 0.19861111111111113 0.03802083333333333 0.13425925925925927
1 0.38958333333333334 0.18333333333333335 0.029166666666666667 0.11851851851851852
1 0.11510416666666666 0.2162037037037037 0.035416666666666666 0.10277777777777779
1 0.016666666666666666 0.21712962962962964 0.027083333333333334 0.08981481481481482
1 0.04192708333333333 0.29814814814814816 0.0390625 0.15925925925925927
0 0.11510416666666666 0.25601851851851853 0.015625 0.019444444444444445
