1 0.9627604166666667 0.44212962962962965 0.022395833333333334 0.09722222222222222
1 0.9046875 0.4527777777777778 0.027083333333333334 0.11111111111111112
1 0.8255208333333334 0.4675925925925926 0.034375 0.13518518518518519
1 0.7322916666666667 0.5032407407407408 0.04479166666666667 0.21574074074074076
1 0.6598958333333333 0.475462962962963 0.03229166666666666 0.14722222222222223
1 0.59375 0.45972222222222225 0.03229166666666666 0.10462962962962963
1 0.49296875 0.4587962962962963 0.0234375 0.10648148148148148
1 0.48072916666666665 0.4675925925925926 0.028125 0.11666666666666667
1 0.4192708333333333 0.49583333333333335 0.03229166666666666 0.16944444444444445
1 0.23046875 0.4898148148148148 0.0421875 0.1425925925925926
1 0.03723958333333333 0.5060185185185185 0.05260416666666667 0.17500000000000002
