1 0.97265625 0.47175925925925927 0.0359375 0.09722222222222222
1 0.928125 0.44907407407407407 0.025 0.07962962962962963
1 0.8546874999999999 0.4587962962962963 0.026041666666666668 0.09537037037037037
1 0.7276041666666666 0.4569444444444445 0.029166666666666667 0.10277777777777779
1 0.734375 0.4425925925925926 0.013541666666666667 0.08148148148148149
1 0.68671875 0.46342592592592596 0.0328125 0.13240740740740742
1 0.6171875 0.46944444444444444 0.04375 0.15185185185185185
1 0.56640625 0.4986111111111111 0.0421875 0.2101851851851852
1 0.5393229166666667 0.4564814814814815 0.0203125 0.12222222222222223
1 0.5276041666666667 0.4287037037037037 0.028125 0.08518518518518518
1 0.47604166666666664 0.4393518518518519 0.016666666666666666 0.09537037037037037
1 0.340625 0.42962962962962964 0.026041666666666668 0.09444444444444444
1 0.23255208333333333 0.4324074074074074 0.022395833333333334 0.12037037037037038
1 0.08151041666666667 0.45972222222222225 0.04739583333333333 0.10462962962962963
0 0.8942708333333333 0.5032407407407408 0.013541666666666667 0.028703703703703703
