1 0.9338541666666667 0.4375 0.04479166666666667 0.18055555555555555
1 0.75625 0.40231481481481485 0.026041666666666668 0.09537037037037037
1 0.7265625 0.39675925925925926 0.025 0.08796296296296297
1 0.70234375 0.4013888888888889 0.025520833333333333 0.10833333333333334
1 0.63984375 0.4064814814814815 0.025520833333333333 0.10740740740740741
1 0.5479166666666666 0.40740740740740744 0.026041666666666668 0.11296296296296297
1 0.534375 0.3925925925925926 0.026041666666666668 0.07592592592592592
1 0.41796875 0.42083333333333334 0.043229166666666666 0.15092592592592594
1 0.4341145833333333 0.39675925925925926 0.024479166666666666 0.09166666666666667
1 0.21822916666666667 0.425 0.03333333333333333 0.16296296296296298
1 0.125 0.4152777777777778 0.04479166666666667 0.1398148148148148
0 0.44427083333333334 0.4467592592592593 0.011458333333333333 0.021296296296296296
