1 0.9583333333333334 0.44027777777777777 0.027083333333333334 0.10833333333333334
1 0.90078125 0.45787037037037037 0.0390625 0.1398148148148148
1 0.7046875 0.4861111111111111 0.04375 0.20740740740740743
1 0.6614583333333334 0.4615740740740741 0.029166666666666667 0.14351851851851852
1 0.6018229166666667 0.45092592592592595 0.021354166666666667 0.10740740740740741
1 0.5013020833333334 0.45046296296296295 0.0203125 0.10092592592592593
1 0.47734375 0.45787037037037037 0.027604166666666666 0.125
1 0.46171875 0.487962962962963 0.0328125 0.1574074074074074
1 0.32786458333333335 0.4703703703703704 0.033854166666666664 0.13333333333333333
1 0.031510416666666666 0.5125000000000001 0.0546875 0.1824074074074074
