1 0.9835937499999999 0.4361111111111111 0.019270833333333334 0.12037037037037038
1 0.91796875 0.4361111111111111 0.028645833333333332 0.12037037037037038
1 0.8614583333333333 0.4222222222222222 0.02395833333333333 0.08333333333333334
1 0.7403645833333333 0.4189814814814815 0.025520833333333333 0.09351851851851853
1 0.7158854166666666 0.437962962962963 0.034895833333333334 0.12037037037037038
1 0.7065104166666667 0.4236111111111111 0.024479166666666666 0.09907407407407408
1 0.5825520833333333 0.4550925925925926 0.06614583333333333 0.14537037037037037
1 0.6083333333333333 0.4375 0.020833333333333332 0.13055555555555556
1 0.48333333333333334 0.4222222222222222 0.03125 0.12222222222222223
1 0.4421875 0.4425925925925926 0.042708333333333334 0.15555555555555556
1 0.4192708333333333 0.425462962962963 0.028125 0.10648148148148148
1 0.31276041666666665 0.48055555555555557 0.06614583333333333 0.2
1 0.28072916666666664 0.42083333333333334 0.027083333333333334 0.10092592592592593
1 0.22369791666666666 0.425 0.0265625 0.12407407407407407
1 0.07421875 0.44027777777777777 0.030729166666666665 0.15092592592592594
0 0.5546875 0.4898148148148148 0.014583333333333334 0.02962962962962963
