1 0.97265625 0.43333333333333335 0.0359375 0.12222222222222223
1 0.9125 0.4449074074074074 0.029166666666666667 0.14537037037037037
1 0.7247395833333333 0.4791666666666667 0.0390625 0.20277777777777778
1 0.68125 0.45601851851851855 0.030208333333333334 0.13611111111111113
1 0.63125 0.44907407407407407 0.03125 0.11481481481481481
1 0.51640625 0.44583333333333336 0.025520833333333333 0.10092592592592593
1 0.5020833333333333 0.4625 0.030208333333333334 0.13055555555555556
1 0.47578125 0.4814814814814815 0.033854166666666664 0.15925925925925927
1 0.3796875 0.47222222222222227 0.030208333333333334 0.13333333333333333
1 0.11953124999999999 0.5050925925925926 0.0421875 0.17314814814814816
