0 0.9330729166666667 0.3476851851851852 0.011979166666666666 0.017592592592592594
1 0.9208333333333333 0.3101851851851852 0.026041666666666668 0.08148148148148149
1 0.8950520833333333 0.33842592592592596 0.034895833333333334 0.13055555555555556
1 0.8401041666666667 0.3138888888888889 0.016666666666666666 0.07777777777777778
1 0.8190104166666666 0.3180555555555556 0.021354166666666667 0.08981481481481482
1 0.80546875 0.3092592592592593 0.019270833333333334 0.06851851851851852
1 0.7622395833333333 0.3148148148148148 0.0203125 0.07222222222222223
1 0.6721354166666667 0.3236111111111111 0.0234375 0.09351851851851853
1 0.6346354166666667 0.32685185185185184 0.024479166666666666 0.09074074074074075
1 0.6049479166666667 0.3175925925925926 0.021354166666666667 0.07777777777777778
1 0.5395833333333333 0.33842592592592596 0.03125 0.13425925925925927
1 0.48671875 0.32083333333333336 0.0203125 0.08425925925925926
1 0.4432291666666667 0.3199074074074074 0.019791666666666666 0.07685185185185185
1 0.3716145833333333 0.3351851851851852 0.0265625 0.11666666666666667
1 0.1796875 0.38287037037037036 0.04375 0.19166666666666668
1 0.15052083333333333 0.34814814814814815 0.028125 0.13333333333333333
1 0.09036458333333333 0.3453703703703704 0.033854166666666664 0.1277777777777778
