1 0.97890625 0.44583333333333336 0.0234375 0.09722222222222222
1 0.921875 0.46481481481481485 0.028125 0.11481481481481481
1 0.8489583333333334 0.4791666666666667 0.030208333333333334 0.13611111111111113
1 0.7125 0.5115740740740741 0.053125 0.21944444444444444
1 0.6513020833333333 0.4828703703703704 0.03802083333333333 0.14722222222222223
1 0.58828125 0.475462962962963 0.025520833333333333 0.10833333333333334
1 0.49192708333333335 0.46851851851851856 0.019270833333333334 0.10370370370370371
1 0.4705729166666667 0.47685185185185186 0.027604166666666666 0.12037037037037038
1 0.4359375 0.5046296296296297 0.030208333333333334 0.16296296296296298
1 0.26458333333333334 0.49953703703703706 0.03958333333333333 0.13796296296296298
1 0.00703125 0.5208333333333334 0.0140625 0.18425925925925926
