1 0.8575520833333333 0.33842592592592596 0.024479166666666666 0.13055555555555556
1 0.8161458333333333 0.3189814814814815 0.019791666666666666 0.10277777777777779
1 0.7841145833333333 0.3189814814814815 0.021354166666666667 0.0712962962962963
1 0.7354166666666666 0.32175925925925924 0.011458333333333333 0.07314814814814816
1 0.6770833333333334 0.31203703703703706 0.015625 0.06666666666666667
1 0.6369791666666667 0.32546296296296295 0.025 0.10092592592592593
1 0.6190104166666667 0.32546296296296295 0.024479166666666666 0.09722222222222222
1 0.5372395833333333 0.3472222222222222 0.028645833333333332 0.12407407407407407
1 0.4739583333333333 0.3199074074074074 0.01875 0.08981481481481482
1 0.4359375 0.325 0.020833333333333332 0.08703703703703704
1 0.35520833333333335 0.34074074074074073 0.026041666666666668 0.11851851851851852
1 0.18463541666666666 0.3842592592592593 0.04010416666666666 0.19814814814814816
1 0.16432291666666665 0.3458333333333333 0.024479166666666666 0.13796296296296298
1 0.07630208333333333 0.3509259259259259 0.03697916666666667 0.13148148148148148
0 0.8361979166666667 0.3509259259259259 0.018229166666666668 0.031481481481481485
