0 0.15885416666666666 0.487962962962963 0.013541666666666667 0.02592592592592593
1 0.9901041666666667 0.3912037037037037 0.016666666666666666 0.09907407407407408
1 0.9622395833333334 0.3861111111111111 0.019270833333333334 0.08888888888888889
1 0.93515625 0.3888888888888889 0.0234375 0.09074074074074075
1 0.884375 0.4518518518518519 0.04895833333333333 0.24814814814814815
1 0.8606770833333334 0.4013888888888889 0.022395833333333334 0.10833333333333334
1 0.79140625 0.4217592592592593 0.0359375 0.14537037037037037
1 0.7572916666666667 0.41203703703703703 0.03229166666666666 0.12592592592592594
1 0.64375 0.4013888888888889 0.027083333333333334 0.10092592592592593
1 0.56640625 0.40740740740740744 0.03177083333333333 0.11296296296296297
1 0.51640625 0.4013888888888889 0.021354166666666667 0.10092592592592593
1 0.33177083333333335 0.4393518518518519 0.030208333333333334 0.17314814814814816
1 0.26458333333333334 0.4365740740740741 0.041666666666666664 0.17500000000000002
1 0.12421875 0.4314814814814815 0.03802083333333333 0.13333333333333333
1 0.05677083333333333 0.4532407407407408 0.042708333333333334 0.18425925925925926
