0 0.6708333333333333 0.39675925925925926 0.014583333333333334 0.021296296296296296
1 0.79140625 0.36435185185185187 0.0265625 0.10462962962962963
1 0.77421875 0.3615740740740741 0.025520833333333333 0.08796296296296297
1 0.7518229166666667 0.3564814814814815 0.019270833333333334 0.08148148148148149
1 0.7203125 0.3736111111111111 0.034375 0.09907407407407408
1 0.6705729166666666 0.3703703703703704 0.0265625 0.10925925925925926
1 0.6828125 0.3527777777777778 0.017708333333333333 0.07777777777777778
1 0.6471354166666666 0.3564814814814815 0.024479166666666666 0.07777777777777778
1 0.5815104166666667 0.3462962962962963 0.0171875 0.08333333333333334
1 0.5307291666666667 0.3625 0.03125 0.10092592592592593
1 0.5036458333333333 0.3472222222222222 0.019791666666666666 0.08518518518518518
1 0.4783854166666667 0.35694444444444445 0.021354166666666667 0.09351851851851853
1 0.45286458333333335 0.40046296296296297 0.0390625 0.17685185185185187
1 0.12291666666666666 0.36435185185185187 0.025 0.14722222222222223
