0 0.033854166666666664 0.5685185185185185 0.01875 0.03888888888888889
1 0.9463541666666666 0.4305555555555556 0.028125 0.0962962962962963
1 0.88671875 0.43333333333333335 0.0265625 0.11481481481481481
1 0.7830729166666667 0.48564814814814816 0.05677083333333333 0.22314814814814815
1 0.7080729166666666 0.45601851851851855 0.0328125 0.14351851851851852
1 0.6223958333333334 0.44027777777777777 0.025 0.10833333333333334
1 0.5114583333333333 0.4444444444444445 0.03125 0.11296296296296297
1 0.49921875 0.4365740740740741 0.022395833333333334 0.09722222222222222
1 0.39453125 0.47731481481481486 0.027604166666666666 0.1675925925925926
1 0.17838541666666666 0.46342592592592596 0.0328125 0.1398148148148148
1 0.1140625 0.4791666666666667 0.046875 0.1712962962962963
