0 0.8794270833333333 0.49074074074074076 0.011979166666666666 0.024074074074074074
1 0.9354166666666667 0.45092592592592595 0.028125 0.08703703703703704
1 0.80703125 0.45972222222222225 0.04010416666666666 0.10462962962962963
1 0.7192708333333333 0.4675925925925926 0.034375 0.1277777777777778
1 0.74609375 0.46342592592592596 0.0234375 0.09722222222222222
1 0.73671875 0.44027777777777777 0.022395833333333334 0.09351851851851853
1 0.6169270833333333 0.4703703703703704 0.0359375 0.1574074074074074
1 0.5755208333333334 0.5018518518518519 0.04479166666666667 0.2
1 0.5471354166666667 0.4527777777777778 0.022395833333333334 0.12962962962962962
1 0.5205729166666666 0.4324074074074074 0.024479166666666666 0.0925925925925926
1 0.47682291666666665 0.4430555555555556 0.0265625 0.09166666666666667
1 0.34921875 0.42962962962962964 0.022395833333333334 0.09074074074074075
1 0.23880208333333333 0.4416666666666667 0.025520833333333333 0.11851851851851852
1 0.0984375 0.46851851851851856 0.046875 0.10740740740740741
