0 0.7572916666666667 0.4064814814814815 0.0125 0.02962962962962963
1 0.8760416666666666 0.3615740740740741 0.030208333333333334 0.09166666666666667
1 0.8528645833333334 0.36342592592592593 0.022395833333333334 0.10277777777777779
1 0.7572916666666667 0.36064814814814816 0.030208333333333334 0.10462962962962963
1 0.7372395833333333 0.3550925925925926 0.0234375 0.08981481481481482
1 0.6643229166666667 0.3523148148148148 0.0234375 0.10277777777777779
1 0.6388020833333333 0.3490740740740741 0.021354166666666667 0.08148148148148149
1 0.61328125 0.36574074074074076 0.024479166666666666 0.12962962962962962
1 0.5682291666666667 0.34444444444444444 0.016666666666666666 0.07962962962962963
1 0.5255208333333333 0.35694444444444445 0.020833333333333332 0.11203703703703705
1 0.5109375 0.33842592592592596 0.014583333333333334 0.0638888888888889
1 0.5026041666666666 0.3421296296296296 0.019791666666666666 0.06759259259259259
1 0.42526041666666664 0.35000000000000003 0.0203125 0.10370370370370371
1 0.35911458333333335 0.39212962962962966 0.0359375 0.1824074074074074
1 0.1015625 0.3597222222222222 0.029166666666666667 0.14166666666666666
