1 0.9369791666666667 0.4800925925925926 0.05416666666666667 0.20833333333333334
1 0.8481770833333333 0.4305555555555556 0.0234375 0.08888888888888889
1 0.8205729166666667 0.4222222222222222 0.0203125 0.07962962962962963
1 0.7932291666666667 0.425 0.016666666666666666 0.08148148148148149
1 0.75 0.44907407407407407 0.029166666666666667 0.11851851851851852
1 0.7567708333333333 0.44027777777777777 0.015625 0.10833333333333334
1 0.6346354166666667 0.4416666666666667 0.022395833333333334 0.11851851851851852
1 0.57890625 0.4277777777777778 0.022395833333333334 0.07962962962962963
1 0.53671875 0.42453703703703705 0.025520833333333333 0.09722222222222222
1 0.4583333333333333 0.42962962962962964 0.026041666666666668 0.09444444444444444
1 0.3833333333333333 0.45555555555555555 0.04583333333333333 0.15555555555555556
1 0.3190104166666667 0.4314814814814815 0.024479166666666666 0.12222222222222223
1 0.22630208333333332 0.45555555555555555 0.03697916666666667 0.16296296296296298
1 0.10859375 0.4518518518518519 0.0515625 0.15185185185185185
0 0.33619791666666665 0.48194444444444445 0.011979166666666666 0.021296296296296296
