1 0.9010416666666666 0.40555555555555556 0.03125 0.08518518518518518
1 0.8455729166666667 0.39814814814814814 0.021354166666666667 0.07962962962962963
1 0.7989583333333333 0.40370370370370373 0.030208333333333334 0.12037037037037038
1 0.7388020833333333 0.38981481481481484 0.022395833333333334 0.07777777777777778
1 0.6625 0.3851851851851852 0.013541666666666667 0.07222222222222223
1 0.6502604166666667 0.3888888888888889 0.018229166666666668 0.07592592592592592
1 0.61015625 0.3842592592592593 0.022395833333333334 0.08518518518518518
1 0.55390625 0.4013888888888889 0.024479166666666666 0.1287037037037037
1 0.5651041666666666 0.37592592592592594 0.015625 0.07777777777777778
1 0.5322916666666666 0.3800925925925926 0.01875 0.07685185185185185
1 0.50546875 0.3925925925925926 0.021354166666666667 0.11111111111111112
1 0.4791666666666667 0.3740740740740741 0.017708333333333333 0.07407407407407407
1 0.3989583333333333 0.38101851851851853 0.020833333333333332 0.10277777777777779
1 0.29609375 0.4189814814814815 0.034895833333333334 0.17500000000000002
1 0.1 0.38472222222222224 0.02395833333333333 0.13796296296296298
0 0.8833333333333333 0.44027777777777777 0.011458333333333333 0.015740740740740743
