1 0.9466145833333334 0.4041666666666667 0.0234375 0.09907407407407408
1 0.9239583333333333 0.40046296296296297 0.016666666666666666 0.075
1 0.8921875 0.46944444444444444 0.04479166666666667 0.24074074074074076
1 0.8434895833333333 0.41203703703703703 0.025520833333333333 0.10740740740740741
1 0.8015625 0.4287037037037037 0.029166666666666667 0.15555555555555556
1 0.725 0.4199074074074074 0.030208333333333334 0.13055555555555556
1 0.6302083333333334 0.4083333333333333 0.019791666666666666 0.09074074074074075
1 0.5697916666666667 0.41203703703703703 0.03333333333333333 0.10740740740740741
1 0.50546875 0.4134259259259259 0.021354166666666667 0.09722222222222222
1 0.3065104166666667 0.4425925925925926 0.04010416666666666 0.16296296296296298
1 0.27682291666666664 0.4518518518518519 0.04114583333333333 0.16296296296296298
1 0.16614583333333333 0.42685185185185187 0.030208333333333334 0.1277777777777778
1 0.07421875 0.45092592592592595 0.07239583333333333 0.17222222222222222
0 0.19010416666666666 0.4763888888888889 0.013541666666666667 0.025
