1 0.7778645833333333 0.3675925925925926 0.022395833333333334 0.09074074074074075
1 0.7859375 0.35879629629629634 0.027083333333333334 0.08981481481481482
1 0.7651041666666667 0.3578703703703704 0.02395833333333333 0.075
1 0.7427083333333333 0.3685185185185185 0.028125 0.10925925925925926
1 0.65859375 0.3685185185185185 0.0234375 0.11666666666666667
1 0.6721354166666667 0.3458333333333333 0.019270833333333334 0.0638888888888889
1 0.6385416666666667 0.35462962962962963 0.014583333333333334 0.08518518518518518
1 0.5708333333333333 0.3453703703703704 0.015625 0.07037037037037037
1 0.5153645833333333 0.36064814814814816 0.025520833333333333 0.10092592592592593
1 0.4953125 0.3453703703703704 0.016666666666666666 0.07037037037037037
1 0.46458333333333335 0.3490740740740741 0.017708333333333333 0.0962962962962963
1 0.4315104166666667 0.39583333333333337 0.034895833333333334 0.17500000000000002
1 0.11119791666666666 0.36342592592592593 0.0234375 0.13796296296296298
0 0.675 0.3995370370370371 0.013541666666666667 0.026851851851851852
