0 0.7510416666666666 0.36064814814814816 0.015625 0.019444444444444445
1 0.9286458333333333 0.4481481481481482 0.04583333333333333 0.17037037037037037
1 0.7411458333333333 0.4083333333333333 0.029166666666666667 0.07962962962962963
1 0.70078125 0.4064814814814815 0.024479166666666666 0.08703703703703704
1 0.68671875 0.3962962962962963 0.025520833333333333 0.07962962962962963
1 0.6208333333333333 0.41435185185185186 0.03229166666666666 0.09537037037037037
1 0.5533854166666666 0.4013888888888889 0.025520833333333333 0.10092592592592593
1 0.5078125 0.41111111111111115 0.030208333333333334 0.11666666666666667
1 0.4822916666666667 0.39675925925925926 0.03333333333333333 0.10277777777777779
1 0.43697916666666664 0.42453703703703705 0.04791666666666666 0.14722222222222223
1 0.41744791666666664 0.40046296296296297 0.0203125 0.10277777777777779
1 0.21458333333333332 0.42685185185185187 0.03125 0.16666666666666669
1 0.12239583333333333 0.41250000000000003 0.041666666666666664 0.14166666666666666
