1 0.9653645833333333 0.40231481481481485 0.0234375 0.10277777777777779
1 0.9377604166666667 0.39722222222222225 0.0234375 0.08148148148148149
1 0.9130208333333333 0.3976851851851852 0.01875 0.09351851851851853
1 0.8770833333333333 0.45740740740740743 0.06145833333333333 0.23703703703703705
1 0.8513020833333333 0.4064814814814815 0.0234375 0.10740740740740741
1 0.7932291666666667 0.425 0.04375 0.15555555555555556
1 0.7416666666666667 0.41481481481481486 0.030208333333333334 0.12407407407407407
1 0.6341145833333334 0.4050925925925926 0.025520833333333333 0.09722222222222222
1 0.56640625 0.41203703703703703 0.03177083333333333 0.11111111111111112
1 0.5075520833333333 0.4101851851851852 0.0234375 0.09444444444444444
1 0.30364583333333334 0.44907407407407407 0.04375 0.17592592592592593
1 0.2796875 0.4416666666666667 0.04895833333333333 0.16111111111111112
1 0.13125 0.4324074074074074 0.04375 0.12037037037037038
1 0.06588541666666667 0.4569444444444445 0.05572916666666666 0.17685185185185187
0 0.16041666666666665 0.4847222222222222 0.016666666666666666 0.026851851851851852
