1 0.9372395833333333 0.45092592592592595 0.03802083333333333 0.11111111111111112
1 0.9434895833333333 0.45 0.022395833333333334 0.10555555555555556
1 0.9135416666666667 0.42962962962962964 0.019791666666666666 0.07592592592592592
1 0.74609375 0.44537037037037036 0.019270833333333334 0.11481481481481481
1 0.7388020833333333 0.4314814814814815 0.0203125 0.09074074074074075
1 0.7130208333333333 0.4532407407407408 0.029166666666666667 0.13425925925925927
1 0.6901041666666666 0.45972222222222225 0.030208333333333334 0.13240740740740742
1 0.5197916666666667 0.48333333333333334 0.04375 0.20555555555555557
1 0.5440104166666666 0.4342592592592593 0.03177083333333333 0.1277777777777778
1 0.56875 0.425 0.017708333333333333 0.08518518518518518
1 0.5940104166666667 0.41203703703703703 0.0234375 0.07592592592592592
1 0.4825520833333333 0.42638888888888893 0.0203125 0.09722222222222222
1 0.3286458333333333 0.41805555555555557 0.030208333333333334 0.09166666666666667
1 0.22317708333333333 0.4222222222222222 0.021354166666666667 0.11851851851851852
1 0.05963541666666666 0.4462962962962963 0.043229166666666666 0.12037037037037038
0 0.61328125 0.34120370370370373 0.0109375 0.026851851851851852
