1 0.18229166666666666 0.5569444444444445 0.027083333333333334 0.13240740740740742
0 0.4791666666666667 0.6342592592592593 0.027083333333333334 0.04259259259259259
1 0.3989583333333333 0.5356481481481482 0.036458333333333336 0.1287037037037037
1 0.44375 0.5199074074074074 0.030208333333333334 0.125
1 0.51015625 0.587962962962963 0.03802083333333333 0.16296296296296298
1 0.5546875 0.6287037037037038 0.04583333333333333 0.20555555555555557
1 0.6565104166666667 0.500462962962963 0.030729166666666665 0.10833333333333334
1 0.8385416666666666 0.6106481481481482 0.04479166666666667 0.21944444444444444
1 0.96953125 0.5800925925925926 0.03802083333333333 0.1712962962962963
1 0.103125 0.625462962962963 0.04375 0.18425925925925926
