0 0.35911458333333335 0.47731481481481486 0.0109375 0.02314814814814815
1 0.9638020833333333 0.43333333333333335 0.0265625 0.12222222222222223
1 0.9286458333333333 0.46481481481481485 0.04583333333333333 0.20370370370370372
1 0.81484375 0.4226851851851852 0.024479166666666666 0.09351851851851853
1 0.7908854166666667 0.41574074074074074 0.0171875 0.07962962962962963
1 0.76640625 0.4189814814814815 0.021354166666666667 0.08981481481481482
1 0.7158854166666666 0.43842592592592594 0.025520833333333333 0.11203703703703705
1 0.7260416666666667 0.4189814814814815 0.016666666666666666 0.08611111111111111
1 0.6106770833333334 0.4314814814814815 0.021354166666666667 0.11851851851851852
1 0.5580729166666667 0.41574074074074074 0.025520833333333333 0.07592592592592592
1 0.5260416666666666 0.42083333333333334 0.027083333333333334 0.09722222222222222
1 0.440625 0.4226851851851852 0.030208333333333334 0.09351851851851853
1 0.3859375 0.44907407407407407 0.04479166666666667 0.1574074074074074
1 0.3328125 0.42592592592592593 0.030208333333333334 0.11481481481481481
1 0.21875 0.4564814814814815 0.041666666666666664 0.16111111111111112
1 0.10442708333333334 0.44907407407407407 0.04114583333333333 0.15
