1 0.91953125 0.48194444444444445 0.0546875 0.22685185185185186
1 0.89453125 0.4166666666666667 0.018229166666666668 0.08148148148148149
1 0.8546874999999999 0.42314814814814816 0.020833333333333332 0.08518518518518518
1 0.8151041666666666 0.4449074074074074 0.03125 0.14166666666666666
1 0.825 0.4314814814814815 0.015625 0.11111111111111112
1 0.6895833333333333 0.437962962962963 0.027083333333333334 0.12037037037037038
1 0.6169270833333333 0.42453703703703705 0.024479166666666666 0.09722222222222222
1 0.5625 0.4305555555555556 0.028125 0.10555555555555556
1 0.4895833333333333 0.4226851851851852 0.026041666666666668 0.09722222222222222
1 0.34453125 0.44907407407407407 0.04010416666666666 0.16481481481481483
1 0.25078125 0.45787037037037037 0.03802083333333333 0.1787037037037037
1 0.22630208333333332 0.43333333333333335 0.03697916666666667 0.12592592592592594
1 0.090625 0.4569444444444445 0.04479166666666667 0.17314814814814816
