1 0.9442708333333333 0.4412037037037037 0.05 0.17685185185185187
1 0.7546875 0.40231481481481485 0.029166666666666667 0.09537037037037037
1 0.7135416666666666 0.4041666666666667 0.034375 0.09166666666666667
1 0.7231770833333333 0.39351851851851855 0.018229166666666668 0.08888888888888889
1 0.6307291666666667 0.42083333333333334 0.028125 0.08611111111111111
1 0.5557291666666666 0.39583333333333337 0.02395833333333333 0.09722222222222222
1 0.5309895833333333 0.4083333333333333 0.025520833333333333 0.11111111111111112
1 0.5278645833333333 0.39583333333333337 0.0234375 0.08981481481481482
1 0.4705729166666667 0.4013888888888889 0.0234375 0.09722222222222222
1 0.434375 0.4199074074074074 0.042708333333333334 0.14537037037037037
1 0.22421875 0.4240740740740741 0.034895833333333334 0.16111111111111112
1 0.13515625 0.41805555555555557 0.04010416666666666 0.14166666666666666
0 0.60390625 0.3421296296296296 0.009895833333333333 0.028703703703703703
