0 0.10989583333333333 0.2518518518518519 0.014583333333333334 0.031481481481481485
1 0.8692708333333333 0.2555555555555556 0.03958333333333333 0.23333333333333334
1 0.9208333333333333 0.12314814814814816 0.034375 0.12592592592592594
1 0.8703124999999999 0.14120370370370372 0.026041666666666668 0.125
1 0.4747395833333333 0.15185185185185185 0.022395833333333334 0.09074074074074075
1 0.4309895833333333 0.19861111111111113 0.033854166666666664 0.13055555555555556
1 0.38828125 0.18703703703703706 0.0265625 0.10740740740740741
1 0.11901041666666666 0.21342592592592594 0.025520833333333333 0.09351851851851853
1 0.05130208333333333 0.2976851851851852 0.04010416666666666 0.18425925925925926
1 0.021614583333333333 0.20833333333333334 0.025520833333333333 0.09074074074074075
