1 0.8588541666666667 0.2763888888888889 0.07395833333333333 0.26944444444444443
1 0.8921875 0.15462962962962964 0.025 0.16666666666666669
1 0.9286458333333333 0.11712962962962964 0.026041666666666668 0.12685185185185185
1 0.9523437499999999 0.07685185185185185 0.0234375 0.08148148148148149
1 0.4432291666666667 0.19861111111111113 0.03125 0.13425925925925927
1 0.44947916666666665 0.14814814814814814 0.03229166666666666 0.09074074074074075
1 0.37421875 0.18796296296296297 0.04114583333333333 0.11666666666666667
1 0.10104166666666667 0.21203703703703705 0.030208333333333334 0.11111111111111112
1 0.012760416666666666 0.3111111111111111 0.019270833333333334 0.16111111111111112
0 0.1453125 0.25092592592592594 0.013541666666666667 0.02592592592592593
