0 0.08541666666666667 0.5324074074074074 0.016666666666666666 0.03333333333333333
1 0.9388020833333334 0.4050925925925926 0.025520833333333333 0.09722222222222222
1 0.98125 0.40231481481481485 0.028125 0.08796296296296297
1 0.8453125 0.4625 0.0625 0.23055555555555557
1 0.8609375 0.4175925925925926 0.025 0.11851851851851852
1 0.76796875 0.42314814814814816 0.03177083333333333 0.12407407407407407
1 0.7450520833333333 0.4356481481481482 0.04114583333333333 0.14907407407407408
1 0.6286458333333333 0.41712962962962963 0.028125 0.10462962962962963
1 0.5317708333333333 0.4199074074074074 0.03125 0.11388888888888889
1 0.50078125 0.41620370370370374 0.025520833333333333 0.10277777777777779
1 0.3598958333333333 0.4615740740740741 0.041666666666666664 0.1675925925925926
1 0.17786458333333333 0.45601851851851855 0.0421875 0.1712962962962963
1 0.12343749999999999 0.44212962962962965 0.03229166666666666 0.1398148148148148
1 0.043229166666666666 0.46851851851851856 0.058333333333333334 0.17592592592592593
