0 0.8697916666666666 0.41435185185185186 0.011458333333333333 0.021296296296296296
1 0.8971354166666666 0.3861111111111111 0.0390625 0.07777777777777778
1 0.85234375 0.3814814814814815 0.0234375 0.07962962962962963
1 0.7807291666666667 0.38472222222222224 0.028125 0.10648148148148148
1 0.7403645833333333 0.3712962962962963 0.021354166666666667 0.07592592592592592
1 0.6619791666666667 0.36342592592592593 0.016666666666666666 0.06759259259259259
1 0.6497395833333334 0.3685185185185185 0.0171875 0.07777777777777778
1 0.63125 0.3648148148148148 0.019791666666666666 0.08888888888888889
1 0.5692708333333333 0.3861111111111111 0.026041666666666668 0.13148148148148148
1 0.5627604166666667 0.36203703703703705 0.022395833333333334 0.07592592592592592
1 0.5104166666666666 0.3717592592592593 0.019791666666666666 0.09907407407407408
1 0.5229166666666667 0.362962962962963 0.015625 0.08148148148148149
1 0.48125 0.3560185185185185 0.017708333333333333 0.0712962962962963
1 0.40130208333333334 0.3685185185185185 0.025520833333333333 0.10555555555555556
1 0.3109375 0.40324074074074073 0.029166666666666667 0.17500000000000002
1 0.09765625 0.3685185185185185 0.025520833333333333 0.14444444444444446
