1 0.9083333333333333 0.43472222222222223 0.030208333333333334 0.10092592592592593
1 0.8653645833333333 0.44212962962962965 0.04010416666666666 0.14722222222222223
1 0.7393229166666666 0.4078703703703704 0.025520833333333333 0.09907407407407408
1 0.6963541666666666 0.41712962962962963 0.029166666666666667 0.10092592592592593
1 0.6223958333333334 0.40370370370370373 0.027083333333333334 0.08518518518518518
1 0.5768229166666666 0.3976851851851852 0.021354166666666667 0.08611111111111111
1 0.5158854166666667 0.40324074074074073 0.0265625 0.09722222222222222
1 0.4653645833333333 0.39675925925925926 0.022395833333333334 0.09166666666666667
1 0.43307291666666664 0.41620370370370374 0.0421875 0.14166666666666666
1 0.44427083333333334 0.40231481481481485 0.017708333333333333 0.12685185185185185
1 0.35182291666666665 0.39861111111111114 0.025520833333333333 0.10277777777777779
1 0.16614583333333333 0.42453703703703705 0.041666666666666664 0.1824074074074074
1 0.07109375 0.4013888888888889 0.03697916666666667 0.1398148148148148
