1 0.9828125 0.24629629629629632 0.03333333333333333 0.20555555555555557
1 0.8473958333333333 0.1675925925925926 0.040625 0.12222222222222223
1 0.7825520833333334 0.20046296296296298 0.03802083333333333 0.14537037037037037
1 0.5119791666666667 0.17824074074074076 0.01875 0.09351851851851853
1 0.4153645833333333 0.21203703703703705 0.024479166666666666 0.10740740740740741
1 0.37213541666666666 0.23935185185185187 0.03697916666666667 0.13425925925925927
1 0.17213541666666665 0.22453703703703703 0.022395833333333334 0.09351851851851853
1 0.09661458333333334 0.3092592592592593 0.03697916666666667 0.1685185185185185
1 0.047135416666666666 0.23148148148148148 0.021354166666666667 0.07592592592592592
1 0.030208333333333334 0.2064814814814815 0.015625 0.06851851851851852
