1 0.9528645833333333 0.4324074074074074 0.022395833333333334 0.0925925925925926
1 0.896875 0.4412037037037037 0.029166666666666667 0.11388888888888889
1 0.8080729166666667 0.4587962962962963 0.0359375 0.13796296296296298
1 0.7578125 0.4935185185185185 0.046875 0.2388888888888889
1 0.6895833333333333 0.46342592592592596 0.03125 0.14722222222222223
1 0.6109375 0.4476851851851852 0.029166666666666667 0.10092592592592593
1 0.49635416666666665 0.45092592592592595 0.03229166666666666 0.12222222222222223
1 0.40546875 0.4851851851851852 0.03697916666666667 0.16296296296296298
1 0.20755208333333333 0.475462962962963 0.03697916666666667 0.14351851851851852
1 0.07552083333333333 0.4916666666666667 0.04583333333333333 0.17222222222222222
0 0.008854166666666666 0.5800925925925926 0.013541666666666667 0.030555555555555558
