1 0.88671875 0.24629629629629632 0.033854166666666664 0.23333333333333334
1 0.9122395833333333 0.1287037037037037 0.024479166666666666 0.13333333333333333
1 0.8565104166666666 0.1527777777777778 0.024479166666666666 0.14814814814814814
1 0.4796875 0.14907407407407408 0.026041666666666668 0.0925925925925926
1 0.42421875 0.19768518518518519 0.033854166666666664 0.1287037037037037
1 0.3893229166666667 0.18287037037037038 0.022395833333333334 0.11018518518518519
1 0.13177083333333334 0.19861111111111113 0.029166666666666667 0.10648148148148148
1 0.06432291666666666 0.287962962962963 0.03697916666666667 0.1685185185185185
1 0.024479166666666666 0.19861111111111113 0.027083333333333334 0.09907407407407408
0 0.09739583333333333 0.2425925925925926 0.015625 0.03888888888888889
