0 0.5513020833333333 0.37824074074074077 0.009895833333333333 0.019444444444444445
1 0.8195312499999999 0.33055555555555555 0.033854166666666664 0.11111111111111112
1 0.7533854166666667 0.34814814814814815 0.028645833333333332 0.12592592592592594
1 0.6958333333333333 0.34814814814814815 0.04583333333333333 0.11851851851851852
1 0.6794270833333333 0.32083333333333336 0.0203125 0.08425925925925926
1 0.62421875 0.32685185185185184 0.0234375 0.08703703703703704
1 0.6088541666666667 0.3175925925925926 0.019791666666666666 0.07777777777777778
1 0.5528645833333333 0.33055555555555555 0.0265625 0.10370370370370371
1 0.5059895833333333 0.32083333333333336 0.022395833333333334 0.08796296296296297
1 0.45546875 0.3564814814814815 0.033854166666666664 0.15555555555555556
1 0.4354166666666667 0.3462962962962963 0.03125 0.12592592592592594
1 0.40078125 0.3236111111111111 0.022395833333333334 0.08981481481481482
1 0.24609375 0.3842592592592593 0.07135416666666666 0.20185185185185187
1 0.08880208333333334 0.35000000000000003 0.034895833333333334 0.16111111111111112
1 0.03671875 0.3365740740740741 0.03177083333333333 0.13425925925925927
