0 0.8609375 0.4939814814814815 0.011458333333333333 0.021296296296296296
1 0.9822916666666667 0.4361111111111111 0.028125 0.11666666666666667
1 0.9375 0.4324074074074074 0.028125 0.13148148148148148
1 0.8908854166666667 0.44722222222222224 0.03802083333333333 0.12962962962962962
1 0.6934895833333333 0.45 0.0328125 0.15555555555555556
1 0.7153645833333333 0.425462962962963 0.0203125 0.09907407407407408
1 0.7315104166666666 0.41805555555555557 0.019270833333333334 0.08796296296296297
1 0.615625 0.4467592592592593 0.05625 0.14166666666666666
1 0.565625 0.4342592592592593 0.030208333333333334 0.1277777777777778
1 0.5411458333333333 0.4152777777777778 0.02395833333333333 0.10092592592592593
1 0.4354166666666667 0.48194444444444445 0.0625 0.21574074074074076
1 0.29973958333333334 0.40694444444444444 0.0203125 0.09722222222222222
1 0.21588541666666666 0.41111111111111115 0.0265625 0.1277777777777778
1 0.05078125 0.4236111111111111 0.034895833333333334 0.14537037037037037
