1 0.9153645833333334 0.475462962962963 0.0234375 0.14351851851851852
1 0.8020833333333334 0.47222222222222227 0.01875 0.11481481481481481
1 0.7208333333333333 0.45601851851851855 0.025 0.10092592592592593
1 0.6822916666666666 0.46342592592592596 0.014583333333333334 0.09722222222222222
1 0.6705729166666666 0.4865740740740741 0.022395833333333334 0.14351851851851852
1 0.6049479166666667 0.4652777777777778 0.019270833333333334 0.10092592592592593
1 0.5658854166666667 0.4615740740740741 0.021354166666666667 0.08981481481481482
1 0.5403645833333334 0.47731481481481486 0.022395833333333334 0.13240740740740742
1 0.4666666666666667 0.5319444444444444 0.040625 0.2175925925925926
1 0.4125 0.4615740740740741 0.01875 0.08981481481481482
1 0.20078125 0.5041666666666667 0.027604166666666666 0.17500000000000002
1 0.028906249999999998 0.5351851851851852 0.049479166666666664 0.20185185185185187
