1 0.9096354166666667 0.47314814814814815 0.021354166666666667 0.11666666666666667
1 0.7924479166666667 0.4740740740740741 0.022395833333333334 0.11111111111111112
1 0.7197916666666666 0.4615740740740741 0.017708333333333333 0.09351851851851853
1 0.6885416666666666 0.47500000000000003 0.017708333333333333 0.11296296296296297
1 0.6653645833333334 0.487962962962963 0.019270833333333334 0.12592592592592594
1 0.59921875 0.4652777777777778 0.021354166666666667 0.10092592592592593
1 0.56796875 0.46296296296296297 0.011979166666666666 0.07962962962962963
1 0.5479166666666666 0.48194444444444445 0.01875 0.13425925925925927
1 0.5020833333333333 0.5259259259259259 0.030208333333333334 0.19814814814814816
1 0.46432291666666664 0.4800925925925926 0.024479166666666666 0.12685185185185185
1 0.41640625 0.46342592592592596 0.024479166666666666 0.09722222222222222
1 0.22994791666666667 0.5083333333333333 0.034895833333333334 0.16296296296296298
1 0.06197916666666667 0.5365740740740741 0.030208333333333334 0.19166666666666668
1 0.023697916666666666 0.5472222222222223 0.034895833333333334 0.19444444444444445
