0 0.2817708333333333 0.5597222222222222 0.015625 0.036111111111111115
1 0.8236979166666667 0.43842592592592594 0.022395833333333334 0.11574074074074074
1 0.7421875 0.4481481481481482 0.025 0.12037037037037038
1 0.67890625 0.44027777777777777 0.0140625 0.09722222222222222
1 0.6549479166666666 0.45231481481481484 0.022395833333333334 0.10462962962962963
1 0.6322916666666667 0.46296296296296297 0.017708333333333333 0.11481481481481481
1 0.5828125 0.4847222222222222 0.030208333333333334 0.14722222222222223
1 0.5596354166666666 0.4532407407407408 0.018229166666666668 0.10277777777777779
1 0.5421875 0.4439814814814815 0.0125 0.10462962962962963
1 0.47682291666666665 0.46064814814814814 0.018229166666666668 0.11388888888888889
1 0.4315104166666667 0.44027777777777777 0.011979166666666666 0.06574074074074074
1 0.4046875 0.45601851851851855 0.016666666666666666 0.09351851851851853
1 0.3333333333333333 0.5587962962962963 0.027083333333333334 0.20277777777777778
1 0.31484375 0.4986111111111111 0.009895833333333333 0.14351851851851852
1 0.23203125 0.5055555555555555 0.034895833333333334 0.1537037037037037
