1 0.8591145833333333 0.4675925925925926 0.021354166666666667 0.11666666666666667
1 0.81484375 0.46944444444444444 0.022395833333333334 0.11296296296296297
1 0.71796875 0.4569444444444445 0.019270833333333334 0.08796296296296297
1 0.6778645833333333 0.5023148148148149 0.0390625 0.1787037037037037
1 0.6200520833333333 0.4569444444444445 0.022395833333333334 0.09537037037037037
1 0.5708333333333333 0.49444444444444446 0.03333333333333333 0.15925925925925927
1 0.42916666666666664 0.4851851851851852 0.01875 0.15925925925925927
1 0.41640625 0.5324074074074074 0.03802083333333333 0.23148148148148148
1 0.32005208333333335 0.4828703703703704 0.022395833333333334 0.1398148148148148
1 0.30442708333333335 0.4518518518518519 0.018229166666666668 0.0925925925925926
1 0.06875 0.5597222222222222 0.04583333333333333 0.10648148148148148
