1 0.8916666666666666 0.34074074074074073 0.014583333333333334 0.11851851851851852
1 0.8731770833333333 0.3472222222222222 0.0203125 0.12037037037037038
1 0.8197916666666667 0.38657407407407407 0.04583333333333333 0.18425925925925926
1 0.7567708333333333 0.33842592592592596 0.019791666666666666 0.09537037037037037
1 0.6614583333333334 0.3490740740740741 0.015625 0.10185185185185186
1 0.6380208333333334 0.3907407407407408 0.03125 0.1925925925925926
1 0.5984375 0.3523148148148148 0.016666666666666666 0.09907407407407408
1 0.46432291666666664 0.42962962962962964 0.049479166666666664 0.2240740740740741
1 0.32447916666666665 0.40231481481481485 0.035416666666666666 0.14537037037037037
1 0.1 0.4763888888888889 0.05 0.10648148148148148
1 0.01875 0.45787037037037037 0.035416666666666666 0.2212962962962963
