0 0.09817708333333333 0.5550925925925926 0.022395833333333334 0.05462962962962963
1 0.9768229166666667 0.3907407407407408 0.027604166666666666 0.12222222222222223
1 0.8963541666666667 0.42592592592592593 0.04375 0.20370370370370372
1 0.81484375 0.38796296296296295 0.024479166666666666 0.11296296296296297
1 0.7192708333333333 0.44027777777777777 0.03229166666666666 0.2138888888888889
1 0.5908854166666666 0.4138888888888889 0.03802083333333333 0.16111111111111112
1 0.42526041666666664 0.3888888888888889 0.018229166666666668 0.11481481481481481
1 0.4184895833333333 0.43333333333333335 0.0515625 0.1925925925925926
1 0.33958333333333335 0.4138888888888889 0.030208333333333334 0.1685185185185185
1 0.08489583333333334 0.44907407407407407 0.03333333333333333 0.1962962962962963
