1 0.9046875 0.34490740740740744 0.029166666666666667 0.09351851851851853
1 0.8156249999999999 0.3527777777777778 0.026041666666666668 0.11666666666666667
1 0.7169270833333333 0.3421296296296296 0.0234375 0.09907407407407408
1 0.6822916666666666 0.33842592592592596 0.01875 0.08425925925925926
1 0.665625 0.3907407407407408 0.030208333333333334 0.17592592592592593
1 0.6447916666666667 0.3578703703703704 0.015625 0.11388888888888889
1 0.5356770833333333 0.3666666666666667 0.019270833333333334 0.1277777777777778
1 0.509375 0.3791666666666667 0.03125 0.14166666666666666
1 0.375 0.3731481481481482 0.027083333333333334 0.1574074074074074
1 0.31614583333333335 0.36944444444444446 0.01875 0.11111111111111112
1 0.08645833333333333 0.4305555555555556 0.030208333333333334 0.20555555555555557
0 0.35572916666666665 0.4101851851851852 0.017708333333333333 0.037037037037037035
