1 0.9052083333333333 0.4810185185185185 0.026041666666666668 0.13240740740740742
1 0.7885416666666667 0.4800925925925926 0.016666666666666666 0.1175925925925926
1 0.7236979166666666 0.4712962962962963 0.019270833333333334 0.0925925925925926
1 0.6872395833333333 0.48194444444444445 0.018229166666666668 0.11388888888888889
1 0.6666666666666666 0.49444444444444446 0.01875 0.12407407407407407
1 0.5979166666666667 0.47731481481481486 0.015625 0.10462962962962963
1 0.56875 0.46342592592592596 0.013541666666666667 0.06944444444444445
1 0.5596354166666666 0.4861111111111111 0.022395833333333334 0.11111111111111112
1 0.5377604166666666 0.5324074074074074 0.0328125 0.18888888888888888
1 0.47682291666666665 0.48703703703703705 0.0265625 0.11296296296296297
1 0.42578125 0.4712962962962963 0.019270833333333334 0.08888888888888889
1 0.23880208333333333 0.512962962962963 0.0328125 0.1537037037037037
1 0.14296875 0.5268518518518519 0.0359375 0.16481481481481483
1 0.09479166666666666 0.5606481481481481 0.046875 0.19351851851851853
