1 0.7109375 0.4851851851851852 0.03333333333333333 0.15555555555555556
1 0.6877604166666667 0.44722222222222224 0.021354166666666667 0.08333333333333334
1 0.67109375 0.45601851851851855 0.021354166666666667 0.10462962962962963
1 0.6330729166666667 0.45601851851851855 0.025520833333333333 0.10833333333333334
1 0.5815104166666667 0.46574074074074073 0.021354166666666667 0.10925925925925926
1 0.5578125 0.44907407407407407 0.0125 0.07222222222222223
1 0.54375 0.4587962962962963 0.015625 0.09907407407407408
1 0.5049479166666666 0.4703703703703704 0.03802083333333333 0.08703703703703704
1 0.453125 0.46620370370370373 0.013541666666666667 0.09537037037037037
1 0.4044270833333333 0.4564814814814815 0.019270833333333334 0.08333333333333334
1 0.21979166666666666 0.4851851851851852 0.01875 0.11296296296296297
1 0.24557291666666667 0.5032407407407408 0.027604166666666666 0.14907407407407408
0 0.4661458333333333 0.5055555555555555 0.016666666666666666 0.040740740740740744
