0 0.1984375 0.4675925925925926 0.028125 0.04259259259259259
1 0.82890625 0.4027777777777778 0.027604166666666666 0.2
1 0.79921875 0.3597222222222222 0.0203125 0.1175925925925926
1 0.7703125 0.40046296296296297 0.027083333333333334 0.16944444444444445
1 0.7270833333333333 0.3685185185185185 0.02395833333333333 0.11666666666666667
1 0.6877604166666667 0.36944444444444446 0.019270833333333334 0.08703703703703704
1 0.578125 0.39351851851851855 0.030208333333333334 0.16296296296296298
1 0.46796875 0.3907407407407408 0.0203125 0.12222222222222223
1 0.44166666666666665 0.40185185185185185 0.03229166666666666 0.15925925925925927
1 0.38645833333333335 0.39861111111111114 0.028125 0.1527777777777778
1 0.26848958333333334 0.38101851851851853 0.028645833333333332 0.11018518518518519
1 0.09895833333333333 0.4287037037037037 0.04583333333333333 0.20555555555555557
