0 0.2635416666666667 0.4013888888888889 0.014583333333333334 0.03425925925925926
1 0.8742187499999999 0.3421296296296296 0.033854166666666664 0.12685185185185185
1 0.7208333333333333 0.32962962962962966 0.015625 0.07407407407407407
1 0.6911458333333333 0.34120370370370373 0.01875 0.10092592592592593
1 0.6440104166666667 0.36388888888888893 0.03697916666666667 0.1537037037037037
1 0.6135416666666667 0.3509259259259259 0.03125 0.12407407407407407
1 0.57265625 0.3453703703703704 0.034895833333333334 0.12037037037037038
1 0.52109375 0.33842592592592596 0.0234375 0.08425925925925926
1 0.37864583333333335 0.375462962962963 0.03229166666666666 0.14166666666666666
1 0.39791666666666664 0.34675925925925927 0.016666666666666666 0.09722222222222222
1 0.3255208333333333 0.3574074074074074 0.040625 0.11851851851851852
1 0.15989583333333332 0.412962962962963 0.04895833333333333 0.19444444444444445
1 0.05364583333333333 0.3791666666666667 0.029166666666666667 0.13425925925925927
1 0.07708333333333334 0.36944444444444446 0.027083333333333334 0.11481481481481481
