0 0.6677083333333333 0.36435185185185187 0.0125 0.026851851851851852
1 0.8518229166666667 0.3231481481481482 0.0265625 0.07592592592592592
1 0.8080729166666667 0.3625 0.0359375 0.18981481481481483
1 0.7518229166666667 0.33564814814814814 0.025520833333333333 0.10092592592592593
1 0.6934895833333333 0.32731481481481484 0.019270833333333334 0.09722222222222222
1 0.6716145833333333 0.3277777777777778 0.024479166666666666 0.08518518518518518
1 0.6205729166666667 0.32083333333333336 0.025520833333333333 0.08425925925925926
1 0.58203125 0.33935185185185185 0.0265625 0.10462962962962963
1 0.5479166666666666 0.325 0.02395833333333333 0.07962962962962963
1 0.4869791666666667 0.337037037037037 0.03333333333333333 0.11666666666666667
1 0.3697916666666667 0.35833333333333334 0.026041666666666668 0.15925925925925927
1 0.33359375 0.3337962962962963 0.0203125 0.09722222222222222
1 0.30703125 0.32407407407407407 0.0234375 0.07777777777777778
1 0.17395833333333333 0.3888888888888889 0.04375 0.1962962962962963
1 0.12239583333333333 0.36574074074074076 0.030208333333333334 0.16111111111111112
1 0.13984375 0.35324074074074074 0.0203125 0.14351851851851852
1 0.022135416666666668 0.35370370370370374 0.03802083333333333 0.15
