0 0.05677083333333333 0.5856481481481481 0.03125 0.06574074074074074
1 0.9445312499999999 0.4375 0.05260416666666667 0.22314814814814815
1 0.8611979166666667 0.3976851851851852 0.03697916666666667 0.125
1 0.7276041666666666 0.44722222222222224 0.040625 0.2111111111111111
1 0.771875 0.3907407407407408 0.026041666666666668 0.11111111111111112
1 0.6403645833333333 0.425462962962963 0.033854166666666664 0.17314814814814816
1 0.4536458333333333 0.42314814814814816 0.030208333333333334 0.15555555555555556
1 0.37864583333333335 0.44351851851851853 0.04375 0.1962962962962963
1 0.3458333333333333 0.4375 0.03125 0.18055555555555555
1 0.10963541666666667 0.46944444444444444 0.0359375 0.21296296296296297
