1 0.9325520833333333 0.5064814814814815 0.024479166666666666 0.14814814814814814
1 0.82265625 0.5046296296296297 0.022395833333333334 0.11666666666666667
1 0.70859375 0.4930555555555556 0.018229166666666668 0.09722222222222222
1 0.6705729166666666 0.5226851851851853 0.022395833333333334 0.14907407407407408
1 0.6510416666666666 0.5152777777777778 0.014583333333333334 0.13796296296296298
1 0.615625 0.4865740740740741 0.019791666666666666 0.10092592592592593
1 0.578125 0.4898148148148148 0.02395833333333333 0.09074074074074075
1 0.4903645833333333 0.5106481481481482 0.024479166666666666 0.1398148148148148
1 0.4192708333333333 0.5731481481481482 0.030208333333333334 0.24629629629629632
1 0.396875 0.49953703703703706 0.014583333333333334 0.12314814814814816
1 0.375 0.4939814814814815 0.013541666666666667 0.10648148148148148
1 0.06848958333333333 0.5513888888888889 0.03697916666666667 0.1824074074074074
1 0.01875 0.5648148148148149 0.03333333333333333 0.12407407407407407
