1 0.9302083333333333 0.513425925925926 0.027083333333333334 0.13425925925925927
1 0.8312499999999999 0.5041666666666667 0.01875 0.10833333333333334
1 0.7098958333333333 0.4935185185185185 0.015625 0.09074074074074075
1 0.67734375 0.5324074074074074 0.022395833333333334 0.15
1 0.6552083333333333 0.5143518518518518 0.016666666666666666 0.1398148148148148
1 0.61015625 0.4939814814814815 0.0203125 0.09537037037037037
1 0.5723958333333333 0.49259259259259264 0.016666666666666666 0.08148148148148149
1 0.5075520833333333 0.5143518518518518 0.0234375 0.13240740740740742
1 0.4140625 0.5722222222222223 0.03125 0.23703703703703705
1 0.384375 0.4898148148148148 0.016666666666666666 0.09814814814814815
1 0.06901041666666667 0.5537037037037037 0.024479166666666666 0.1962962962962963
