0 0.3950520833333333 0.5731481481481482 0.0203125 0.044444444444444446
1 0.80546875 0.4671296296296297 0.021354166666666667 0.09722222222222222
1 0.7294270833333333 0.4810185185185185 0.019270833333333334 0.10462962962962963
1 0.69296875 0.47500000000000003 0.018229166666666668 0.08518518518518518
1 0.665625 0.4666666666666667 0.014583333333333334 0.07222222222222223
1 0.6541666666666667 0.4916666666666667 0.026041666666666668 0.11111111111111112
1 0.57578125 0.4935185185185185 0.019270833333333334 0.11851851851851852
1 0.55625 0.47824074074074074 0.015625 0.09907407407407408
1 0.5098958333333333 0.49259259259259264 0.01875 0.0925925925925926
1 0.496875 0.5606481481481481 0.03125 0.1824074074074074
1 0.42473958333333334 0.49444444444444446 0.019270833333333334 0.08148148148148149
1 0.3989583333333333 0.5226851851851853 0.020833333333333332 0.10648148148148148
1 0.24166666666666667 0.5458333333333334 0.029166666666666667 0.14166666666666666
1 0.10729166666666666 0.5458333333333334 0.04479166666666667 0.13425925925925927
