0 0.6122395833333333 0.4277777777777778 0.013020833333333334 0.02592592592592593
1 0.8424479166666666 0.3740740740740741 0.027604166666666666 0.11296296296296297
1 0.7651041666666667 0.3615740740740741 0.02395833333333333 0.10277777777777779
1 0.72890625 0.35879629629629634 0.0203125 0.08981481481481482
1 0.70234375 0.35370370370370374 0.021354166666666667 0.07962962962962963
1 0.66171875 0.36064814814814816 0.0203125 0.10462962962962963
1 0.6473958333333333 0.35879629629629634 0.016666666666666666 0.07685185185185185
1 0.6268229166666667 0.37083333333333335 0.0265625 0.10092592592592593
1 0.5825520833333333 0.3740740740740741 0.0328125 0.11666666666666667
1 0.6018229166666667 0.3662037037037037 0.0234375 0.10462962962962963
1 0.5309895833333333 0.35555555555555557 0.0234375 0.07592592592592592
1 0.49505208333333334 0.3578703703703704 0.021354166666666667 0.075
1 0.4515625 0.36342592592592593 0.03229166666666666 0.09166666666666667
1 0.40390624999999997 0.4041666666666667 0.04010416666666666 0.18055555555555555
1 0.1984375 0.38657407407407407 0.034375 0.13796296296296298
