0 0.7213541666666666 0.36342592592592593 0.014583333333333334 0.021296296296296296
1 0.8341145833333333 0.3523148148148148 0.03802083333333333 0.17685185185185187
1 0.8111979166666666 0.3175925925925926 0.0234375 0.08148148148148149
1 0.7802083333333333 0.32685185185185184 0.027083333333333334 0.10740740740740741
1 0.7109375 0.32546296296296295 0.017708333333333333 0.09351851851851853
1 0.6778645833333333 0.32685185185185184 0.021354166666666667 0.08333333333333334
1 0.63828125 0.3175925925925926 0.022395833333333334 0.08148148148148149
1 0.5703125 0.3337962962962963 0.034375 0.10092592592592593
1 0.5513020833333333 0.32546296296296295 0.0171875 0.09351851851851853
1 0.4901041666666667 0.33333333333333337 0.029166666666666667 0.11666666666666667
1 0.3921875 0.3560185185185185 0.028125 0.14537037037037037
1 0.3703125 0.32685185185185184 0.015625 0.09074074074074075
1 0.3385416666666667 0.325 0.01875 0.08333333333333334
1 0.16875 0.39351851851851855 0.04479166666666667 0.19444444444444445
1 0.18515625 0.35370370370370374 0.025520833333333333 0.16481481481481483
1 0.14583333333333334 0.3472222222222222 0.030208333333333334 0.13148148148148148
1 0.016666666666666666 0.3541666666666667 0.03125 0.13796296296296298
