0 0.7723958333333333 0.3819444444444445 0.011458333333333333 0.02314814814814815
1 0.78125 0.33472222222222225 0.027083333333333334 0.09907407407407408
1 0.7572916666666667 0.3402777777777778 0.03958333333333333 0.11018518518518519
1 0.7231770833333333 0.32222222222222224 0.018229166666666668 0.07777777777777778
1 0.6885416666666666 0.32546296296296295 0.017708333333333333 0.09351851851851853
1 0.65078125 0.3703703703703704 0.03697916666666667 0.19444444444444445
1 0.6341145833333334 0.3462962962962963 0.0234375 0.12962962962962962
1 0.60390625 0.3189814814814815 0.0171875 0.08425925925925926
1 0.5328125 0.3453703703703704 0.017708333333333333 0.1277777777777778
1 0.5239583333333333 0.32962962962962966 0.017708333333333333 0.08148148148148149
1 0.3580729166666667 0.36574074074074076 0.03177083333333333 0.16481481481481483
1 0.3143229166666667 0.3421296296296296 0.022395833333333334 0.09907407407407408
1 0.11953124999999999 0.4013888888888889 0.0359375 0.19351851851851853
1 0.11458333333333333 0.35555555555555557 0.030208333333333334 0.11851851851851852
1 0.0484375 0.375 0.03229166666666666 0.16111111111111112
1 0.03619791666666666 0.3578703703703704 0.025520833333333333 0.10277777777777779
