0 0.8265625 0.42083333333333334 0.014583333333333334 0.026851851851851852
1 0.8736979166666666 0.3666666666666667 0.03697916666666667 0.12407407407407407
1 0.7645833333333333 0.3513888888888889 0.025 0.10092592592592593
1 0.6807291666666666 0.34444444444444444 0.027083333333333334 0.08703703703703704
1 0.6611979166666666 0.3402777777777778 0.021354166666666667 0.075
1 0.6161458333333333 0.34444444444444444 0.016666666666666666 0.08703703703703704
1 0.5901041666666667 0.35879629629629634 0.029166666666666667 0.11203703703703705
1 0.571875 0.34305555555555556 0.03125 0.09722222222222222
1 0.5450520833333333 0.3560185185185185 0.0265625 0.14537037037037037
1 0.50703125 0.3685185185185185 0.022395833333333334 0.14814814814814814
1 0.4341145833333333 0.3402777777777778 0.0203125 0.08425925925925926
1 0.33046875 0.3976851851851852 0.050520833333333334 0.18981481481481483
1 0.23619791666666667 0.35370370370370374 0.0359375 0.11481481481481481
1 0.16484375 0.375 0.03697916666666667 0.16111111111111112
