1 0.8546874999999999 0.4865740740740741 0.016666666666666666 0.13611111111111113
1 0.8013020833333333 0.4851851851851852 0.022395833333333334 0.12037037037037038
1 0.7052083333333333 0.46944444444444444 0.025 0.10185185185185186
1 0.64921875 0.5199074074074074 0.0265625 0.1824074074074074
1 0.6065104166666666 0.47453703703703703 0.022395833333333334 0.10648148148148148
1 0.62734375 0.46481481481481485 0.011979166666666666 0.07222222222222223
1 0.5645833333333333 0.5074074074074074 0.026041666666666668 0.1574074074074074
1 0.42083333333333334 0.5046296296296297 0.013541666666666667 0.15555555555555556
1 0.40703125 0.5527777777777778 0.03697916666666667 0.24444444444444446
1 0.31276041666666665 0.49953703703703706 0.025520833333333333 0.13796296296296298
1 0.046614583333333334 0.5800925925925926 0.06510416666666667 0.11203703703703705
