1 0.85625 0.5032407407407408 0.017708333333333333 0.13055555555555556
1 0.7971354166666667 0.49953703703703706 0.024479166666666666 0.11388888888888889
1 0.7028645833333333 0.48379629629629634 0.0203125 0.09166666666666667
1 0.6403645833333333 0.5277777777777778 0.024479166666666666 0.17037037037037037
1 0.6065104166666666 0.4865740740740741 0.0203125 0.10092592592592593
1 0.5747395833333333 0.5231481481481481 0.019270833333333334 0.16481481481481483
1 0.421875 0.5115740740740741 0.015625 0.13796296296296298
1 0.4028645833333333 0.5685185185185185 0.04010416666666666 0.23703703703703705
1 0.3216145833333333 0.5143518518518518 0.0234375 0.13240740740740742
1 0.04505208333333333 0.5916666666666667 0.05260416666666667 0.10925925925925926
1 0.012239583333333333 0.5541666666666667 0.024479166666666666 0.17314814814814816
