1 0.7752604166666667 0.3648148148148148 0.0390625 0.19444444444444445
1 0.83046875 0.3138888888888889 0.022395833333333334 0.08148148148148149
1 0.73984375 0.3351851851851852 0.0203125 0.11296296296296297
1 0.6885416666666666 0.3314814814814815 0.029166666666666667 0.0925925925925926
1 0.68359375 0.325 0.021354166666666667 0.07962962962962963
1 0.6122395833333333 0.3199074074074074 0.018229166666666668 0.07685185185185185
1 0.58984375 0.33842592592592596 0.0203125 0.11018518518518519
1 0.4953125 0.3365740740740741 0.026041666666666668 0.11018518518518519
1 0.5388020833333333 0.325 0.025520833333333333 0.07962962962962963
1 0.36875 0.35879629629629634 0.028125 0.1638888888888889
1 0.32057291666666665 0.32962962962962966 0.0171875 0.0962962962962963
1 0.16770833333333332 0.3851851851851852 0.03854166666666667 0.1925925925925926
1 0.12786458333333334 0.35324074074074074 0.025520833333333333 0.1398148148148148
1 0.08932291666666667 0.3564814814814815 0.0421875 0.15925925925925927
1 0.01875 0.3560185185185185 0.03125 0.13425925925925927
0 0.6682291666666667 0.36342592592592593 0.011458333333333333 0.028703703703703703
