0 0.30442708333333335 0.45 0.018229166666666668 0.02777777777777778
1 0.9276041666666667 0.35324074074074074 0.028125 0.1398148148148148
1 0.7713541666666667 0.3314814814814815 0.025 0.08518518518518518
1 0.7263020833333333 0.35694444444444445 0.0359375 0.11203703703703705
1 0.6901041666666666 0.3421296296296296 0.02395833333333333 0.09166666666666667
1 0.6609375 0.33425925925925926 0.026041666666666668 0.07962962962962963
1 0.5825520833333333 0.3648148148148148 0.03697916666666667 0.12407407407407407
1 0.534375 0.35370370370370374 0.030208333333333334 0.12592592592592594
1 0.4747395833333333 0.3976851851851852 0.0359375 0.1824074074074074
1 0.36822916666666666 0.36064814814814816 0.029166666666666667 0.09722222222222222
1 0.2635416666666667 0.39675925925925926 0.04583333333333333 0.13796296296296298
1 0.14713541666666666 0.38796296296296295 0.03697916666666667 0.13518518518518519
1 0.08854166666666667 0.41805555555555557 0.075 0.1953703703703704
1 0.11171874999999999 0.37592592592592594 0.022395833333333334 0.12037037037037038
