1 0.9489583333333333 0.3995370370370371 0.030208333333333334 0.09722222222222222
1 0.8911458333333333 0.4569444444444445 0.03333333333333333 0.21944444444444444
1 0.8552083333333333 0.40925925925925927 0.025 0.11666666666666667
1 0.6888020833333334 0.47361111111111115 0.0390625 0.2212962962962963
1 0.77421875 0.40925925925925927 0.025520833333333333 0.10555555555555556
1 0.6453125 0.4412037037037037 0.034375 0.16574074074074074
1 0.4778645833333333 0.4425925925925926 0.033854166666666664 0.15555555555555556
1 0.32578125 0.45740740740740743 0.024479166666666666 0.16296296296296298
1 0.3020833333333333 0.47453703703703703 0.051041666666666666 0.21203703703703705
1 0.11510416666666666 0.4939814814814815 0.040625 0.21574074074074076
0 0.0921875 0.612037037037037 0.01875 0.05185185185185186
