0 0.3770833333333333 0.3962962962962963 0.013541666666666667 0.037037037037037035
1 0.8674479166666667 0.3439814814814815 0.024479166666666666 0.10277777777777779
1 0.8059895833333334 0.35462962962962963 0.022395833333333334 0.11296296296296297
1 0.6833333333333333 0.3439814814814815 0.0125 0.09166666666666667
1 0.6927083333333334 0.34814814814814815 0.013541666666666667 0.08333333333333334
1 0.6458333333333334 0.39212962962962966 0.025 0.1787037037037037
1 0.6244791666666667 0.3597222222222222 0.015625 0.11018518518518519
1 0.5265625 0.3819444444444445 0.01875 0.13611111111111113
1 0.5109375 0.36388888888888893 0.01875 0.11851851851851852
1 0.3536458333333333 0.3791666666666667 0.027083333333333334 0.14537037037037037
1 0.08645833333333333 0.4287037037037037 0.034375 0.19814814814814816
