1 0.8408854166666666 0.35694444444444445 0.0359375 0.15092592592592594
1 0.75546875 0.3375 0.024479166666666666 0.08611111111111111
1 0.7294270833333333 0.32453703703703707 0.019270833333333334 0.06759259259259259
1 0.68359375 0.33425925925925926 0.0234375 0.08333333333333334
1 0.6549479166666666 0.3231481481481482 0.0203125 0.07962962962962963
1 0.5934895833333333 0.3375 0.022395833333333334 0.09722222222222222
1 0.5708333333333333 0.32962962962962966 0.019791666666666666 0.07407407407407407
1 0.5552083333333333 0.3375 0.027083333333333334 0.10833333333333334
1 0.46796875 0.36064814814814816 0.0359375 0.1398148148148148
1 0.4244791666666667 0.3277777777777778 0.014583333333333334 0.08518518518518518
1 0.3809895833333333 0.3277777777777778 0.0171875 0.08148148148148149
1 0.29244791666666664 0.36064814814814816 0.034895833333333334 0.1398148148148148
1 0.16875 0.3944444444444445 0.040625 0.1962962962962963
1 0.14609375 0.35879629629629634 0.0234375 0.13611111111111113
1 0.029427083333333333 0.36342592592592593 0.034895833333333334 0.13055555555555556
0 0.7299479166666667 0.3685185185185185 0.018229166666666668 0.02777777777777778
