1 0.8700520833333333 0.500462962962963 0.022395833333333334 0.11574074074074074
1 0.7966145833333333 0.49953703703703706 0.025520833333333333 0.10648148148148148
1 0.7065104166666667 0.4865740740740741 0.022395833333333334 0.09722222222222222
1 0.6458333333333334 0.5305555555555556 0.03125 0.1685185185185185
1 0.6098958333333333 0.4865740740740741 0.017708333333333333 0.10462962962962963
1 0.5893229166666667 0.5231481481481481 0.0328125 0.16111111111111112
1 0.5703125 0.48240740740740745 0.016666666666666666 0.07592592592592592
1 0.4309895833333333 0.5162037037037037 0.022395833333333334 0.15092592592592594
1 0.41015625 0.5722222222222223 0.0328125 0.24074074074074076
1 0.3341145833333333 0.5106481481481482 0.0234375 0.1398148148148148
1 0.021614583333333333 0.5435185185185185 0.034895833333333334 0.15555555555555556
1 0.05182291666666666 0.5916666666666667 0.07552083333333333 0.11666666666666667
