1 0.9010416666666666 0.34814814814814815 0.03125 0.12592592592592594
1 0.7377604166666667 0.3365740740740741 0.018229166666666668 0.08796296296296297
1 0.6979166666666666 0.3439814814814815 0.026041666666666668 0.10277777777777779
1 0.6565104166666667 0.34305555555555556 0.019270833333333334 0.08981481481481482
1 0.5848958333333333 0.3819444444444445 0.03229166666666666 0.1675925925925926
1 0.6067708333333334 0.3578703703703704 0.03125 0.12685185185185185
1 0.5299479166666666 0.3472222222222222 0.019270833333333334 0.07777777777777778
1 0.39609375 0.3509259259259259 0.022395833333333334 0.0925925925925926
1 0.34296875 0.3814814814814815 0.050520833333333334 0.16111111111111112
1 0.28020833333333334 0.3731481481481482 0.030208333333333334 0.11481481481481481
1 0.1359375 0.4166666666666667 0.059375 0.19814814814814816
1 0.10572916666666667 0.3773148148148148 0.030208333333333334 0.09166666666666667
1 0.0609375 0.3842592592592593 0.028125 0.12407407407407407
