0 0.759375 0.3675925925925926 0.0125 0.02592592592592593
1 0.8395833333333333 0.35555555555555557 0.03333333333333333 0.1537037037037037
1 0.8026041666666667 0.31342592592592594 0.017708333333333333 0.0638888888888889
1 0.7690104166666667 0.33055555555555555 0.0265625 0.09444444444444444
1 0.7466145833333333 0.32222222222222224 0.0203125 0.08148148148148149
1 0.6901041666666666 0.3277777777777778 0.016666666666666666 0.08518518518518518
1 0.6481770833333333 0.3231481481481482 0.022395833333333334 0.07592592592592592
1 0.5927083333333333 0.33240740740740743 0.02395833333333333 0.09074074074074075
1 0.5596354166666666 0.3212962962962963 0.0203125 0.07962962962962963
1 0.5348958333333333 0.3337962962962963 0.027083333333333334 0.10462962962962963
1 0.44921875 0.3578703703703704 0.0390625 0.14166666666666666
1 0.4127604166666667 0.3277777777777778 0.022395833333333334 0.08518518518518518
1 0.37005208333333334 0.32407407407407407 0.0234375 0.08148148148148149
1 0.26848958333333334 0.35185185185185186 0.028645833333333332 0.1462962962962963
1 0.1671875 0.3842592592592593 0.041666666666666664 0.19444444444444445
1 0.14244791666666667 0.34861111111111115 0.021354166666666667 0.1398148148148148
1 0.02005208333333333 0.35000000000000003 0.0359375 0.1425925925925926
