0 0.11041666666666666 0.6023148148148149 0.029166666666666667 0.06018518518518519
1 0.9747395833333333 0.3925925925925926 0.021354166666666667 0.11111111111111112
1 0.9453125 0.4430555555555556 0.041666666666666664 0.21574074074074076
1 0.8760416666666666 0.40370370370370373 0.026041666666666668 0.11666666666666667
1 0.7903645833333334 0.39675925925925926 0.024479166666666666 0.11018518518518519
1 0.7338541666666667 0.4527777777777778 0.03229166666666666 0.20370370370370372
1 0.65703125 0.425462962962963 0.033854166666666664 0.17314814814814816
1 0.47734375 0.43333333333333335 0.025520833333333333 0.1537037037037037
1 0.36432291666666666 0.46574074074074073 0.0390625 0.20555555555555557
1 0.12760416666666666 0.4800925925925926 0.03125 0.21574074074074076
