1 0.8752604166666667 0.549074074074074 0.024479166666666666 0.11666666666666667
1 0.7729166666666667 0.549074074074074 0.01875 0.10555555555555556
1 0.7041666666666666 0.5412037037037037 0.013541666666666667 0.08981481481481482
1 0.6776041666666667 0.5509259259259259 0.016666666666666666 0.11296296296296297
1 0.6580729166666667 0.5611111111111111 0.0203125 0.12037037037037038
1 0.5893229166666667 0.587037037037037 0.03697916666666667 0.1685185185185185
1 0.5651041666666666 0.5430555555555556 0.013541666666666667 0.10833333333333334
1 0.55390625 0.5310185185185186 0.008854166666666666 0.09907407407407408
1 0.4830729166666667 0.5546296296296297 0.025520833333333333 0.11666666666666667
1 0.4203125 0.5370370370370371 0.014583333333333334 0.08148148148148149
1 0.2559895833333333 0.5814814814814815 0.022395833333333334 0.1574074074074074
1 0.23489583333333333 0.638425925925926 0.051041666666666666 0.2064814814814815
