1 0.7703125 0.3472222222222222 0.03125 0.0925925925925926
1 0.7411458333333333 0.34305555555555556 0.040625 0.10092592592592593
1 0.7033854166666667 0.375 0.034895833333333334 0.1962962962962963
1 0.6369791666666667 0.35555555555555557 0.03333333333333333 0.11481481481481481
1 0.6052083333333333 0.325 0.014583333333333334 0.07592592592592592
1 0.5356770833333333 0.3453703703703704 0.025520833333333333 0.11296296296296297
1 0.3572916666666667 0.3611111111111111 0.030208333333333334 0.15925925925925927
1 0.31328125 0.33472222222222225 0.022395833333333334 0.10648148148148148
1 0.14270833333333333 0.3861111111111111 0.04375 0.19074074074074074
1 0.12239583333333333 0.35694444444444445 0.02395833333333333 0.14351851851851852
1 0.04583333333333333 0.36944444444444446 0.029166666666666667 0.16111111111111112
1 0.03567708333333333 0.3625 0.024479166666666666 0.13240740740740742
0 0.7375 0.3773148148148148 0.015625 0.025
