1 0.8484375 0.35000000000000003 0.03333333333333333 0.12962962962962962
1 0.8015625 0.33055555555555555 0.017708333333333333 0.09074074074074075
1 0.7723958333333333 0.32962962962962966 0.03125 0.08888888888888889
1 0.7442708333333333 0.3277777777777778 0.029166666666666667 0.07037037037037037
1 0.7278645833333334 0.32592592592592595 0.022395833333333334 0.07777777777777778
1 0.67421875 0.3231481481481482 0.021354166666666667 0.07962962962962963
1 0.615625 0.33287037037037037 0.019791666666666666 0.09907407407407408
1 0.5208333333333334 0.35370370370370374 0.028125 0.12592592592592594
1 0.46015625 0.32685185185185184 0.0203125 0.09074074074074075
1 0.42421875 0.32685185185185184 0.0203125 0.07592592592592592
1 0.34479166666666666 0.3527777777777778 0.03125 0.12407407407407407
1 0.17890625 0.39166666666666666 0.03802083333333333 0.19814814814814816
1 0.15651041666666665 0.3578703703703704 0.024479166666666666 0.12685185185185185
1 0.05416666666666667 0.3578703703703704 0.03229166666666666 0.13055555555555556
