1 0.8760416666666666 0.3314814814814815 0.01875 0.0925925925925926
1 0.8244791666666667 0.34675925925925927 0.01875 0.09722222222222222
1 0.78984375 0.3472222222222222 0.011979166666666666 0.10925925925925926
1 0.76796875 0.3675925925925926 0.022395833333333334 0.1574074074074074
1 0.6817708333333333 0.34305555555555556 0.019791666666666666 0.09351851851851853
1 0.6502604166666667 0.33842592592592596 0.018229166666666668 0.0638888888888889
1 0.6244791666666667 0.3314814814814815 0.011458333333333333 0.053703703703703705
1 0.6161458333333333 0.35000000000000003 0.026041666666666668 0.09444444444444444
1 0.5809895833333333 0.3851851851851852 0.0265625 0.1685185185185185
1 0.5513020833333333 0.33425925925925926 0.0171875 0.07592592592592592
1 0.51484375 0.3490740740740741 0.0203125 0.08518518518518518
1 0.3736979166666667 0.36064814814814816 0.0265625 0.09351851851851853
1 0.20625 0.40601851851851856 0.03229166666666666 0.13425925925925927
