1 0.8408854166666666 0.5083333333333333 0.0203125 0.1277777777777778
1 0.7515625 0.5157407407407407 0.016666666666666666 0.11666666666666667
1 0.6828125 0.5046296296296297 0.017708333333333333 0.08888888888888889
1 0.6580729166666667 0.5101851851851852 0.0203125 0.10555555555555556
1 0.6341145833333334 0.5259259259259259 0.0234375 0.1277777777777778
1 0.578125 0.5462962962962963 0.030208333333333334 0.16481481481481483
1 0.5583333333333333 0.5060185185185185 0.015625 0.10092592592592593
1 0.5401041666666666 0.5023148148148149 0.0125 0.09351851851851853
1 0.47239583333333335 0.5180555555555556 0.029166666666666667 0.11203703703703705
1 0.43385416666666665 0.4967592592592593 0.016666666666666666 0.062037037037037036
1 0.40390624999999997 0.5083333333333333 0.0203125 0.08518518518518518
1 0.2830729166666667 0.5208333333333334 0.0203125 0.08425925925925926
1 0.2669270833333333 0.612037037037037 0.0484375 0.23148148148148148
1 0.23098958333333333 0.549074074074074 0.0171875 0.15925925925925927
