1 0.91640625 0.5083333333333333 0.021354166666666667 0.1277777777777778
1 0.8239583333333333 0.500462962962963 0.019791666666666666 0.11574074074074074
1 0.7130208333333333 0.48703703703703705 0.019791666666666666 0.08888888888888889
1 0.6721354166666667 0.5208333333333334 0.021354166666666667 0.14166666666666666
1 0.6044270833333333 0.4930555555555556 0.018229166666666668 0.09722222222222222
1 0.5703125 0.48703703703703705 0.014583333333333334 0.08888888888888889
1 0.53046875 0.5027777777777778 0.022395833333333334 0.12407407407407407
1 0.4380208333333333 0.5018518518518519 0.014583333333333334 0.12222222222222223
1 0.4125 0.5625 0.041666666666666664 0.2212962962962963
1 0.13229166666666667 0.5430555555555556 0.030208333333333334 0.1787037037037037
