1 0.7403645833333333 0.4217592592592593 0.025520833333333333 0.11018518518518519
1 0.7013020833333333 0.42962962962962964 0.021354166666666667 0.10370370370370371
1 0.6783854166666666 0.4703703703703704 0.0359375 0.1462962962962963
1 0.6471354166666666 0.4273148148148148 0.0203125 0.09907407407407408
1 0.59375 0.44074074074074077 0.028125 0.12037037037037038
1 0.5669270833333333 0.4277777777777778 0.011979166666666666 0.07222222222222223
1 0.5552083333333333 0.44027777777777777 0.017708333333333333 0.09351851851851853
1 0.5080729166666667 0.4430555555555556 0.0265625 0.10648148148148148
1 0.44375 0.4513888888888889 0.02395833333333333 0.09907407407407408
1 0.41796875 0.4393518518518519 0.021354166666666667 0.08425925925925926
1 0.25104166666666666 0.48842592592592593 0.026041666666666668 0.1398148148148148
1 0.21875 0.47500000000000003 0.028125 0.11666666666666667
