0 0.6802083333333333 0.3615740740740741 0.014583333333333334 0.028703703703703703
1 0.7403645833333333 0.3685185185185185 0.03697916666666667 0.20185185185185187
1 0.7903645833333334 0.3111111111111111 0.024479166666666666 0.07592592592592592
1 0.7236979166666666 0.3421296296296296 0.025520833333333333 0.09907407407407408
1 0.6901041666666666 0.3287037037037037 0.030208333333333334 0.09074074074074075
1 0.6151041666666667 0.3421296296296296 0.03958333333333333 0.11018518518518519
1 0.5138020833333333 0.33333333333333337 0.024479166666666666 0.11666666666666667
1 0.53515625 0.3199074074074074 0.0203125 0.08611111111111111
1 0.35963541666666665 0.35370370370370374 0.03697916666666667 0.1685185185185185
1 0.31484375 0.33472222222222225 0.0234375 0.09537037037037037
1 0.15755208333333334 0.3837962962962963 0.04010416666666666 0.18611111111111112
1 0.12682291666666667 0.3560185185185185 0.0234375 0.14537037037037037
1 0.05677083333333333 0.3685185185185185 0.040625 0.15925925925925927
1 0.024739583333333332 0.35185185185185186 0.03697916666666667 0.13333333333333333
