1 0.7768229166666667 0.4962962962962963 0.024479166666666666 0.15925925925925927
1 0.6794270833333333 0.47731481481481486 0.022395833333333334 0.09722222222222222
1 0.6645833333333333 0.4569444444444445 0.014583333333333334 0.06018518518518519
1 0.6213541666666667 0.47824074074074074 0.013541666666666667 0.09166666666666667
1 0.60546875 0.46296296296296297 0.008854166666666666 0.07592592592592592
1 0.59453125 0.4851851851851852 0.024479166666666666 0.11666666666666667
1 0.5776041666666667 0.4666666666666667 0.013541666666666667 0.07962962962962963
1 0.5450520833333333 0.47222222222222227 0.018229166666666668 0.07222222222222223
1 0.52265625 0.47222222222222227 0.018229166666666668 0.08333333333333334
1 0.4046875 0.4759259259259259 0.014583333333333334 0.07592592592592592
1 0.35182291666666665 0.4986111111111111 0.021354166666666667 0.11574074074074074
1 0.26067708333333334 0.5240740740740741 0.022395833333333334 0.15555555555555556
