1 0.8653645833333333 0.37824074074074077 0.04010416666666666 0.1287037037037037
1 0.7880208333333333 0.34305555555555556 0.015625 0.06574074074074074
1 0.7453125 0.3726851851851852 0.029166666666666667 0.10092592592592593
1 0.7583333333333333 0.35555555555555557 0.01875 0.08333333333333334
1 0.7208333333333333 0.3560185185185185 0.017708333333333333 0.09166666666666667
1 0.6419270833333334 0.3560185185185185 0.019270833333333334 0.0712962962962963
1 0.6067708333333334 0.38101851851851853 0.027083333333333334 0.12685185185185185
1 0.5440104166666666 0.375462962962963 0.0265625 0.11018518518518519
1 0.5177083333333333 0.4083333333333333 0.034375 0.18888888888888888
1 0.33229166666666665 0.40925925925925927 0.04479166666666667 0.15185185185185185
1 0.3502604166666667 0.37453703703703706 0.024479166666666666 0.10462962962962963
1 0.11614583333333334 0.4050925925925926 0.03125 0.14722222222222223
1 0.07864583333333333 0.4324074074074074 0.03958333333333333 0.19074074074074074
1 0.09661458333333334 0.40324074074074073 0.025520833333333333 0.14722222222222223
0 0.7489583333333333 0.4189814814814815 0.015625 0.026851851851851852
