1 0.9723958333333333 0.35000000000000003 0.030208333333333334 0.11481481481481481
1 0.8122395833333333 0.35833333333333334 0.025520833333333333 0.12037037037037038
1 0.7630208333333334 0.34490740740740744 0.028125 0.09722222222222222
1 0.7286458333333333 0.38703703703703707 0.029166666666666667 0.1962962962962963
1 0.6989583333333333 0.34814814814814815 0.026041666666666668 0.12222222222222223
1 0.5546875 0.3791666666666667 0.030208333333333334 0.14537037037037037
1 0.5026041666666666 0.36944444444444446 0.027083333333333334 0.11481481481481481
1 0.4786458333333333 0.37824074074074077 0.030208333333333334 0.14351851851851852
1 0.3859375 0.37824074074074077 0.027083333333333334 0.14722222222222223
1 0.08932291666666667 0.425462962962963 0.03802083333333333 0.22314814814814815
1 0.2518229166666667 0.36944444444444446 0.022395833333333334 0.12592592592592594
0 0.27291666666666664 0.38287037037037036 0.027083333333333334 0.05277777777777778
