1 0.8161458333333333 0.4324074074074074 0.019791666666666666 0.11666666666666667
1 0.734375 0.4365740740740741 0.019791666666666666 0.10462962962962963
1 0.6856770833333333 0.42685185185185187 0.021354166666666667 0.08888888888888889
1 0.66484375 0.4412037037037037 0.0203125 0.09537037037037037
1 0.6453125 0.45 0.020833333333333332 0.11666666666666667
1 0.5638020833333334 0.42962962962962964 0.0078125 0.07962962962962963
1 0.578125 0.4763888888888889 0.02395833333333333 0.13796296296296298
1 0.55 0.44212962962962965 0.0125 0.10462962962962963
1 0.49296875 0.45787037037037037 0.019270833333333334 0.11203703703703705
1 0.4375 0.4365740740740741 0.013541666666666667 0.062037037037037036
1 0.4166666666666667 0.5365740740740741 0.030208333333333334 0.21203703703703705
1 0.378125 0.48888888888888893 0.029166666666666667 0.1277777777777778
1 0.2296875 0.5101851851851852 0.016666666666666666 0.14814814814814814
1 0.027604166666666666 0.5180555555555556 0.029166666666666667 0.1398148148148148
0 0.34296875 0.5472222222222223 0.019270833333333334 0.03888888888888889
