1 0.7880208333333333 0.4898148148148148 0.042708333333333334 0.16111111111111112
1 0.6856770833333333 0.4703703703703704 0.019270833333333334 0.10370370370370371
1 0.6268229166666667 0.46851851851851856 0.0203125 0.07962962962962963
1 0.6145833333333334 0.4800925925925926 0.017708333333333333 0.09537037037037037
1 0.5971354166666667 0.47453703703703703 0.025520833333333333 0.10648148148148148
1 0.5807291666666666 0.46574074074074073 0.015625 0.08888888888888889
1 0.5546875 0.45740740740740743 0.016666666666666666 0.07777777777777778
1 0.5322916666666666 0.4740740740740741 0.01875 0.08333333333333334
1 0.353125 0.4935185185185185 0.030208333333333334 0.12592592592592594
1 0.27109375 0.5240740740740741 0.0234375 0.16296296296296298
