1 0.9885416666666667 0.35462962962962963 0.013541666666666667 0.11666666666666667
1 0.8078124999999999 0.3703703703703704 0.030208333333333334 0.11296296296296297
1 0.7791666666666667 0.3560185185185185 0.025 0.09537037037037037
1 0.7645833333333333 0.40046296296296297 0.040625 0.20462962962962963
1 0.7408854166666666 0.3648148148148148 0.022395833333333334 0.1277777777777778
1 0.7075520833333333 0.3625 0.022395833333333334 0.10833333333333334
1 0.68125 0.36064814814814816 0.01875 0.08611111111111111
1 0.5674479166666666 0.38657407407407407 0.0265625 0.13796296296296298
1 0.48854166666666665 0.3814814814814815 0.026041666666666668 0.12222222222222223
1 0.46458333333333335 0.3907407407407408 0.03125 0.15
1 0.39166666666666666 0.38981481481481484 0.027083333333333334 0.14814814814814814
1 0.23489583333333333 0.3861111111111111 0.029166666666666667 0.11666666666666667
1 0.09609375 0.4393518518518519 0.0421875 0.23055555555555557
