1 0.9278645833333333 0.34490740740740744 0.0359375 0.14351851851851852
1 0.7611979166666667 0.3287037037037037 0.024479166666666666 0.07962962962962963
1 0.7109375 0.3458333333333333 0.029166666666666667 0.10277777777777779
1 0.68046875 0.3421296296296296 0.0203125 0.09166666666666667
1 0.6604166666666667 0.33240740740740743 0.019791666666666666 0.08703703703703704
1 0.5864583333333333 0.35879629629629634 0.03125 0.125
1 0.55625 0.35185185185185186 0.029166666666666667 0.11111111111111112
1 0.5377604166666666 0.3472222222222222 0.025520833333333333 0.08888888888888889
1 0.459375 0.40185185185185185 0.041666666666666664 0.16296296296296298
1 0.38619791666666664 0.3541666666666667 0.024479166666666666 0.09537037037037037
1 0.25677083333333334 0.39537037037037037 0.04583333333333333 0.15925925925925927
0 0.2630208333333333 0.4537037037037037 0.015625 0.031481481481481485
1 0.1984375 0.3773148148148148 0.034375 0.13425925925925927
1 0.08723958333333333 0.425462962962963 0.05364583333333333 0.18425925925925926
1 0.11510416666666666 0.375462962962963 0.03125 0.10648148148148148
1 0.05911458333333333 0.3976851851851852 0.04010416666666666 0.1398148148148148
