0 0.42578125 0.5324074074074074 0.019270833333333334 0.044444444444444446
1 0.76796875 0.45046296296296295 0.018229166666666668 0.10092592592592593
1 0.7140625 0.45787037037037037 0.017708333333333333 0.10833333333333334
1 0.6885416666666666 0.45 0.013541666666666667 0.07777777777777778
1 0.67421875 0.46851851851851856 0.021354166666666667 0.10370370370370371
1 0.6583333333333333 0.45231481481481484 0.017708333333333333 0.09722222222222222
1 0.6375 0.5041666666666667 0.04583333333333333 0.1712962962962963
1 0.5916666666666667 0.47731481481481486 0.028125 0.10462962962962963
1 0.5669270833333333 0.46064814814814814 0.011979166666666666 0.09537037037037037
1 0.55703125 0.4537037037037037 0.0078125 0.07407407407407407
1 0.5143229166666666 0.47453703703703703 0.019270833333333334 0.10277777777777779
1 0.43671875 0.4861111111111111 0.022395833333333334 0.11481481481481481
1 0.24895833333333334 0.5259259259259259 0.03229166666666666 0.12037037037037038
1 0.20755208333333333 0.5111111111111112 0.025520833333333333 0.11111111111111112
