0 0.5567708333333333 0.375462962962963 0.0125 0.028703703703703703
1 0.8361979166666667 0.32222222222222224 0.033854166666666664 0.11666666666666667
1 0.7330729166666666 0.3458333333333333 0.03802083333333333 0.13425925925925927
1 0.67890625 0.33935185185185185 0.03697916666666667 0.125
1 0.6895833333333333 0.3180555555555556 0.015625 0.09351851851851853
1 0.62734375 0.32083333333333336 0.021354166666666667 0.08796296296296297
1 0.56484375 0.3337962962962963 0.03697916666666667 0.10092592592592593
1 0.5080729166666667 0.3199074074074074 0.024479166666666666 0.08240740740740742
1 0.4432291666666667 0.3523148148148148 0.03333333333333333 0.13796296296296298
1 0.40078125 0.33842592592592596 0.03802083333333333 0.13796296296296298
1 0.22109375 0.3824074074074074 0.050520833333333334 0.20185185185185187
1 0.07578125 0.34861111111111115 0.04010416666666666 0.1398148148148148
1 0.02421875 0.33425925925925926 0.024479166666666666 0.12592592592592594
