1 0.9140625 0.48194444444444445 0.020833333333333332 0.13055555555555556
1 0.81484375 0.47824074074074074 0.0203125 0.11388888888888889
1 0.7158854166666666 0.4620370370370371 0.011979166666666666 0.08148148148148149
1 0.67109375 0.49444444444444446 0.019270833333333334 0.15185185185185185
1 0.6049479166666667 0.46944444444444444 0.019270833333333334 0.10185185185185186
1 0.5674479166666666 0.46481481481481485 0.018229166666666668 0.08703703703703704
1 0.5356770833333333 0.4828703703703704 0.019270833333333334 0.13611111111111113
1 0.4510416666666667 0.4861111111111111 0.013541666666666667 0.11111111111111112
1 0.4348958333333333 0.5412037037037037 0.028125 0.2175925925925926
1 0.4067708333333333 0.46944444444444444 0.020833333333333332 0.10185185185185186
1 0.16875 0.5180555555555556 0.046875 0.1712962962962963
