1 0.7565104166666666 0.4532407407407408 0.022395833333333334 0.09907407407407408
1 0.7036458333333333 0.47500000000000003 0.028125 0.1277777777777778
1 0.6700520833333333 0.46064814814814814 0.019270833333333334 0.075
1 0.6419270833333334 0.46342592592592596 0.0171875 0.09351851851851853
1 0.609375 0.46574074074074073 0.01875 0.08888888888888889
1 0.5825520833333333 0.47222222222222227 0.021354166666666667 0.10740740740740741
1 0.534375 0.44583333333333336 0.010416666666666666 0.062037037037037036
1 0.5216145833333333 0.46620370370370373 0.022395833333333334 0.09537037037037037
1 0.5020833333333333 0.45740740740740743 0.014583333333333334 0.08148148148148149
1 0.39010416666666664 0.45787037037037037 0.016666666666666666 0.07314814814814816
1 0.3234375 0.4898148148148148 0.025 0.12222222222222223
1 0.24505208333333334 0.5111111111111112 0.022395833333333334 0.16111111111111112
