1 0.8424479166666666 0.3578703703703704 0.034895833333333334 0.16574074074074074
1 0.7877604166666666 0.33055555555555555 0.03697916666666667 0.10740740740740741
1 0.76796875 0.32083333333333336 0.022395833333333334 0.0638888888888889
1 0.74609375 0.32685185185185184 0.0171875 0.08333333333333334
1 0.6950520833333333 0.33333333333333337 0.0203125 0.08518518518518518
1 0.6419270833333334 0.3199074074074074 0.019270833333333334 0.07685185185185185
1 0.5888020833333333 0.3337962962962963 0.0203125 0.09351851851851853
1 0.5546875 0.32592592592592595 0.016666666666666666 0.07037037037037037
1 0.5158854166666667 0.3277777777777778 0.0265625 0.10925925925925926
1 0.42526041666666664 0.3550925925925926 0.04010416666666666 0.14722222222222223
1 0.3984375 0.32592592592592595 0.013541666666666667 0.08888888888888889
1 0.35963541666666665 0.3226851851851852 0.021354166666666667 0.08796296296296297
1 0.240625 0.35000000000000003 0.03125 0.1462962962962963
1 0.16666666666666666 0.3842592592592593 0.040625 0.19444444444444445
1 0.14557291666666666 0.3523148148148148 0.022395833333333334 0.14166666666666666
1 0.015364583333333333 0.35462962962962963 0.0265625 0.15185185185185185
0 0.7744791666666666 0.3625 0.013541666666666667 0.019444444444444445
