1 0.98671875 0.38333333333333336 0.021354166666666667 0.12592592592592594
1 0.9544270833333334 0.4287037037037037 0.04114583333333333 0.21666666666666667
1 0.8606770833333334 0.3763888888888889 0.022395833333333334 0.10462962962962963
1 0.7703125 0.4222222222222222 0.03125 0.20370370370370372
1 0.69140625 0.37824074074074077 0.0234375 0.09722222222222222
1 0.5848958333333333 0.4430555555555556 0.03958333333333333 0.21203703703703705
1 0.5528645833333333 0.4064814814814815 0.024479166666666666 0.16111111111111112
1 0.4158854166666667 0.4152777777777778 0.0234375 0.14722222222222223
1 0.3984375 0.38981481481481484 0.017708333333333333 0.10185185185185186
1 0.22317708333333333 0.44907407407407407 0.0328125 0.17592592592592593
1 0.17057291666666666 0.4587962962962963 0.050520833333333334 0.20462962962962963
1 0.033854166666666664 0.47731481481481486 0.04791666666666666 0.2175925925925926
