1 0.8403645833333333 0.3578703703703704 0.03697916666666667 0.13796296296296298
1 0.7807291666666667 0.33842592592592596 0.01875 0.09166666666666667
1 0.7596354166666667 0.34074074074074073 0.021354166666666667 0.07962962962962963
1 0.7169270833333333 0.33333333333333337 0.011979166666666666 0.07037037037037037
1 0.69609375 0.34120370370370373 0.022395833333333334 0.06574074074074074
1 0.6643229166666667 0.33055555555555555 0.0171875 0.07962962962962963
1 0.6059895833333333 0.3421296296296296 0.019270833333333334 0.09166666666666667
1 0.5877604166666667 0.3462962962962963 0.024479166666666666 0.10740740740740741
1 0.5026041666666666 0.36435185185185187 0.029166666666666667 0.14722222222222223
1 0.44765625 0.34120370370370373 0.024479166666666666 0.09722222222222222
1 0.4075520833333333 0.3402777777777778 0.022395833333333334 0.08796296296296297
1 0.3302083333333333 0.3597222222222222 0.029166666666666667 0.13425925925925927
1 0.17213541666666665 0.3962962962962963 0.04010416666666666 0.1962962962962963
1 0.15078125 0.3652777777777778 0.022395833333333334 0.13796296296296298
1 0.04348958333333333 0.3652777777777778 0.033854166666666664 0.13425925925925927
0 0.7291666666666666 0.36435185185185187 0.0125 0.026851851851851852
