1 0.8708333333333333 0.3685185185185185 0.029166666666666667 0.12037037037037038
1 0.7627604166666666 0.35694444444444445 0.021354166666666667 0.10092592592592593
1 0.6940104166666666 0.3509259259259259 0.0203125 0.08888888888888889
1 0.6744791666666666 0.3453703703703704 0.01875 0.08148148148148149
1 0.62109375 0.35185185185185186 0.0203125 0.09074074074074075
1 0.6065104166666666 0.3597222222222222 0.0203125 0.09537037037037037
1 0.5880208333333333 0.3625 0.016666666666666666 0.10092592592592593
1 0.5731770833333333 0.3703703703703704 0.022395833333333334 0.1277777777777778
1 0.540625 0.36342592592592593 0.03854166666666667 0.13425925925925927
1 0.5114583333333333 0.35000000000000003 0.019791666666666666 0.07962962962962963
1 0.4510416666666667 0.35000000000000003 0.019791666666666666 0.07962962962962963
1 0.35182291666666665 0.40046296296296297 0.0390625 0.18055555555555555
1 0.3059895833333333 0.36064814814814816 0.034895833333333334 0.10833333333333334
1 0.20078125 0.3791666666666667 0.04114583333333333 0.1564814814814815
0 0.8244791666666667 0.42453703703703705 0.0125 0.026851851851851852
