1 0.8591145833333333 0.36342592592592593 0.04114583333333333 0.13055555555555556
1 0.7744791666666666 0.34490740740740744 0.029166666666666667 0.10462962962962963
1 0.6768229166666666 0.33935185185185185 0.021354166666666667 0.09351851851851853
1 0.65703125 0.33425925925925926 0.013020833333333334 0.07962962962962963
1 0.61171875 0.3564814814814815 0.0484375 0.12407407407407407
1 0.5888020833333333 0.32453703703703707 0.0203125 0.06759259259259259
1 0.6161458333333333 0.32453703703703707 0.016666666666666666 0.06759259259259259
1 0.5546875 0.3453703703703704 0.04375 0.11296296296296297
1 0.5143229166666666 0.35370370370370374 0.0234375 0.12962962962962962
1 0.4908854166666667 0.36435185185185187 0.034895833333333334 0.1398148148148148
1 0.41901041666666666 0.3351851851851852 0.0234375 0.08148148148148149
1 0.31171875 0.3888888888888889 0.0390625 0.18888888888888888
1 0.1828125 0.3453703703703704 0.03958333333333333 0.11296296296296297
1 0.125 0.3648148148148148 0.029166666666666667 0.15925925925925927
0 0.803125 0.41435185185185186 0.014583333333333334 0.025
