0 0.7690104166666667 0.3675925925925926 0.013020833333333334 0.02962962962962963
1 0.8377604166666667 0.3550925925925926 0.0390625 0.1787037037037037
1 0.7846354166666667 0.32592592592592595 0.024479166666666666 0.08518518518518518
1 0.72109375 0.32407407407407407 0.022395833333333334 0.08148148148148149
1 0.6885416666666666 0.32685185185185184 0.017708333333333333 0.09074074074074075
1 0.6388020833333333 0.3231481481481482 0.021354166666666667 0.07962962962962963
1 0.58203125 0.33287037037037037 0.0265625 0.10277777777777779
1 0.5513020833333333 0.32407407407407407 0.021354166666666667 0.07777777777777778
1 0.4984375 0.3314814814814815 0.028125 0.11296296296296297
1 0.4067708333333333 0.35370370370370374 0.03958333333333333 0.15
1 0.384375 0.3236111111111111 0.01875 0.09351851851851853
1 0.34765625 0.3199074074074074 0.021354166666666667 0.07314814814814816
1 0.2109375 0.3490740740740741 0.03229166666666666 0.15185185185185185
1 0.16458333333333333 0.3861111111111111 0.04479166666666667 0.19444444444444445
1 0.1453125 0.3509259259259259 0.03125 0.13148148148148148
1 0.014322916666666666 0.3509259259259259 0.024479166666666666 0.13148148148148148
