1 0.9817708333333334 0.46064814814814814 0.03125 0.17314814814814816
1 0.9432291666666667 0.3800925925925926 0.028125 0.10462962962962963
1 0.8828125 0.4199074074074074 0.028125 0.1953703703703704
1 0.7924479166666667 0.3861111111111111 0.024479166666666666 0.10925925925925926
1 0.71484375 0.42962962962962964 0.03697916666666667 0.2
1 0.5765625 0.41111111111111115 0.029166666666666667 0.15925925925925927
1 0.42526041666666664 0.4287037037037037 0.033854166666666664 0.19074074074074074
1 0.34791666666666665 0.41481481481481486 0.03333333333333333 0.15555555555555556
1 0.08645833333333333 0.44212962962962965 0.03229166666666666 0.2101851851851852
0 0.11562499999999999 0.5472222222222223 0.03229166666666666 0.0462962962962963
