1 0.8151041666666666 0.3675925925925926 0.029166666666666667 0.10740740740740741
1 0.76796875 0.35879629629629634 0.022395833333333334 0.09351851851851853
1 0.7421875 0.35370370370370374 0.025 0.08703703703703704
1 0.67890625 0.3625 0.0328125 0.10833333333333334
1 0.6924479166666666 0.3453703703703704 0.019270833333333334 0.07407407407407407
1 0.6716145833333333 0.3527777777777778 0.01614583333333333 0.08148148148148149
1 0.64921875 0.3509259259259259 0.01614583333333333 0.08888888888888889
1 0.64296875 0.3703703703703704 0.03697916666666667 0.11666666666666667
1 0.5880208333333333 0.3472222222222222 0.014583333333333334 0.07777777777777778
1 0.5578125 0.3666666666666667 0.030208333333333334 0.08888888888888889
1 0.5244791666666666 0.3490740740740741 0.014583333333333334 0.07037037037037037
1 0.5020833333333333 0.34814814814814815 0.016666666666666666 0.07962962962962963
1 0.4739583333333333 0.35694444444444445 0.02395833333333333 0.09722222222222222
1 0.44375 0.40324074074074073 0.059375 0.1787037037037037
1 0.13541666666666666 0.3726851851851852 0.03125 0.1398148148148148
