1 0.8015625 0.4046296296296297 0.027083333333333334 0.2
1 0.7684895833333333 0.38981481481481484 0.030729166666666665 0.15555555555555556
1 0.7197916666666666 0.3675925925925926 0.027083333333333334 0.11481481481481481
1 0.68359375 0.3652777777777778 0.021354166666666667 0.09537037037037037
1 0.57890625 0.39490740740740743 0.022395833333333334 0.14537037037037037
1 0.475 0.3888888888888889 0.016666666666666666 0.12592592592592594
1 0.45598958333333334 0.40046296296296297 0.0234375 0.17314814814814816
1 0.39609375 0.3944444444444445 0.0265625 0.16481481481481483
1 0.24791666666666667 0.3791666666666667 0.030208333333333334 0.11018518518518519
1 0.0984375 0.4356481481481482 0.042708333333333334 0.22685185185185186
0 0.2265625 0.4449074074074074 0.028125 0.06018518518518519
