1 0.9067708333333333 0.5023148148148149 0.029166666666666667 0.13240740740740742
1 0.79921875 0.4986111111111111 0.022395833333333334 0.125
1 0.7135416666666666 0.487962962962963 0.01875 0.09074074074074075
1 0.65859375 0.5287037037037037 0.0234375 0.1574074074074074
1 0.6239583333333333 0.5125000000000001 0.026041666666666668 0.1398148148148148
1 0.58203125 0.48703703703703705 0.013020833333333334 0.08888888888888889
1 0.459375 0.513425925925926 0.026041666666666668 0.14166666666666666
1 0.4145833333333333 0.5722222222222223 0.028125 0.23703703703703705
1 0.36484375 0.5083333333333333 0.018229166666666668 0.13148148148148148
1 0.053125 0.5643518518518519 0.028125 0.14722222222222223
1 0.05286458333333333 0.5995370370370371 0.0796875 0.10833333333333334
