0 0.12864583333333332 0.5314814814814816 0.029166666666666667 0.053703703703703705
1 0.9817708333333334 0.42962962962962964 0.025 0.20370370370370372
1 0.8888020833333333 0.41203703703703703 0.033854166666666664 0.18888888888888888
1 0.83359375 0.38101851851851853 0.0234375 0.11018518518518519
1 0.7578125 0.3731481481481482 0.017708333333333333 0.11481481481481481
1 0.7265625 0.4199074074074074 0.03333333333333333 0.19166666666666668
1 0.6934895833333333 0.36574074074074076 0.021354166666666667 0.09074074074074075
1 0.56015625 0.40324074074074073 0.03697916666666667 0.1712962962962963
1 0.44088541666666664 0.39583333333333337 0.018229166666666668 0.13240740740740742
1 0.42135416666666664 0.41712962962962963 0.02395833333333333 0.1675925925925926
1 0.3854166666666667 0.3851851851851852 0.01875 0.08703703703703704
1 0.3515625 0.4027777777777778 0.029166666666666667 0.1574074074074074
1 0.10052083333333334 0.44027777777777777 0.029166666666666667 0.2175925925925926
