1 0.9302083333333333 0.3453703703703704 0.029166666666666667 0.1277777777777778
1 0.7690104166666667 0.3314814814814815 0.024479166666666666 0.08518518518518518
1 0.7125 0.3453703703703704 0.030208333333333334 0.10925925925925926
1 0.6848958333333334 0.33842592592592596 0.015625 0.09166666666666667
1 0.6651041666666666 0.33055555555555555 0.029166666666666667 0.08703703703703704
1 0.5770833333333333 0.35462962962962963 0.026041666666666668 0.12407407407407407
1 0.5432291666666667 0.34814814814814815 0.028125 0.11111111111111112
1 0.4510416666666667 0.39675925925925926 0.04479166666666667 0.18425925925925926
1 0.3765625 0.3560185185185185 0.026041666666666668 0.09537037037037037
1 0.2505208333333333 0.39861111111111114 0.046875 0.14907407407407408
1 0.16328125 0.3791666666666667 0.033854166666666664 0.14537037037037037
1 0.07760416666666667 0.4199074074074074 0.057291666666666664 0.18796296296296297
1 0.11171874999999999 0.375 0.028645833333333332 0.11851851851851852
1 0.06354166666666666 0.38703703703703707 0.03333333333333333 0.13333333333333333
0 0.2875 0.4481481481481482 0.019791666666666666 0.03888888888888889
