1 0.8273437499999999 0.3726851851851852 0.018229166666666668 0.10462962962962963
1 0.7645833333333333 0.36064814814814816 0.025 0.08981481481481482
1 0.7377604166666667 0.3560185185185185 0.024479166666666666 0.08796296296296297
1 0.6984375 0.3527777777777778 0.017708333333333333 0.08148148148148149
1 0.6677083333333333 0.35694444444444445 0.02395833333333333 0.10092592592592593
1 0.6440104166666667 0.3648148148148148 0.0234375 0.11296296296296297
1 0.6059895833333333 0.3703703703703704 0.025520833333333333 0.11666666666666667
1 0.5869791666666666 0.3625 0.026041666666666668 0.09722222222222222
1 0.59375 0.3402777777777778 0.014583333333333334 0.0638888888888889
1 0.53046875 0.3527777777777778 0.018229166666666668 0.07777777777777778
1 0.49921875 0.35000000000000003 0.022395833333333334 0.07592592592592592
1 0.46848958333333335 0.3578703703703704 0.019270833333333334 0.08425925925925926
1 0.4223958333333333 0.4078703703703704 0.04583333333333333 0.18055555555555555
1 0.16484375 0.38101851851851853 0.04114583333333333 0.13796296296296298
0 0.6208333333333333 0.41250000000000003 0.014583333333333334 0.017592592592592594
