0 0.7 0.3685185185185185 0.014583333333333334 0.024074074074074074
1 0.8395833333333333 0.3652777777777778 0.029166666666666667 0.14166666666666666
1 0.80546875 0.32592592592592595 0.019270833333333334 0.07407407407407407
1 0.7640625 0.33935185185185185 0.014583333333333334 0.09351851851851853
1 0.7494791666666667 0.33472222222222225 0.014583333333333334 0.06018518518518519
1 0.7153645833333333 0.33425925925925926 0.018229166666666668 0.07592592592592592
1 0.6828125 0.3375 0.019791666666666666 0.06574074074074074
1 0.6627604166666666 0.33333333333333337 0.022395833333333334 0.07777777777777778
1 0.59765625 0.3421296296296296 0.0203125 0.09166666666666667
1 0.5690104166666666 0.3439814814814815 0.021354166666666667 0.10277777777777779
1 0.5828125 0.33842592592592596 0.014583333333333334 0.075
1 0.48515625 0.3652777777777778 0.0328125 0.13425925925925927
1 0.43255208333333334 0.33935185185185185 0.021354166666666667 0.08981481481481482
1 0.39453125 0.3351851851851852 0.021354166666666667 0.07777777777777778
1 0.3109375 0.3675925925925926 0.03333333333333333 0.13333333333333333
1 0.16822916666666665 0.39861111111111114 0.04583333333333333 0.1953703703703704
1 0.14427083333333332 0.3625 0.025 0.1398148148148148
1 0.03463541666666667 0.3625 0.03802083333333333 0.13611111111111113
