0 0.7802083333333333 0.3995370370370371 0.013541666666666667 0.02314814814814815
1 0.80546875 0.35462962962962963 0.027604166666666666 0.12407407407407407
1 0.7875 0.34120370370370373 0.020833333333333332 0.10092592592592593
1 0.675 0.3527777777777778 0.042708333333333334 0.11296296296296297
1 0.6807291666666666 0.3287037037037037 0.017708333333333333 0.08703703703703704
1 0.6127604166666667 0.3277777777777778 0.021354166666666667 0.08518518518518518
1 0.5921875 0.3212962962962963 0.015625 0.07962962962962963
1 0.5333333333333333 0.33425925925925926 0.041666666666666664 0.11111111111111112
1 0.47682291666666665 0.35694444444444445 0.033854166666666664 0.15092592592592594
1 0.48854166666666665 0.3439814814814815 0.020833333333333332 0.13425925925925927
1 0.40729166666666666 0.32175925925925924 0.025 0.08611111111111111
1 0.2895833333333333 0.38472222222222224 0.06041666666666667 0.18796296296296297
1 0.10052083333333334 0.35462962962962963 0.03333333333333333 0.15555555555555556
1 0.12109375 0.3351851851851852 0.0390625 0.12407407407407407
