0 0.646875 0.5037037037037038 0.015625 0.040740740740740744
1 0.7315104166666666 0.4865740740740741 0.019270833333333334 0.13611111111111113
1 0.7041666666666666 0.46342592592592596 0.025 0.09351851851851853
1 0.6736979166666667 0.45972222222222225 0.022395833333333334 0.07314814814814816
1 0.6559895833333333 0.4666666666666667 0.018229166666666668 0.08703703703703704
1 0.6184895833333334 0.46851851851851856 0.021354166666666667 0.09444444444444444
1 0.6020833333333333 0.4527777777777778 0.011458333333333333 0.07962962962962963
1 0.5869791666666666 0.4712962962962963 0.026041666666666668 0.10925925925925926
1 0.5502604166666667 0.46944444444444444 0.021354166666666667 0.0962962962962963
1 0.5104166666666666 0.4675925925925926 0.011458333333333333 0.08518518518518518
1 0.53046875 0.46064814814814814 0.008854166666666666 0.0638888888888889
1 0.33307291666666666 0.49074074074074076 0.021354166666666667 0.12037037037037038
1 0.2505208333333333 0.5189814814814815 0.025 0.16203703703703703
