1 0.8888020833333333 0.5023148148148149 0.024479166666666666 0.1398148148148148
1 0.7953125 0.4953703703703704 0.028125 0.11851851851851852
1 0.7072916666666667 0.48888888888888893 0.015625 0.0962962962962963
1 0.64765625 0.5305555555555556 0.025520833333333333 0.1685185185185185
1 0.5997395833333333 0.512962962962963 0.022395833333333334 0.1537037037037037
1 0.44505208333333335 0.5092592592592593 0.0234375 0.1462962962962963
1 0.41354166666666664 0.5666666666666667 0.030208333333333334 0.23703703703703705
1 0.34921875 0.5069444444444444 0.0265625 0.13796296296296298
1 0.04973958333333333 0.5606481481481481 0.034895833333333334 0.14351851851851852
1 0.05364583333333333 0.6050925925925926 0.0875 0.10092592592592593
