1 0.8026041666666667 0.33425925925925926 0.03125 0.11111111111111112
1 0.7723958333333333 0.3490740740740741 0.027083333333333334 0.12037037037037038
1 0.6979166666666666 0.3472222222222222 0.026041666666666668 0.12407407407407407
1 0.6861979166666666 0.32962962962962966 0.022395833333333334 0.08888888888888889
1 0.66640625 0.32407407407407407 0.0234375 0.07777777777777778
1 0.6190104166666667 0.32592592592592595 0.0203125 0.08888888888888889
1 0.6010416666666667 0.3199074074074074 0.019791666666666666 0.07314814814814816
1 0.5395833333333333 0.33564814814814814 0.027083333333333334 0.10462962962962963
1 0.4981770833333333 0.325 0.022395833333333334 0.07962962962962963
1 0.46119791666666665 0.35555555555555557 0.03802083333333333 0.1574074074074074
1 0.40182291666666664 0.32175925925925924 0.024479166666666666 0.08611111111111111
1 0.2630208333333333 0.38333333333333336 0.046875 0.1962962962962963
1 0.09895833333333333 0.35879629629629634 0.030208333333333334 0.14722222222222223
1 0.06796875 0.3453703703703704 0.0265625 0.12037037037037038
0 0.6135416666666667 0.3856481481481482 0.013541666666666667 0.019444444444444445
