1 0.9169270833333333 0.3773148148148148 0.0421875 0.12685185185185185
1 0.73984375 0.3685185185185185 0.0265625 0.11296296296296297
1 0.76796875 0.3509259259259259 0.0203125 0.07777777777777778
1 0.7119791666666666 0.3625 0.035416666666666666 0.09351851851851853
1 0.6526041666666667 0.3527777777777778 0.027083333333333334 0.07407407407407407
1 0.6044270833333333 0.3773148148148148 0.033854166666666664 0.11388888888888889
1 0.5427083333333333 0.3712962962962963 0.029166666666666667 0.11481481481481481
1 0.5013020833333334 0.40740740740740744 0.033854166666666664 0.19074074074074074
1 0.36432291666666666 0.3736111111111111 0.021354166666666667 0.09537037037037037
1 0.31536458333333334 0.4064814814814815 0.05364583333333333 0.15
1 0.13515625 0.40324074074074073 0.03802083333333333 0.15092592592592594
1 0.08385416666666666 0.4324074074074074 0.0625 0.18703703703703706
1 0.09140625 0.39351851851851855 0.022395833333333334 0.12407407407407407
1 0.11119791666666666 0.3976851851851852 0.0234375 0.13240740740740742
