1 0.8473958333333333 0.375462962962963 0.027083333333333334 0.11018518518518519
1 0.765625 0.36064814814814816 0.025 0.09722222222222222
1 0.7192708333333333 0.35694444444444445 0.01875 0.08611111111111111
1 0.6979166666666666 0.35462962962962963 0.016666666666666666 0.07777777777777778
1 0.6481770833333333 0.3652777777777778 0.022395833333333334 0.09907407407407408
1 0.6403645833333333 0.3578703703703704 0.0203125 0.09166666666666667
1 0.5885416666666666 0.3763888888888889 0.029166666666666667 0.1287037037037037
1 0.6010416666666667 0.3597222222222222 0.019791666666666666 0.09537037037037037
1 0.5278645833333333 0.3560185185185185 0.021354166666666667 0.0712962962962963
1 0.48463541666666665 0.35462962962962963 0.0203125 0.08518518518518518
1 0.3921875 0.4041666666666667 0.04791666666666666 0.18055555555555555
1 0.4140625 0.3652777777777778 0.027083333333333334 0.10648148148148148
1 0.22421875 0.38101851851851853 0.034895833333333334 0.14166666666666666
0 0.6140625 0.43194444444444446 0.0125 0.021296296296296296
