1 0.765625 0.3337962962962963 0.019791666666666666 0.10092592592592593
1 0.7276041666666666 0.3277777777777778 0.017708333333333333 0.08888888888888889
1 0.6763020833333333 0.35694444444444445 0.022395833333333334 0.1712962962962963
1 0.6130208333333333 0.32453703703703707 0.016666666666666666 0.09166666666666667
1 0.5815104166666667 0.32083333333333336 0.011979166666666666 0.06759259259259259
1 0.5658854166666667 0.34814814814814815 0.019270833333333334 0.13333333333333333
1 0.51484375 0.32685185185185184 0.01614583333333333 0.10740740740740741
1 0.4981770833333333 0.32407407407407407 0.0203125 0.08518518518518518
1 0.3033854166666667 0.3421296296296296 0.0203125 0.13425925925925927
1 0.14348958333333334 0.3703703703703704 0.03697916666666667 0.19814814814814816
