1 0.9739583333333334 0.6837962962962963 0.027083333333333334 0.14907407407407408
1 0.8572916666666667 0.6541666666666667 0.015625 0.10462962962962963
1 0.7520833333333333 0.6305555555555555 0.013541666666666667 0.08518518518518518
1 0.70703125 0.6412037037037037 0.019270833333333334 0.09166666666666667
1 0.6393229166666666 0.6402777777777778 0.0203125 0.10833333333333334
1 0.5682291666666667 0.6268518518518519 0.014583333333333334 0.06666666666666667
1 0.5421875 0.6569444444444444 0.01875 0.10648148148148148
1 0.52109375 0.6314814814814815 0.019270833333333334 0.08333333333333334
1 0.5026041666666666 0.6375000000000001 0.015625 0.09907407407407408
1 0.47578125 0.6314814814814815 0.008854166666666666 0.07962962962962963
1 0.4609375 0.6296296296296297 0.013541666666666667 0.08333333333333334
1 0.4380208333333333 0.6861111111111111 0.016666666666666666 0.1537037037037037
1 0.42604166666666665 0.6342592592592593 0.014583333333333334 0.08888888888888889
1 0.22213541666666667 0.6703703703703704 0.0234375 0.1462962962962963
