0 0.5791666666666666 0.6148148148148148 0.014583333333333334 0.03888888888888889
1 0.9393229166666667 0.6074074074074074 0.033854166666666664 0.11666666666666667
1 0.7671875 0.587962962962963 0.014583333333333334 0.08518518518518518
1 0.6588541666666666 0.6050925925925926 0.03229166666666666 0.09351851851851853
1 0.5109375 0.6129629629629629 0.030208333333333334 0.11296296296296297
1 0.5002604166666667 0.5819444444444445 0.0203125 0.06944444444444445
1 0.47161458333333334 0.5773148148148148 0.019270833333333334 0.06759259259259259
1 0.44036458333333334 0.5939814814814816 0.0171875 0.10462962962962963
1 0.4231770833333333 0.6263888888888889 0.022395833333333334 0.1398148148148148
1 0.21692708333333333 0.6333333333333333 0.022395833333333334 0.1574074074074074
