1 0.8109375 0.362962962962963 0.014583333333333334 0.07407407407407407
1 0.7932291666666667 0.3685185185185185 0.01875 0.08518518518518518
1 0.76640625 0.39814814814814814 0.0234375 0.16111111111111112
1 0.7244791666666667 0.38703703703703707 0.029166666666666667 0.12962962962962962
1 0.6744791666666666 0.375 0.01875 0.08333333333333334
1 0.6546875 0.3731481481481482 0.017708333333333333 0.07962962962962963
1 0.6049479166666667 0.3888888888888889 0.021354166666666667 0.11851851851851852
1 0.3614583333333333 0.4462962962962963 0.046875 0.20925925925925926
1 0.3260416666666667 0.39722222222222225 0.014583333333333334 0.12037037037037038
1 0.21432291666666667 0.4356481481481482 0.034895833333333334 0.14166666666666666
