1 0.9041666666666667 0.5828703703703704 0.028125 0.11018518518518519
1 0.8591145833333333 0.5731481481481482 0.019270833333333334 0.07962962962962963
1 0.7869791666666667 0.5722222222222223 0.015625 0.08888888888888889
1 0.7276041666666666 0.6231481481481481 0.029166666666666667 0.15925925925925927
1 0.6986979166666667 0.5791666666666667 0.022395833333333334 0.10648148148148148
1 0.66640625 0.5675925925925926 0.021354166666666667 0.08703703703703704
1 0.6044270833333333 0.5851851851851853 0.0203125 0.11481481481481481
1 0.5838541666666667 0.5745370370370371 0.016666666666666666 0.09722222222222222
1 0.50078125 0.5708333333333333 0.019270833333333334 0.10092592592592593
1 0.31484375 0.6087962962962963 0.0234375 0.1398148148148148
