1 0.7674479166666667 0.3263888888888889 0.019270833333333334 0.09907407407407408
1 0.75390625 0.3111111111111111 0.0171875 0.06851851851851852
1 0.7354166666666666 0.31574074074074077 0.011458333333333333 0.08518518518518518
1 0.6419270833333334 0.3541666666666667 0.034895833333333334 0.17314814814814816
1 0.6098958333333333 0.3162037037037037 0.017708333333333333 0.06574074074074074
1 0.5921875 0.33287037037037037 0.013541666666666667 0.09537037037037037
1 0.5479166666666666 0.3439814814814815 0.026041666666666668 0.13055555555555556
1 0.5036458333333333 0.33287037037037037 0.019791666666666666 0.10277777777777779
1 0.48723958333333334 0.33194444444444443 0.021354166666666667 0.09722222222222222
1 0.4661458333333333 0.3231481481481482 0.02395833333333333 0.08333333333333334
1 0.30546875 0.34675925925925927 0.024479166666666666 0.1398148148148148
1 0.12109375 0.38287037037037036 0.034895833333333334 0.18796296296296297
