1 0.8846354166666667 0.5995370370370371 0.022395833333333334 0.10833333333333334
1 0.7572916666666667 0.5810185185185185 0.01875 0.075
1 0.7416666666666667 0.587037037037037 0.014583333333333334 0.08333333333333334
1 0.71484375 0.5907407407407408 0.0234375 0.08703703703703704
1 0.64921875 0.576388888888889 0.01614583333333333 0.06944444444444445
1 0.6328125 0.6402777777777778 0.030208333333333334 0.1675925925925926
1 0.5677083333333334 0.6101851851851852 0.015625 0.11481481481481481
1 0.5528645833333333 0.5898148148148148 0.0109375 0.0925925925925926
1 0.51015625 0.5865740740740741 0.022395833333333334 0.09907407407407408
1 0.47265625 0.5750000000000001 0.021354166666666667 0.08703703703703704
1 0.29244791666666664 0.6236111111111111 0.021354166666666667 0.14166666666666666
