1 0.9901041666666667 0.5337962962962963 0.016666666666666666 0.09351851851851853
1 0.92421875 0.524537037037037 0.0234375 0.09907407407407408
1 0.8653645833333333 0.5263888888888889 0.018229166666666668 0.09537037037037037
1 0.7986979166666667 0.5231481481481481 0.011979166666666666 0.07592592592592592
1 0.7885416666666667 0.5740740740740741 0.030208333333333334 0.16296296296296298
1 0.7403645833333333 0.513425925925926 0.019270833333333334 0.05648148148148149
1 0.7013020833333333 0.5347222222222222 0.019270833333333334 0.10277777777777779
1 0.6078125 0.5296296296296297 0.019791666666666666 0.10555555555555556
1 0.5455729166666666 0.5236111111111111 0.021354166666666667 0.09722222222222222
1 0.49296875 0.5199074074074074 0.0171875 0.08981481481481482
1 0.43697916666666664 0.5597222222222222 0.030208333333333334 0.14907407407407408
