1 0.9533854166666667 0.6675925925925926 0.025520833333333333 0.15185185185185185
1 0.8502604166666666 0.6356481481481482 0.019270833333333334 0.09907407407407408
1 0.7533854166666667 0.612037037037037 0.01614583333333333 0.07222222222222223
1 0.7192708333333333 0.6171296296296297 0.01875 0.09722222222222222
1 0.6424479166666667 0.625462962962963 0.022395833333333334 0.09907407407407408
1 0.5731770833333333 0.6074074074074074 0.022395833333333334 0.07407407407407407
1 0.5421875 0.638425925925926 0.026041666666666668 0.11203703703703705
1 0.5221354166666666 0.6037037037037037 0.0171875 0.08148148148148149
1 0.5026041666666666 0.6111111111111112 0.017708333333333333 0.0925925925925926
1 0.45 0.6666666666666667 0.027083333333333334 0.16111111111111112
1 0.4158854166666667 0.6180555555555556 0.025520833333333333 0.09907407407407408
1 0.23776041666666667 0.6430555555555556 0.025520833333333333 0.13796296296296298
