1 0.9682291666666667 0.5268518518518519 0.029166666666666667 0.12592592592592594
1 0.9286458333333333 0.49768518518518523 0.020833333333333332 0.09537037037037037
1 0.80703125 0.4953703703703704 0.0203125 0.07592592592592592
1 0.7768229166666667 0.5055555555555555 0.0203125 0.09074074074074075
1 0.7544270833333333 0.49259259259259264 0.018229166666666668 0.08888888888888889
1 0.7221354166666667 0.5115740740740741 0.022395833333333334 0.09907407407407408
1 0.6765625 0.549074074074074 0.030208333333333334 0.15925925925925927
1 0.5125 0.512962962962963 0.03125 0.11851851851851852
1 0.45625 0.4986111111111111 0.016666666666666666 0.08611111111111111
1 0.42916666666666664 0.5050925925925926 0.01875 0.09537037037037037
1 0.39348958333333334 0.5393518518518519 0.03697916666666667 0.1398148148148148
