1 0.8270833333333333 0.36944444444444446 0.013541666666666667 0.06851851851851852
1 0.809375 0.38703703703703707 0.015625 0.09074074074074075
1 0.7768229166666667 0.4152777777777778 0.024479166666666666 0.14722222222222223
1 0.7611979166666667 0.38981481481481484 0.013020833333333334 0.11666666666666667
1 0.6880208333333333 0.37592592592592594 0.016666666666666666 0.07777777777777778
1 0.6697916666666667 0.3800925925925926 0.016666666666666666 0.07685185185185185
1 0.6208333333333333 0.37777777777777777 0.0125 0.07777777777777778
1 0.61171875 0.3995370370370371 0.019270833333333334 0.09722222222222222
1 0.5859375 0.3787037037037037 0.014583333333333334 0.07962962962962963
1 0.44166666666666665 0.4537037037037037 0.04583333333333333 0.19444444444444445
1 0.33958333333333335 0.4041666666666667 0.02395833333333333 0.10648148148148148
1 0.21484375 0.4569444444444445 0.04010416666666666 0.13055555555555556
