1 0.9729166666666667 0.5226851851851853 0.019791666666666666 0.08796296296296297
1 0.8971354166666666 0.5189814814814815 0.021354166666666667 0.08425925925925926
1 0.8575520833333333 0.5208333333333334 0.018229166666666668 0.0712962962962963
1 0.8463541666666666 0.5111111111111112 0.011458333333333333 0.05555555555555556
1 0.7846354166666667 0.5175925925925926 0.018229166666666668 0.07777777777777778
1 0.7567708333333333 0.512962962962963 0.015625 0.06851851851851852
1 0.7447916666666666 0.5703703703703704 0.030208333333333334 0.15925925925925927
1 0.7276041666666666 0.5277777777777778 0.015625 0.08888888888888889
1 0.5736979166666667 0.525 0.0234375 0.11111111111111112
1 0.5091145833333334 0.5217592592592593 0.0203125 0.08981481481481482
1 0.42083333333333334 0.5532407407407408 0.035416666666666666 0.14351851851851852
