1 0.94375 0.5240740740740741 0.013541666666666667 0.07777777777777778
1 0.9231770833333334 0.5462962962962963 0.021354166666666667 0.11111111111111112
1 0.76640625 0.5226851851851853 0.0234375 0.08796296296296297
1 0.696875 0.5342592592592593 0.026041666666666668 0.11481481481481481
1 0.67734375 0.5726851851851852 0.0359375 0.17500000000000002
1 0.6190104166666667 0.5222222222222223 0.018229166666666668 0.08148148148148149
1 0.5841145833333333 0.5208333333333334 0.0203125 0.09537037037037037
1 0.5484375 0.513425925925926 0.029166666666666667 0.09537037037037037
1 0.5221354166666666 0.5240740740740741 0.021354166666666667 0.12037037037037038
1 0.4705729166666667 0.5120370370370371 0.0171875 0.08888888888888889
1 0.31588541666666664 0.5560185185185186 0.0234375 0.13796296296296298
