1 0.99296875 0.5361111111111111 0.0109375 0.07592592592592592
1 0.9627604166666667 0.5481481481481482 0.024479166666666666 0.12222222222222223
1 0.8669270833333333 0.5236111111111111 0.0234375 0.09351851851851853
1 0.8377604166666667 0.5819444444444445 0.034895833333333334 0.1675925925925926
1 0.8109375 0.5402777777777777 0.014583333333333334 0.11388888888888889
1 0.76171875 0.5111111111111112 0.0234375 0.09444444444444444
1 0.696875 0.5199074074074074 0.014583333333333334 0.08981481481481482
1 0.6486979166666667 0.5120370370370371 0.019270833333333334 0.08888888888888889
1 0.5484375 0.5074074074074074 0.013541666666666667 0.07962962962962963
1 0.5338541666666666 0.5324074074074074 0.017708333333333333 0.12962962962962962
1 0.39947916666666666 0.5527777777777778 0.029166666666666667 0.15185185185185185
1 0.37447916666666664 0.5083333333333333 0.016666666666666666 0.0962962962962963
