0 0.6497395833333334 0.5851851851851853 0.021354166666666667 0.037037037037037035
1 0.20859375 0.55 0.025520833333333333 0.1462962962962963
1 0.284375 0.5296296296296297 0.015625 0.10555555555555556
1 0.57734375 0.5810185185185185 0.0515625 0.18055555555555555
1 0.55 0.5560185185185186 0.030208333333333334 0.0638888888888889
1 0.6731770833333334 0.5439814814814815 0.025520833333333333 0.09537037037037037
1 0.7330729166666666 0.5615740740740741 0.03802083333333333 0.14166666666666666
1 0.9291666666666667 0.5481481481481482 0.025 0.10370370370370371
1 0.97734375 0.5916666666666667 0.0203125 0.15925925925925927
1 0.9588541666666667 0.5597222222222222 0.016666666666666666 0.13055555555555556
