0 0.45260416666666664 0.37824074074074077 0.016666666666666666 0.04722222222222222
1 0.7947916666666667 0.3277777777777778 0.017708333333333333 0.08888888888888889
1 0.7770833333333333 0.33240740740740743 0.015625 0.11111111111111112
1 0.7197916666666666 0.33055555555555555 0.019791666666666666 0.10740740740740741
1 0.63359375 0.36435185185185187 0.03177083333333333 0.17500000000000002
1 0.5981770833333333 0.3365740740740741 0.021354166666666667 0.08796296296296297
1 0.5411458333333333 0.3615740740740741 0.026041666666666668 0.14166666666666666
1 0.51484375 0.3439814814814815 0.0203125 0.10648148148148148
1 0.48515625 0.33472222222222225 0.021354166666666667 0.09537037037037037
1 0.43046875 0.32685185185185184 0.0234375 0.11111111111111112
1 0.3184895833333333 0.35694444444444445 0.0234375 0.13611111111111113
1 0.09817708333333333 0.3944444444444445 0.033854166666666664 0.1962962962962963
