1 0.8940104166666667 0.6143518518518519 0.0234375 0.10648148148148148
1 0.76953125 0.6018518518518519 0.009895833333333333 0.07777777777777778
1 0.7520833333333333 0.5925925925925926 0.013541666666666667 0.06851851851851852
1 0.7291666666666666 0.5986111111111111 0.016666666666666666 0.0712962962962963
1 0.71875 0.6074074074074074 0.011458333333333333 0.07407407407407407
1 0.64921875 0.5995370370370371 0.013020833333333334 0.08611111111111111
1 0.61171875 0.6597222222222222 0.025520833333333333 0.15092592592592594
1 0.5721354166666667 0.6240740740740741 0.022395833333333334 0.11851851851851852
1 0.5513020833333333 0.600462962962963 0.0171875 0.08425925925925926
1 0.5177083333333333 0.600462962962963 0.01875 0.09537037037037037
1 0.48333333333333334 0.5935185185185186 0.013541666666666667 0.08148148148148149
1 0.29635416666666664 0.6393518518518518 0.027083333333333334 0.13796296296296298
