1 0.8507812499999999 0.6347222222222223 0.0203125 0.10092592592592593
1 0.7528645833333333 0.611574074074074 0.0171875 0.062037037037037036
1 0.72578125 0.6222222222222222 0.021354166666666667 0.08333333333333334
1 0.6760416666666667 0.6226851851851852 0.019791666666666666 0.09351851851851853
1 0.6083333333333333 0.6129629629629629 0.026041666666666668 0.07407407407407407
1 0.5533854166666666 0.6375000000000001 0.0234375 0.11388888888888889
1 0.51875 0.6180555555555556 0.01875 0.08796296296296297
1 0.49635416666666665 0.6685185185185185 0.028125 0.16481481481481483
1 0.44921875 0.6199074074074075 0.021354166666666667 0.09907407407407408
1 0.278125 0.6513888888888889 0.028125 0.14166666666666666
