1 0.928125 0.6694444444444445 0.027083333333333334 0.11296296296296297
1 0.7875 0.6453703703703704 0.02395833333333333 0.07962962962962963
1 0.68671875 0.6527777777777778 0.021354166666666667 0.08703703703703704
1 0.6661458333333333 0.6643518518518519 0.015625 0.10648148148148148
1 0.6278645833333333 0.6490740740740741 0.0203125 0.09074074074074075
1 0.5622395833333333 0.6694444444444445 0.0234375 0.11296296296296297
1 0.5354166666666667 0.6560185185185186 0.016666666666666666 0.08981481481481482
1 0.5020833333333333 0.6560185185185186 0.01875 0.10092592592592593
1 0.4822916666666667 0.6888888888888889 0.03125 0.15185185185185185
1 0.45625 0.6481481481481481 0.016666666666666666 0.07777777777777778
1 0.24322916666666666 0.6972222222222223 0.028125 0.1574074074074074
