1 0.9276041666666667 0.5356481481481482 0.014583333333333334 0.09351851851851853
1 0.9080729166666667 0.55 0.0203125 0.10740740740740741
1 0.8213541666666666 0.525 0.014583333333333334 0.07962962962962963
1 0.76171875 0.5277777777777778 0.0234375 0.0925925925925926
1 0.6619791666666667 0.575925925925926 0.030208333333333334 0.15925925925925927
1 0.615625 0.5231481481481481 0.025 0.07962962962962963
1 0.57421875 0.5268518518518519 0.018229166666666668 0.09074074074074075
1 0.546875 0.5226851851851853 0.016666666666666666 0.08796296296296297
1 0.5091145833333334 0.5263888888888889 0.022395833333333334 0.10277777777777779
1 0.4669270833333333 0.5171296296296296 0.022395833333333334 0.09166666666666667
1 0.3059895833333333 0.5578703703703703 0.0234375 0.14166666666666666
