1 0.96328125 0.6731481481481482 0.0328125 0.15555555555555556
1 0.8588541666666667 0.6365740740740741 0.015625 0.10462962962962963
1 0.71328125 0.6268518518518519 0.022395833333333334 0.08518518518518518
1 0.6401041666666667 0.6287037037037038 0.013541666666666667 0.08888888888888889
1 0.5752604166666666 0.6143518518518519 0.0203125 0.0638888888888889
1 0.5427083333333333 0.6435185185185185 0.027083333333333334 0.11481481481481481
1 0.51484375 0.6171296296296297 0.013020833333333334 0.07314814814814816
1 0.5020833333333333 0.6268518518518519 0.01875 0.0925925925925926
1 0.4421875 0.6731481481481482 0.027083333333333334 0.15185185185185185
1 0.41692708333333334 0.6347222222222223 0.0234375 0.09351851851851853
1 0.22890625 0.6537037037037037 0.034895833333333334 0.15185185185185185
