1 0.90234375 0.575925925925926 0.022395833333333334 0.11666666666666667
1 0.8692708333333333 0.5712962962962963 0.01875 0.09074074074074075
1 0.76953125 0.5625 0.019270833333333334 0.09351851851851853
1 0.6807291666666666 0.612037037037037 0.029166666666666667 0.1537037037037037
1 0.6424479166666667 0.5597222222222222 0.018229166666666668 0.09166666666666667
1 0.6174479166666667 0.5833333333333334 0.0234375 0.11851851851851852
1 0.58984375 0.5509259259259259 0.018229166666666668 0.08518518518518518
1 0.5747395833333333 0.5662037037037038 0.019270833333333334 0.09722222222222222
1 0.4953125 0.5625 0.01875 0.09722222222222222
1 0.30494791666666665 0.5921296296296297 0.0328125 0.14351851851851852
