1 0.7908854166666667 0.3458333333333333 0.009895833333333333 0.05648148148148149
1 0.7830729166666667 0.3666666666666667 0.011979166666666666 0.0925925925925926
1 0.7651041666666667 0.3925925925925926 0.02395833333333333 0.1685185185185185
1 0.71875 0.36388888888888893 0.017708333333333333 0.07592592592592592
1 0.6973958333333333 0.3800925925925926 0.029166666666666667 0.11574074074074074
1 0.6692708333333334 0.3611111111111111 0.015625 0.07777777777777778
1 0.6380208333333334 0.3685185185185185 0.017708333333333333 0.07407407407407407
1 0.5947916666666666 0.3726851851851852 0.016666666666666666 0.10462962962962963
1 0.32109375 0.4375 0.05572916666666666 0.21203703703703705
1 0.21041666666666667 0.4166666666666667 0.03125 0.16296296296296298
