1 0.9755208333333333 0.5666666666666667 0.028125 0.13148148148148148
1 0.8674479166666667 0.538425925925926 0.0203125 0.09537037037037037
1 0.8453125 0.5537037037037037 0.027083333333333334 0.12222222222222223
1 0.8036458333333333 0.5888888888888889 0.03125 0.1685185185185185
1 0.7705729166666666 0.5287037037037037 0.0234375 0.08703703703703704
1 0.70078125 0.5356481481481482 0.024479166666666666 0.10092592592592593
1 0.64375 0.5162037037037037 0.015625 0.08981481481481482
1 0.5635416666666666 0.5268518518518519 0.016666666666666666 0.07962962962962963
1 0.52734375 0.5458333333333334 0.0203125 0.13796296296296298
1 0.4125 0.5657407407407408 0.014583333333333334 0.15
1 0.3828125 0.5287037037037037 0.013541666666666667 0.10370370370370371
