1 0.8940104166666667 0.6226851851851852 0.025520833333333333 0.10462962962962963
1 0.7643229166666666 0.612037037037037 0.022395833333333334 0.09074074074074075
1 0.7145833333333333 0.6180555555555556 0.016666666666666666 0.08796296296296297
1 0.6989583333333333 0.6083333333333334 0.016666666666666666 0.07592592592592592
1 0.6364583333333333 0.6074074074074074 0.01875 0.07777777777777778
1 0.5859375 0.674074074074074 0.026041666666666668 0.16481481481481483
1 0.5497395833333333 0.6162037037037037 0.022395833333333334 0.09166666666666667
1 0.571875 0.6180555555555556 0.015625 0.08425925925925926
1 0.50546875 0.6180555555555556 0.019270833333333334 0.10277777777777779
1 0.49114583333333334 0.600925925925926 0.013541666666666667 0.07962962962962963
1 0.3059895833333333 0.65 0.0234375 0.14814814814814814
