1 0.890625 0.5828703703703704 0.014583333333333334 0.09907407407407408
1 0.8356770833333333 0.5694444444444444 0.0234375 0.08333333333333334
1 0.7895833333333333 0.5740740740740741 0.016666666666666666 0.08888888888888889
1 0.74375 0.6268518518518519 0.026041666666666668 0.15925925925925927
1 0.71796875 0.5828703703703704 0.0234375 0.10277777777777779
1 0.67265625 0.5712962962962963 0.0203125 0.07962962962962963
1 0.62890625 0.5615740740740741 0.0203125 0.08796296296296297
1 0.5927083333333333 0.5976851851851852 0.014583333333333334 0.11203703703703705
1 0.5791666666666666 0.5773148148148148 0.014583333333333334 0.09166666666666667
1 0.5075520833333333 0.5810185185185185 0.019270833333333334 0.10277777777777779
1 0.3111979166666667 0.6143518518518519 0.022395833333333334 0.13796296296296298
