1 0.7997395833333333 0.3578703703703704 0.019270833333333334 0.08425925925925926
1 0.7796875 0.35694444444444445 0.0125 0.07314814814814816
1 0.7645833333333333 0.3851851851851852 0.027083333333333334 0.16111111111111112
1 0.7041666666666666 0.36203703703703705 0.013541666666666667 0.07962962962962963
1 0.6755208333333333 0.38333333333333336 0.03229166666666666 0.11481481481481481
1 0.6598958333333333 0.3490740740740741 0.014583333333333334 0.07037037037037037
1 0.6283854166666667 0.3648148148148148 0.021354166666666667 0.07407407407407407
1 0.6033854166666667 0.3560185185185185 0.0109375 0.05648148148148149
1 0.58984375 0.3773148148148148 0.022395833333333334 0.11388888888888889
1 0.5015625 0.3597222222222222 0.013541666666666667 0.06759259259259259
1 0.31276041666666665 0.3888888888888889 0.025520833333333333 0.11481481481481481
1 0.27734375 0.44722222222222224 0.049479166666666664 0.20740740740740743
1 0.21015625 0.41620370370370374 0.0359375 0.17314814814814816
