1 0.9643229166666667 0.5083333333333333 0.021354166666666667 0.08888888888888889
1 0.8565104166666666 0.5018518518518519 0.0203125 0.07962962962962963
1 0.8278645833333333 0.5027777777777778 0.019270833333333334 0.07777777777777778
1 0.8020833333333334 0.4981481481481482 0.01875 0.08148148148148149
1 0.7674479166666667 0.5125000000000001 0.021354166666666667 0.10092592592592593
1 0.7333333333333333 0.5527777777777778 0.03333333333333333 0.15925925925925927
1 0.5606770833333333 0.5148148148148148 0.024479166666666666 0.11851851851851852
1 0.6385416666666667 0.4865740740740741 0.016666666666666666 0.062037037037037036
1 0.5018229166666667 0.500925925925926 0.009895833333333333 0.08148148148148149
1 0.4901041666666667 0.5064814814814815 0.015625 0.08888888888888889
1 0.421875 0.5375 0.035416666666666666 0.14351851851851852
