1 0.80078125 0.32962962962962966 0.021354166666666667 0.08148148148148149
1 0.7723958333333333 0.3351851851851852 0.019791666666666666 0.08148148148148149
1 0.7388020833333333 0.3666666666666667 0.022395833333333334 0.15185185185185185
1 0.7125 0.3314814814814815 0.020833333333333332 0.08888888888888889
1 0.6666666666666666 0.33611111111111114 0.01875 0.08333333333333334
1 0.6408854166666667 0.3421296296296296 0.011979166666666666 0.0712962962962963
1 0.61640625 0.3527777777777778 0.021354166666666667 0.12407407407407407
1 0.5958333333333333 0.33240740740740743 0.014583333333333334 0.09074074074074075
1 0.5776041666666667 0.33472222222222225 0.009375 0.06018518518518519
1 0.5473958333333333 0.35185185185185186 0.027083333333333334 0.11111111111111112
1 0.3098958333333333 0.35879629629629634 0.019791666666666666 0.125
1 0.19010416666666666 0.3875 0.027083333333333334 0.1787037037037037
1 0.12578125 0.4226851851851852 0.07760416666666667 0.2212962962962963
