1 0.9088541666666666 0.6620370370370371 0.029166666666666667 0.11666666666666667
1 0.7666666666666666 0.6370370370370371 0.017708333333333333 0.08333333333333334
1 0.6986979166666667 0.6523148148148148 0.022395833333333334 0.09722222222222222
1 0.653125 0.6550925925925927 0.014583333333333334 0.09537037037037037
1 0.5994791666666667 0.6435185185185185 0.026041666666666668 0.07592592592592592
1 0.5747395833333333 0.6365740740740741 0.0171875 0.06574074074074074
1 0.55859375 0.6657407407407407 0.0203125 0.1277777777777778
1 0.525 0.6412037037037037 0.017708333333333333 0.10648148148148148
1 0.50859375 0.6310185185185185 0.009895833333333333 0.058333333333333334
1 0.4901041666666667 0.6509259259259259 0.017708333333333333 0.08703703703703704
1 0.4596354166666667 0.6800925925925926 0.021354166666666667 0.1564814814814815
1 0.2328125 0.687962962962963 0.013541666666666667 0.15
