1 0.9013020833333333 0.5842592592592593 0.0203125 0.11296296296296297
1 0.8557291666666667 0.5685185185185185 0.01875 0.08518518518518518
1 0.7921875 0.5703703703703704 0.014583333333333334 0.08888888888888889
1 0.7447916666666666 0.6296296296296297 0.028125 0.16481481481481483
1 0.71484375 0.5791666666666667 0.021354166666666667 0.09907407407407408
1 0.6755208333333333 0.5712962962962963 0.016666666666666666 0.08703703703703704
1 0.6296875 0.5703703703703704 0.014583333333333334 0.07777777777777778
1 0.6020833333333333 0.5925925925925926 0.017708333333333333 0.11851851851851852
1 0.5848958333333333 0.5773148148148148 0.0125 0.09907407407407408
1 0.5104166666666666 0.576388888888889 0.019791666666666666 0.09722222222222222
1 0.31875 0.6064814814814815 0.029166666666666667 0.1537037037037037
