1 0.9078125 0.5657407407407408 0.03125 0.12962962962962962
1 0.8338541666666667 0.549074074074074 0.015625 0.12407407407407407
1 0.8075520833333333 0.5314814814814816 0.0234375 0.0925925925925926
1 0.7114583333333333 0.5819444444444445 0.04375 0.15092592592592594
1 0.7002604166666666 0.525 0.021354166666666667 0.07222222222222223
1 0.6369791666666667 0.525 0.019791666666666666 0.08703703703703704
1 0.5356770833333333 0.5444444444444445 0.0234375 0.12592592592592594
1 0.428125 0.5287037037037037 0.016666666666666666 0.08703703703703704
1 0.4109375 0.5675925925925926 0.029166666666666667 0.1462962962962963
1 0.3848958333333333 0.5236111111111111 0.017708333333333333 0.10462962962962963
