1 0.9520833333333333 0.5356481481481482 0.026041666666666668 0.13611111111111113
1 0.9151041666666666 0.5013888888888889 0.026041666666666668 0.09907407407407408
1 0.8002604166666667 0.49722222222222223 0.0203125 0.07962962962962963
1 0.7817708333333333 0.5143518518518518 0.028125 0.10092592592592593
1 0.73359375 0.5027777777777778 0.021354166666666667 0.08518518518518518
1 0.7096354166666666 0.5162037037037037 0.024479166666666666 0.10462962962962963
1 0.6536458333333334 0.5546296296296297 0.040625 0.15555555555555556
1 0.5020833333333333 0.5231481481481481 0.026041666666666668 0.11481481481481481
1 0.43984375 0.500462962962963 0.018229166666666668 0.07685185185185185
1 0.41354166666666664 0.5152777777777778 0.016666666666666666 0.09166666666666667
1 0.38046875 0.5449074074074074 0.03802083333333333 0.1398148148148148
