1 0.8083333333333333 0.35694444444444445 0.015625 0.07314814814814816
1 0.78203125 0.35555555555555557 0.009895833333333333 0.07962962962962963
1 0.7684895833333333 0.3925925925925926 0.021354166666666667 0.1685185185185185
1 0.7377604166666667 0.35879629629629634 0.018229166666666668 0.06944444444444445
1 0.6934895833333333 0.36203703703703705 0.019270833333333334 0.08333333333333334
1 0.6583333333333333 0.3842592592592593 0.029166666666666667 0.11666666666666667
1 0.6197916666666666 0.3574074074074074 0.014583333333333334 0.07962962962962963
1 0.6059895833333333 0.3527777777777778 0.009895833333333333 0.07037037037037037
1 0.58046875 0.3726851851851852 0.019270833333333334 0.10092592592592593
1 0.31536458333333334 0.3861111111111111 0.0203125 0.12407407407407407
1 0.20807291666666666 0.41203703703703703 0.018229166666666668 0.16481481481481483
1 0.23723958333333334 0.44722222222222224 0.05572916666666666 0.2111111111111111
