1 0.9057291666666667 0.3509259259259259 0.019791666666666666 0.07777777777777778
1 0.8375 0.3625 0.017708333333333333 0.09351851851851853
1 0.80703125 0.3666666666666667 0.0203125 0.11296296296296297
1 0.7770833333333333 0.3907407407407408 0.03125 0.1574074074074074
1 0.7411458333333333 0.35370370370370374 0.011458333333333333 0.07962962962962963
1 0.7265625 0.36574074074074076 0.015625 0.08703703703703704
1 0.6526041666666667 0.36342592592592593 0.019791666666666666 0.09537037037037037
1 0.615625 0.36944444444444446 0.019791666666666666 0.10370370370370371
1 0.5479166666666666 0.425 0.03229166666666666 0.19074074074074074
1 0.36484375 0.38101851851851853 0.022395833333333334 0.11018518518518519
1 0.21744791666666666 0.4342592592592593 0.03697916666666667 0.1277777777777778
