1 0.8669270833333333 0.6615740740740741 0.021354166666666667 0.09722222222222222
1 0.9895833333333334 0.6810185185185186 0.017708333333333333 0.15462962962962964
1 0.7533854166666667 0.638425925925926 0.0203125 0.07685185185185185
1 0.70078125 0.6430555555555556 0.018229166666666668 0.09166666666666667
1 0.6369791666666667 0.6458333333333334 0.015625 0.10092592592592593
1 0.5572916666666666 0.6342592592592593 0.017708333333333333 0.07407407407407407
1 0.540625 0.6652777777777779 0.019791666666666666 0.10462962962962963
1 0.5283854166666666 0.6324074074074074 0.0109375 0.07037037037037037
1 0.5002604166666667 0.6402777777777778 0.0203125 0.09351851851851853
1 0.4700520833333333 0.6402777777777778 0.01614583333333333 0.07685185185185185
1 0.44479166666666664 0.6162037037037037 0.01875 0.05277777777777778
1 0.4359375 0.6870370370370371 0.034375 0.15925925925925927
1 0.21770833333333334 0.6782407407407408 0.030208333333333334 0.14537037037037037
