1 0.9671875 0.5296296296296297 0.017708333333333333 0.07777777777777778
1 0.9341145833333333 0.5509259259259259 0.021354166666666667 0.12037037037037038
1 0.7604166666666666 0.5263888888888889 0.014583333333333334 0.10277777777777779
1 0.7302083333333333 0.5393518518518519 0.014583333333333334 0.1212962962962963
1 0.6973958333333333 0.5782407407407407 0.035416666666666666 0.17500000000000002
1 0.67109375 0.524537037037037 0.011979166666666666 0.09907407407407408
1 0.5911458333333334 0.5083333333333333 0.015625 0.0962962962962963
1 0.5479166666666666 0.5277777777777778 0.020833333333333332 0.11296296296296297
1 0.52890625 0.5083333333333333 0.009895833333333333 0.08888888888888889
1 0.45989583333333334 0.5037037037037038 0.017708333333333333 0.08333333333333334
1 0.32395833333333335 0.5402777777777777 0.026041666666666668 0.13425925925925927
1 0.07473958333333333 0.5115740740740741 0.0265625 0.09907407407407408
