1 0.8380208333333333 0.3541666666666667 0.01875 0.09907407407407408
1 0.80546875 0.3578703703703704 0.021354166666666667 0.11388888888888889
1 0.7768229166666667 0.38333333333333336 0.033854166666666664 0.16481481481481483
1 0.7143229166666667 0.3490740740740741 0.024479166666666666 0.0962962962962963
1 0.7466145833333333 0.3453703703703704 0.018229166666666668 0.08888888888888889
1 0.6513020833333333 0.3574074074074074 0.022395833333333334 0.07962962962962963
1 0.6151041666666667 0.36435185185185187 0.01875 0.10833333333333334
1 0.5658854166666667 0.4050925925925926 0.04114583333333333 0.1787037037037037
1 0.3731770833333333 0.3685185185185185 0.019270833333333334 0.10555555555555556
1 0.21744791666666666 0.4277777777777778 0.0390625 0.12962962962962962
