1 0.9315104166666667 0.5462962962962963 0.022395833333333334 0.11481481481481481
1 0.9934895833333334 0.587962962962963 0.011979166666666666 0.16666666666666669
1 0.9778645833333334 0.5569444444444445 0.019270833333333334 0.13240740740740742
1 0.72421875 0.5643518518518519 0.0265625 0.1398148148148148
1 0.6708333333333333 0.5435185185185185 0.030208333333333334 0.11296296296296297
1 0.5372395833333333 0.5824074074074075 0.04739583333333333 0.15925925925925927
1 0.5059895833333333 0.5467592592592593 0.022395833333333334 0.10092592592592593
1 0.28515625 0.5337962962962963 0.022395833333333334 0.10092592592592593
1 0.19348958333333333 0.5541666666666667 0.028645833333333332 0.14537037037037037
0 0.6205729166666667 0.5925925925925926 0.021354166666666667 0.03333333333333333
