1 0.9783854166666667 0.5296296296296297 0.0203125 0.08518518518518518
1 0.9145833333333333 0.5240740740740741 0.019791666666666666 0.07777777777777778
1 0.8518229166666667 0.5217592592592593 0.022395833333333334 0.09351851851851853
1 0.79765625 0.5675925925925926 0.0234375 0.15
1 0.7796875 0.5296296296296297 0.020833333333333332 0.10185185185185186
1 0.6846354166666666 0.525462962962963 0.019270833333333334 0.10092592592592593
1 0.6072916666666667 0.524537037037037 0.016666666666666666 0.09907407407407408
1 0.54453125 0.5162037037037037 0.0171875 0.09722222222222222
1 0.4947916666666667 0.5157407407407407 0.013541666666666667 0.08518518518518518
1 0.42578125 0.5569444444444445 0.027604166666666666 0.14351851851851852
