1 0.9372395833333333 0.5393518518518519 0.03802083333333333 0.13240740740740742
1 0.9067708333333333 0.500925925925926 0.017708333333333333 0.08148148148148149
1 0.8166666666666667 0.49768518518518523 0.026041666666666668 0.0712962962962963
1 0.7971354166666667 0.5162037037037037 0.018229166666666668 0.09722222222222222
1 0.7427083333333333 0.49444444444444446 0.014583333333333334 0.07407407407407407
1 0.7213541666666666 0.5226851851851853 0.01875 0.10277777777777779
1 0.6934895833333333 0.5092592592592593 0.019270833333333334 0.09814814814814815
1 0.63203125 0.562962962962963 0.03697916666666667 0.15925925925925927
1 0.6033854166666667 0.4930555555555556 0.018229166666666668 0.062037037037037036
1 0.5825520833333333 0.4986111111111111 0.0171875 0.06574074074074074
1 0.49192708333333335 0.5231481481481481 0.021354166666666667 0.11481481481481481
1 0.41875 0.5023148148148149 0.013541666666666667 0.06944444444444445
1 0.40390624999999997 0.5171296296296296 0.022395833333333334 0.10648148148148148
1 0.37265625 0.5509259259259259 0.03177083333333333 0.14814814814814814
