1 0.9666666666666667 0.5333333333333333 0.020833333333333332 0.08148148148148149
1 0.9341145833333333 0.5615740740740741 0.025520833333333333 0.12685185185185185
1 0.75 0.5328703703703704 0.019791666666666666 0.10277777777777779
1 0.7265625 0.5481481481481482 0.025 0.12222222222222223
1 0.6963541666666666 0.5847222222222223 0.03125 0.17314814814814816
1 0.6677083333333333 0.5356481481481482 0.016666666666666666 0.09351851851851853
1 0.5859375 0.5273148148148148 0.01875 0.09722222222222222
1 0.5440104166666666 0.5319444444444444 0.0203125 0.10092592592592593
1 0.5171875 0.5208333333333334 0.017708333333333333 0.09537037037037037
1 0.44921875 0.5171296296296296 0.019270833333333334 0.09166666666666667
1 0.3138020833333333 0.549074074074074 0.027604166666666666 0.1277777777777778
1 0.06588541666666667 0.513425925925926 0.022395833333333334 0.10648148148148148
