1 0.7364583333333333 0.49074074074074076 0.042708333333333334 0.16296296296296298
1 0.6950520833333333 0.4439814814814815 0.0109375 0.062037037037037036
1 0.68515625 0.4671296296296297 0.0203125 0.10092592592592593
1 0.6692708333333334 0.45 0.015625 0.07407407407407407
1 0.6299479166666666 0.45787037037037037 0.022395833333333334 0.08981481481481482
1 0.5736979166666667 0.4652777777777778 0.021354166666666667 0.10462962962962963
1 0.5505208333333333 0.4652777777777778 0.015625 0.09351851851851853
1 0.5359375 0.45462962962962966 0.015625 0.08333333333333334
1 0.5065104166666666 0.47824074074074074 0.027604166666666666 0.09537037037037037
1 0.4869791666666667 0.4537037037037037 0.013541666666666667 0.07407407407407407
1 0.4046875 0.45740740740740743 0.0125 0.08148148148148149
1 0.434375 0.4527777777777778 0.015625 0.07222222222222223
1 0.26276041666666666 0.48703703703703705 0.008854166666666666 0.10925925925925926
1 0.25104166666666666 0.513425925925926 0.026041666666666668 0.14537037037037037
