1 0.8234374999999999 0.5537037037037037 0.028125 0.12962962962962962
1 0.7822916666666666 0.5314814814814816 0.03125 0.08518518518518518
1 0.7270833333333333 0.5152777777777778 0.026041666666666668 0.06759259259259259
1 0.6953125 0.5305555555555556 0.013541666666666667 0.09444444444444444
1 0.6677083333333333 0.5782407407407407 0.028125 0.1638888888888889
1 0.6317708333333333 0.5074074074074074 0.016666666666666666 0.06851851851851852
1 0.5333333333333333 0.5412037037037037 0.02395833333333333 0.125
1 0.4453125 0.5319444444444444 0.017708333333333333 0.09722222222222222
1 0.4184895833333333 0.5597222222222222 0.022395833333333334 0.14537037037037037
1 0.3963541666666667 0.5208333333333334 0.015625 0.09907407407407408
