1 0.9466145833333334 0.4935185185185185 0.011979166666666666 0.07222222222222223
1 0.99453125 0.5351851851851852 0.009895833333333333 0.11666666666666667
1 0.8408854166666666 0.4935185185185185 0.0203125 0.07592592592592592
1 0.7997395833333333 0.4935185185185185 0.021354166666666667 0.08703703703703704
1 0.7661458333333333 0.5046296296296297 0.014583333333333334 0.08888888888888889
1 0.7432291666666666 0.5078703703703704 0.017708333333333333 0.10092592592592593
1 0.70859375 0.5481481481481482 0.033854166666666664 0.16111111111111112
1 0.5393229166666667 0.5101851851851852 0.0203125 0.10925925925925926
1 0.48333333333333334 0.49259259259259264 0.015625 0.07777777777777778
1 0.4635416666666667 0.500462962962963 0.015625 0.08981481481481482
1 0.40625 0.5412037037037037 0.03854166666666667 0.13611111111111113
