1 0.9447916666666667 0.5402777777777777 0.03125 0.13425925925925927
1 0.90859375 0.5101851851851852 0.019270833333333334 0.08148148148148149
1 0.7989583333333333 0.500462962962963 0.014583333333333334 0.06944444444444445
1 0.7796875 0.5171296296296296 0.020833333333333332 0.09537037037037037
1 0.715625 0.5074074074074074 0.014583333333333334 0.07222222222222223
1 0.70234375 0.5263888888888889 0.019270833333333334 0.10277777777777779
1 0.6408854166666667 0.5648148148148149 0.027604166666666666 0.15555555555555556
1 0.6229166666666667 0.5101851851851852 0.016666666666666666 0.08518518518518518
1 0.5869791666666666 0.4898148148148148 0.014583333333333334 0.07222222222222223
1 0.49583333333333335 0.5268518518518519 0.017708333333333333 0.10740740740740741
1 0.42291666666666666 0.5092592592592593 0.017708333333333333 0.08703703703703704
1 0.3989583333333333 0.5189814814814815 0.020833333333333332 0.09907407407407408
1 0.37265625 0.5532407407407408 0.0359375 0.14351851851851852
