1 0.9940104166666667 0.5412037037037037 0.0109375 0.08611111111111111
1 0.9778645833333334 0.5587962962962963 0.0328125 0.1287037037037037
1 0.8713541666666667 0.538425925925926 0.014583333333333334 0.11388888888888889
1 0.8239583333333333 0.5865740740740741 0.04479166666666667 0.18425925925925926
1 0.76953125 0.5236111111111111 0.021354166666666667 0.09722222222222222
1 0.70078125 0.524537037037037 0.0109375 0.09166666666666667
1 0.6466145833333333 0.5157407407407407 0.021354166666666667 0.07407407407407407
1 0.5526041666666667 0.5231481481481481 0.014583333333333334 0.08333333333333334
1 0.5328125 0.5435185185185185 0.017708333333333333 0.12407407407407407
1 0.40963541666666664 0.5569444444444445 0.022395833333333334 0.15092592592592594
1 0.3815104166666667 0.5208333333333334 0.018229166666666668 0.10277777777777779
0 0.890625 0.5694444444444444 0.01875 0.040740740740740744
