1 0.9768229166666667 0.5259259259259259 0.0234375 0.12037037037037038
1 0.9359375 0.49444444444444446 0.015625 0.08148148148148149
1 0.8260416666666667 0.49074074074074076 0.015625 0.07407407407407407
1 0.7986979166666667 0.4935185185185185 0.021354166666666667 0.08333333333333334
1 0.7770833333333333 0.4916666666666667 0.015625 0.07592592592592592
1 0.7674479166666667 0.5032407407407408 0.019270833333333334 0.09537037037037037
1 0.73203125 0.5069444444444444 0.0265625 0.10277777777777779
1 0.690625 0.55 0.027083333333333334 0.1574074074074074
1 0.6138020833333333 0.48564814814814816 0.021354166666666667 0.0638888888888889
1 0.5208333333333334 0.5101851851851852 0.030208333333333334 0.10555555555555556
1 0.4661458333333333 0.49722222222222223 0.016666666666666666 0.07962962962962963
1 0.44375 0.5041666666666667 0.026041666666666668 0.09722222222222222
1 0.39947916666666666 0.5347222222222222 0.03125 0.14537037037037037
