1 0.9661458333333334 0.6666666666666667 0.03333333333333333 0.16111111111111112
1 0.8455729166666667 0.6328703703703704 0.0234375 0.09722222222222222
1 0.7533854166666667 0.6074074074074074 0.022395833333333334 0.06666666666666667
1 0.7190104166666667 0.6101851851851852 0.0234375 0.08703703703703704
1 0.6502604166666667 0.6134259259259259 0.022395833333333334 0.09351851851851853
1 0.5645833333333333 0.600462962962963 0.016666666666666666 0.05648148148148149
1 0.5434895833333333 0.6268518518518519 0.021354166666666667 0.11296296296296297
1 0.5046875 0.6064814814814815 0.011458333333333333 0.08333333333333334
1 0.45546875 0.6648148148148149 0.03802083333333333 0.1685185185185185
1 0.4161458333333333 0.6083333333333334 0.015625 0.09444444444444444
1 0.2484375 0.6439814814814815 0.029166666666666667 0.14722222222222223
