1 0.86328125 0.34351851851851856 0.0203125 0.08148148148148149
1 0.8299479166666667 0.3458333333333333 0.021354166666666667 0.09907407407407408
1 0.79375 0.3490740740740741 0.015625 0.10185185185185186
1 0.7723958333333333 0.37222222222222223 0.019791666666666666 0.15925925925925927
1 0.6940104166666666 0.3439814814814815 0.0203125 0.09166666666666667
1 0.63359375 0.3527777777777778 0.018229166666666668 0.08888888888888889
1 0.6098958333333333 0.3578703703703704 0.015625 0.11388888888888889
1 0.59609375 0.3425925925925926 0.0171875 0.08333333333333334
1 0.5799479166666667 0.39305555555555555 0.03802083333333333 0.17685185185185187
1 0.525 0.3490740740740741 0.017708333333333333 0.08888888888888889
1 0.37395833333333334 0.35694444444444445 0.015625 0.10092592592592593
1 0.21197916666666666 0.412962962962963 0.034375 0.12037037037037038
