1 0.81484375 0.37222222222222223 0.008854166666666666 0.06666666666666667
1 0.8036458333333333 0.3851851851851852 0.011458333333333333 0.08333333333333334
1 0.7763020833333333 0.4101851851851852 0.0234375 0.1574074074074074
1 0.7489583333333333 0.3925925925925926 0.019791666666666666 0.11481481481481481
1 0.6747395833333333 0.3768518518518519 0.022395833333333334 0.07592592592592592
1 0.6208333333333333 0.3791666666666667 0.0125 0.0712962962962963
1 0.6151041666666667 0.3976851851851852 0.02395833333333333 0.10462962962962963
1 0.5908854166666666 0.37453703703703706 0.0203125 0.06574074074074074
1 0.5109375 0.37222222222222223 0.0125 0.06666666666666667
1 0.40625 0.4537037037037037 0.051041666666666666 0.19444444444444445
1 0.33359375 0.4027777777777778 0.022395833333333334 0.11481481481481481
1 0.21640625 0.45462962962962966 0.0390625 0.12592592592592594
