1 0.97890625 0.6712962962962963 0.0234375 0.15925925925925927
1 0.8440104166666667 0.6356481481481482 0.018229166666666668 0.09537037037037037
1 0.7484375 0.6134259259259259 0.016666666666666666 0.06574074074074074
1 0.7192708333333333 0.6203703703703703 0.01875 0.07962962962962963
1 0.6598958333333333 0.6171296296296297 0.01875 0.10092592592592593
1 0.5658854166666667 0.6092592592592593 0.009895833333333333 0.07037037037037037
1 0.5479166666666666 0.6342592592592593 0.026041666666666668 0.11296296296296297
1 0.5109375 0.6180555555555556 0.01875 0.08796296296296297
1 0.4700520833333333 0.6694444444444445 0.028645833333333332 0.15555555555555556
1 0.43255208333333334 0.6171296296296297 0.021354166666666667 0.09722222222222222
1 0.2635416666666667 0.6458333333333334 0.026041666666666668 0.1398148148148148
