1 0.8833333333333333 0.6587962962962963 0.025 0.10648148148148148
1 0.7567708333333333 0.6393518518518518 0.015625 0.0787037037037037
1 0.70234375 0.6462962962962964 0.0234375 0.08518518518518518
1 0.6440104166666667 0.6513888888888889 0.021354166666666667 0.10277777777777779
1 0.5653645833333333 0.6365740740740741 0.0203125 0.06944444444444445
1 0.5458333333333333 0.6625 0.028125 0.10648148148148148
1 0.51484375 0.6444444444444445 0.018229166666666668 0.08518518518518518
1 0.5015625 0.6287037037037038 0.017708333333333333 0.08148148148148149
1 0.4705729166666667 0.6472222222222223 0.019270833333333334 0.08333333333333334
1 0.44427083333333334 0.6847222222222222 0.025 0.1398148148148148
1 0.22239583333333332 0.6828703703703703 0.029166666666666667 0.15092592592592594
