1 0.9419270833333333 0.47314814814814815 0.021354166666666667 0.11296296296296297
1 0.91171875 0.47870370370370374 0.021354166666666667 0.12037037037037038
1 0.8484375 0.4939814814814815 0.029166666666666667 0.14537037037037037
1 0.7434895833333334 0.47314814814814815 0.022395833333333334 0.11296296296296297
1 0.71796875 0.49953703703703706 0.025520833333333333 0.13796296296296298
1 0.6872395833333333 0.47314814814814815 0.018229166666666668 0.08888888888888889
1 0.67109375 0.46620370370370373 0.019270833333333334 0.10277777777777779
1 0.3411458333333333 0.4625 0.013541666666666667 0.08796296296296297
1 0.29713541666666665 0.4916666666666667 0.0234375 0.1462962962962963
0 0.353125 0.49768518518518523 0.016666666666666666 0.032407407407407406
