1 0.7309895833333333 0.6287037037037038 0.018229166666666668 0.15925925925925927
1 0.70078125 0.5694444444444444 0.018229166666666668 0.08703703703703704
1 0.621875 0.5949074074074074 0.026041666666666668 0.14907407407407408
1 0.47630208333333335 0.5731481481481482 0.03697916666666667 0.12962962962962962
1 0.25677083333333334 0.6175925925925926 0.028125 0.2
1 0.29244791666666664 0.5435185185185185 0.021354166666666667 0.11296296296296297
1 0.26510416666666664 0.5231481481481481 0.017708333333333333 0.07962962962962963
1 0.10729166666666666 0.5361111111111111 0.027083333333333334 0.11851851851851852
1 0.012239583333333333 0.5393518518518519 0.0203125 0.13240740740740742
1 0.92734375 0.5773148148148148 0.021354166666666667 0.10648148148148148
1 0.95546875 0.5925925925925926 0.019270833333333334 0.11851851851851852
