1 0.29921875 0.5074074074074074 0.019270833333333334 0.13333333333333333
1 0.42083333333333334 0.47314814814814815 0.015625 0.08888888888888889
1 0.4700520833333333 0.4939814814814815 0.024479166666666666 0.13425925925925927
1 0.60625 0.48194444444444445 0.016666666666666666 0.13055555555555556
1 0.7067708333333333 0.4763888888888889 0.014583333333333334 0.10648148148148148
1 0.7513020833333334 0.487962962962963 0.024479166666666666 0.12222222222222223
1 0.8351562499999999 0.46944444444444444 0.022395833333333334 0.10185185185185186
1 0.8950520833333333 0.4898148148148148 0.011979166666666666 0.13333333333333333
1 0.9078125 0.4967592592592593 0.011458333333333333 0.1675925925925926
1 0.9315104166666667 0.5518518518518519 0.03802083333333333 0.24629629629629632
