1 0.9466145833333334 0.4828703703703704 0.0234375 0.11203703703703705
1 0.92421875 0.49212962962962964 0.025520833333333333 0.14166666666666666
1 0.8291666666666666 0.4935185185185185 0.030208333333333334 0.1537037037037037
1 0.7583333333333333 0.48703703703703705 0.01875 0.12407407407407407
1 0.73984375 0.5092592592592593 0.033854166666666664 0.15
1 0.6963541666666666 0.4828703703703704 0.027083333333333334 0.10462962962962963
1 0.66328125 0.475462962962963 0.021354166666666667 0.09351851851851853
1 0.34088541666666666 0.4703703703703704 0.0234375 0.09444444444444444
1 0.3 0.4986111111111111 0.017708333333333333 0.14351851851851852
0 0.37916666666666665 0.5032407407407408 0.015625 0.028703703703703703
