1 0.9166666666666666 0.48379629629629634 0.015625 0.09907407407407408
1 0.9005208333333333 0.4916666666666667 0.016666666666666666 0.11851851851851852
1 0.875 0.5050925925925926 0.028125 0.14537037037037037
1 0.8604166666666666 0.5597222222222222 0.04375 0.23055555555555557
1 0.7494791666666667 0.49074074074074076 0.020833333333333332 0.11666666666666667
1 0.7158854166666666 0.4791666666666667 0.025520833333333333 0.09351851851851853
1 0.61953125 0.487962962962963 0.021354166666666667 0.11481481481481481
1 0.4895833333333333 0.500462962962963 0.026041666666666668 0.125
1 0.46328125 0.4763888888888889 0.0203125 0.09537037037037037
1 0.29244791666666664 0.5120370370370371 0.0234375 0.14814814814814814
