1 0.29921875 0.5074074074074074 0.025520833333333333 0.1462962962962963
1 0.37994791666666666 0.46851851851851856 0.021354166666666667 0.09074074074074075
1 0.46171875 0.49768518518518523 0.027604166666666666 0.13796296296296298
1 0.59921875 0.487962962962963 0.0234375 0.11111111111111112
1 0.71796875 0.4703703703703704 0.019270833333333334 0.09074074074074075
1 0.7533854166666667 0.4861111111111111 0.024479166666666666 0.11111111111111112
1 0.82890625 0.47453703703703703 0.0171875 0.09537037037037037
1 0.8984375 0.49444444444444446 0.028125 0.15555555555555556
1 0.9236979166666667 0.47314814814814815 0.022395833333333334 0.11296296296296297
1 0.9510416666666667 0.5074074074074074 0.034375 0.16111111111111112
1 0.9895833333333334 0.5412037037037037 0.019791666666666666 0.2175925925925926
0 0.4 0.5074074074074074 0.01875 0.037037037037037035
