1 0.18958333333333333 0.5467592592592593 0.028125 0.14351851851851852
1 0.2856770833333333 0.5324074074074074 0.0234375 0.10740740740740741
1 0.5059895833333333 0.5453703703703704 0.024479166666666666 0.08888888888888889
1 0.5348958333333333 0.575462962962963 0.046875 0.18425925925925926
1 0.67109375 0.5365740740740741 0.0328125 0.11018518518518519
1 0.7203125 0.5648148148148149 0.034375 0.15185185185185185
1 0.9317708333333333 0.55 0.030208333333333334 0.11481481481481481
1 0.9739583333333334 0.5546296296296297 0.015625 0.11666666666666667
1 0.9924479166666667 0.5856481481481481 0.009895833333333333 0.1824074074074074
0 0.6169270833333333 0.5925925925925926 0.022395833333333334 0.03333333333333333
