0 0.39453125 0.5083333333333333 0.0171875 0.031481481481481485
1 0.30104166666666665 0.5074074074074074 0.019791666666666666 0.12962962962962962
1 0.35078125 0.48240740740740745 0.019270833333333334 0.08333333333333334
1 0.46458333333333335 0.5018518518518519 0.027083333333333334 0.12222222222222223
1 0.6083333333333333 0.4953703703703704 0.034375 0.11851851851851852
1 0.7075520833333333 0.4763888888888889 0.022395833333333334 0.09166666666666667
1 0.7515625 0.49074074074074076 0.028125 0.10555555555555556
1 0.8361979166666667 0.475462962962963 0.024479166666666666 0.09351851851851853
1 0.9158854166666667 0.5013888888888889 0.0203125 0.14166666666666666
1 0.93203125 0.4865740740740741 0.019270833333333334 0.10462962962962963
1 0.9651041666666667 0.5162037037037037 0.03333333333333333 0.1712962962962963
