1 0.9278645833333333 0.5541666666666667 0.03802083333333333 0.22685185185185186
1 0.8994791666666666 0.49259259259259264 0.016666666666666666 0.13148148148148148
1 0.8322916666666667 0.46620370370370373 0.02395833333333333 0.10277777777777779
1 0.7544270833333333 0.487962962962963 0.0203125 0.11481481481481481
1 0.7096354166666666 0.47731481481481486 0.022395833333333334 0.08611111111111111
1 0.60546875 0.48703703703703705 0.0203125 0.12407407407407407
1 0.465625 0.5037037037037038 0.025 0.12222222222222223
1 0.42135416666666664 0.46944444444444444 0.016666666666666666 0.0925925925925926
1 0.30104166666666665 0.5078703703703704 0.03125 0.1398148148148148
0 0.4510416666666667 0.513888888888889 0.019791666666666666 0.031481481481481485
