1 0.0109375 0.5277777777777778 0.013541666666666667 0.16666666666666669
1 0.35546875 0.5217592592592593 0.0234375 0.13611111111111113
1 0.38776041666666666 0.5675925925925926 0.043229166666666666 0.21481481481481482
1 0.5153645833333333 0.4930555555555556 0.0234375 0.10462962962962963
1 0.64296875 0.5333333333333333 0.0234375 0.11296296296296297
1 0.7223958333333333 0.5277777777777778 0.028125 0.10925925925925926
1 0.803125 0.5518518518518519 0.028125 0.1462962962962963
1 0.9130208333333333 0.5560185185185186 0.026041666666666668 0.13796296296296298
1 0.9372395833333333 0.538425925925926 0.022395833333333334 0.12685185185185185
0 0.17265625 0.6175925925925926 0.0234375 0.040740740740740744
