1 0.6083333333333333 0.5925925925925926 0.028125 0.1574074074074074
1 0.6359375 0.5671296296296297 0.029166666666666667 0.09907407407407408
1 0.6979166666666666 0.6222222222222222 0.026041666666666668 0.16111111111111112
1 0.47265625 0.5740740740740741 0.03697916666666667 0.12407407407407407
1 0.27239583333333334 0.5453703703703704 0.020833333333333332 0.11296296296296297
1 0.29973958333333334 0.5199074074074074 0.022395833333333334 0.06574074074074074
1 0.28984375 0.625925925925926 0.0421875 0.1925925925925926
1 0.11171874999999999 0.5305555555555556 0.024479166666666666 0.11111111111111112
1 0.01328125 0.5458333333333334 0.024479166666666666 0.14537037037037037
1 0.8989583333333333 0.5712962962962963 0.027083333333333334 0.09074074074074075
1 0.946875 0.5898148148148148 0.029166666666666667 0.11296296296296297
0 0.90703125 0.6314814814814815 0.022395833333333334 0.037037037037037035
