1 0.26848958333333334 0.5393518518518519 0.024479166666666666 0.13611111111111113
1 0.29375 0.5143518518518518 0.01875 0.10833333333333334
1 0.653125 0.5287037037037037 0.014583333333333334 0.07592592592592592
1 0.6677083333333333 0.5277777777777778 0.014583333333333334 0.10925925925925926
0 0.6828125 0.562962962962963 0.019791666666666666 0.04259259259259259
1 0.70859375 0.5578703703703703 0.03802083333333333 0.18425925925925926
1 0.8156249999999999 0.5416666666666667 0.03229166666666666 0.15925925925925927
1 0.9091145833333333 0.5638888888888889 0.033854166666666664 0.1574074074074074
1 0.9317708333333333 0.525 0.014583333333333334 0.12592592592592594
1 0.9528645833333333 0.5212962962962964 0.024479166666666666 0.1574074074074074
