0 0.32265625 0.47824074074074074 0.0078125 0.025
1 0.28359375 0.46944444444444444 0.0234375 0.1388888888888889
1 0.3177083333333333 0.4217592592592593 0.025 0.08796296296296297
1 0.6223958333333334 0.475462962962963 0.025 0.1398148148148148
1 0.6622395833333333 0.45092592592592595 0.019270833333333334 0.09074074074074075
1 0.7192708333333333 0.4638888888888889 0.014583333333333334 0.12407407407407407
1 0.7296875 0.4439814814814815 0.013541666666666667 0.06944444444444445
1 0.7752604166666667 0.47222222222222227 0.027604166666666666 0.12592592592592594
1 0.8921875 0.4537037037037037 0.027083333333333334 0.12407407407407407
1 0.9184895833333333 0.45 0.021354166666666667 0.10925925925925926
