1 0.30364583333333334 0.5069444444444444 0.016666666666666666 0.13796296296296298
1 0.3294270833333333 0.4791666666666667 0.021354166666666667 0.08981481481481482
1 0.47630208333333335 0.5092592592592593 0.0328125 0.13703703703703704
1 0.6356770833333333 0.4962962962962963 0.0359375 0.11666666666666667
1 0.69296875 0.48379629629629634 0.0265625 0.09907407407407408
1 0.75546875 0.48703703703703705 0.022395833333333334 0.11666666666666667
1 0.840625 0.475462962962963 0.017708333333333333 0.09722222222222222
1 0.9364583333333333 0.4949074074074074 0.020833333333333332 0.14351851851851852
1 0.98125 0.5162037037037037 0.028125 0.1712962962962963
0 0.384375 0.5064814814814815 0.026041666666666668 0.031481481481481485
