1 0.53828125 0.5143518518518518 0.0265625 0.14351851851851852
1 0.6497395833333334 0.48703703703703705 0.0234375 0.12407407407407407
1 0.7783854166666666 0.4800925925925926 0.0234375 0.09537037037037037
1 0.7388020833333333 0.4842592592592593 0.0203125 0.12222222222222223
1 0.8299479166666667 0.4759259259259259 0.021354166666666667 0.12592592592592594
1 0.8619791666666666 0.4986111111111111 0.019791666666666666 0.14722222222222223
1 0.88046875 0.4615740740740741 0.0171875 0.10092592592592593
1 0.90625 0.48333333333333334 0.020833333333333332 0.11666666666666667
1 0.28932291666666665 0.5083333333333333 0.021354166666666667 0.14444444444444446
0 0.5872395833333334 0.5277777777777778 0.0234375 0.03518518518518519
