0 0.3776041666666667 0.5046296296296297 0.014583333333333334 0.031481481481481485
1 0.2981770833333333 0.49768518518518523 0.0234375 0.14166666666666666
1 0.3424479166666667 0.46620370370370373 0.018229166666666668 0.09907407407407408
1 0.6643229166666667 0.47824074074074074 0.0171875 0.10648148148148148
1 0.69609375 0.47731481481481486 0.0203125 0.10462962962962963
1 0.7395833333333334 0.5092592592592593 0.030208333333333334 0.15
1 0.7591145833333334 0.4810185185185185 0.0203125 0.1287037037037037
1 0.82890625 0.4967592592592593 0.0328125 0.15092592592592594
1 0.92421875 0.47824074074074074 0.0234375 0.13055555555555556
1 0.94765625 0.4777777777777778 0.021354166666666667 0.12222222222222223
