1 0.3216145833333333 0.47361111111111115 0.021354166666666667 0.10092592592592593
1 0.29192708333333334 0.5041666666666667 0.018229166666666668 0.14351851851851852
1 0.5489583333333333 0.5055555555555555 0.034375 0.11851851851851852
1 0.6638020833333333 0.46944444444444444 0.028645833333333332 0.07407407407407407
1 0.6989583333333333 0.4930555555555556 0.030208333333333334 0.13611111111111113
1 0.7528645833333333 0.4777777777777778 0.019270833333333334 0.11851851851851852
1 0.7888020833333333 0.47222222222222227 0.021354166666666667 0.07962962962962963
1 0.921875 0.4759259259259259 0.0125 0.11481481481481481
1 0.9403645833333333 0.48888888888888893 0.0265625 0.13518518518518519
0 0.3177083333333333 0.5314814814814816 0.019791666666666666 0.03518518518518519
