1 0.2864583333333333 0.5337962962962963 0.029166666666666667 0.14722222222222223
1 0.2986979166666667 0.5111111111111112 0.0203125 0.11481481481481481
1 0.6799479166666667 0.5208333333333334 0.0328125 0.11388888888888889
1 0.7231770833333333 0.5569444444444445 0.03177083333333333 0.17500000000000002
1 0.7036458333333333 0.5152777777777778 0.0125 0.09907407407407408
1 0.8182291666666667 0.5365740740740741 0.027083333333333334 0.14907407407407408
1 0.88828125 0.5597222222222222 0.027604166666666666 0.16203703703703703
1 0.9291666666666667 0.5166666666666667 0.027083333333333334 0.11851851851851852
1 0.9718749999999999 0.5259259259259259 0.03125 0.11666666666666667
0 0.6880208333333333 0.5648148148148149 0.016666666666666666 0.04259259259259259
