0 0.4002604166666667 0.5101851851851852 0.021354166666666667 0.03518518518518519
1 0.990625 0.5402777777777777 0.017708333333333333 0.21574074074074076
1 0.953125 0.5111111111111112 0.030208333333333334 0.17222222222222222
1 0.9270833333333334 0.4861111111111111 0.017708333333333333 0.12222222222222223
1 0.9010416666666666 0.5055555555555555 0.029166666666666667 0.12962962962962962
1 0.82890625 0.4666666666666667 0.021354166666666667 0.08703703703703704
1 0.75234375 0.4861111111111111 0.018229166666666668 0.11851851851851852
1 0.7169270833333333 0.4763888888888889 0.021354166666666667 0.09907407407407408
1 0.6028645833333334 0.4861111111111111 0.019270833333333334 0.11851851851851852
1 0.4622395833333333 0.500462962962963 0.022395833333333334 0.125
1 0.37864583333333335 0.47314814814814815 0.016666666666666666 0.08148148148148149
1 0.29583333333333334 0.5050925925925926 0.026041666666666668 0.14166666666666666
