1 0.9880208333333333 0.5157407407407407 0.016666666666666666 0.15555555555555556
1 0.9494791666666667 0.5023148148148149 0.03125 0.13611111111111113
1 0.9265625 0.48888888888888893 0.016666666666666666 0.11296296296296297
1 0.8255208333333334 0.47731481481481486 0.01875 0.08981481481481482
1 0.75625 0.49074074074074076 0.01875 0.10555555555555556
1 0.6838541666666667 0.48194444444444445 0.015625 0.08796296296296297
1 0.6546875 0.49444444444444446 0.03125 0.12407407407407407
1 0.4953125 0.5064814814814815 0.028125 0.1277777777777778
1 0.3247395833333333 0.47824074074074074 0.022395833333333334 0.09166666666666667
1 0.30442708333333335 0.5092592592592593 0.0265625 0.12962962962962962
