0 0.65078125 0.587037037037037 0.021354166666666667 0.040740740740740744
1 0.20755208333333333 0.5532407407407408 0.034895833333333334 0.14351851851851852
1 0.2864583333333333 0.5333333333333333 0.019791666666666666 0.11666666666666667
1 0.5463541666666667 0.5523148148148148 0.017708333333333333 0.10277777777777779
1 0.5747395833333333 0.5856481481481481 0.06197916666666667 0.17500000000000002
1 0.6716145833333333 0.5324074074074074 0.024479166666666666 0.11111111111111112
1 0.7377604166666667 0.5620370370370371 0.0421875 0.1574074074074074
1 0.92578125 0.549074074074074 0.024479166666666666 0.11296296296296297
1 0.9565104166666667 0.5574074074074075 0.021354166666666667 0.11851851851851852
1 0.97734375 0.5888888888888889 0.0265625 0.1685185185185185
