1 0.9671875 0.5509259259259259 0.03333333333333333 0.22592592592592595
1 0.9276041666666667 0.5027777777777778 0.028125 0.15925925925925927
1 0.8966145833333333 0.4912037037037037 0.024479166666666666 0.1398148148148148
1 0.83046875 0.46944444444444444 0.0203125 0.08888888888888889
1 0.75390625 0.4861111111111111 0.019270833333333334 0.11851851851851852
1 0.7130208333333333 0.4800925925925926 0.025 0.09907407407407408
1 0.60234375 0.4898148148148148 0.024479166666666666 0.12222222222222223
1 0.4627604166666667 0.49444444444444446 0.025520833333333333 0.12037037037037038
1 0.4002604166666667 0.4740740740740741 0.021354166666666667 0.08333333333333334
1 0.29635416666666664 0.5032407407407408 0.03125 0.14907407407407408
