0 0.31953125 0.5351851851851852 0.019270833333333334 0.03518518518518519
1 0.9403645833333333 0.4953703703703704 0.0203125 0.12592592592592594
1 0.9252604166666667 0.4851851851851852 0.0140625 0.11296296296296297
1 0.78671875 0.47314814814814815 0.022395833333333334 0.08518518518518518
1 0.7533854166666667 0.48703703703703705 0.018229166666666668 0.11666666666666667
1 0.7018229166666666 0.4861111111111111 0.0265625 0.12592592592592594
1 0.6700520833333333 0.4763888888888889 0.0234375 0.09907407407407408
1 0.5455729166666666 0.500462962962963 0.03697916666666667 0.13611111111111113
1 0.325 0.47361111111111115 0.016666666666666666 0.09722222222222222
1 0.2953125 0.5023148148148149 0.017708333333333333 0.13611111111111113
