1 0.9828125 0.513888888888889 0.027083333333333334 0.16296296296296298
1 0.93515625 0.5041666666666667 0.021354166666666667 0.1398148148148148
1 0.8385416666666666 0.47453703703703703 0.019791666666666666 0.09537037037037037
1 0.7559895833333333 0.487962962962963 0.021354166666666667 0.10740740740740741
1 0.6940104166666666 0.48240740740740745 0.0265625 0.08333333333333334
1 0.6315104166666666 0.4898148148148148 0.0359375 0.11481481481481481
1 0.47682291666666665 0.5074074074074074 0.0265625 0.11851851851851852
1 0.33359375 0.48194444444444445 0.0203125 0.09537037037037037
1 0.30546875 0.5074074074074074 0.024479166666666666 0.13333333333333333
0 0.38776041666666666 0.5092592592592593 0.019270833333333334 0.03333333333333333
