0 0.39947916666666666 0.6564814814814816 0.027083333333333334 0.040740740740740744
1 0.08098958333333334 0.5472222222222223 0.019270833333333334 0.10925925925925926
1 0.11458333333333333 0.5958333333333333 0.03229166666666666 0.17500000000000002
1 0.17994791666666665 0.5430555555555556 0.0203125 0.10462962962962963
1 0.22473958333333333 0.5555555555555556 0.022395833333333334 0.12592592592592594
1 0.24765625 0.6023148148148149 0.034895833333333334 0.19166666666666668
1 0.3138020833333333 0.5527777777777778 0.0328125 0.12407407407407407
1 0.53046875 0.6092592592592593 0.049479166666666664 0.17777777777777778
1 0.5877604166666667 0.6125 0.0359375 0.14166666666666666
1 0.5966145833333333 0.5606481481481481 0.022395833333333334 0.10833333333333334
1 0.7869791666666667 0.5259259259259259 0.025 0.07037037037037037
1 0.9841145833333333 0.576388888888889 0.024479166666666666 0.13611111111111113
