0 0.78515625 0.7208333333333333 0.0234375 0.05648148148148149
1 0.04505208333333333 0.5861111111111111 0.025520833333333333 0.12037037037037038
1 0.0859375 0.6365740740740741 0.04895833333333333 0.1824074074074074
1 0.13307291666666665 0.5916666666666667 0.0265625 0.14814814814814814
1 0.36875 0.5944444444444444 0.02395833333333333 0.12222222222222223
1 0.39557291666666666 0.6305555555555555 0.0171875 0.18703703703703706
1 0.4828125 0.6712962962962963 0.04791666666666666 0.20925925925925926
1 0.4986979166666667 0.5638888888888889 0.021354166666666667 0.07962962962962963
1 0.5815104166666667 0.600925925925926 0.034895833333333334 0.16111111111111112
1 0.73984375 0.6578703703703704 0.05572916666666666 0.2101851851851852
1 0.7869791666666667 0.5416666666666667 0.019791666666666666 0.08148148148148149
1 0.9677083333333333 0.5847222222222223 0.03229166666666666 0.13425925925925927
