1 0.07578125 0.5625 0.024479166666666666 0.10833333333333334
1 0.16927083333333334 0.6305555555555555 0.04375 0.14444444444444446
1 0.196875 0.6111111111111112 0.046875 0.17407407407407408
1 0.26015625 0.5652777777777778 0.011979166666666666 0.10648148148148148
1 0.2622395833333333 0.6166666666666667 0.03697916666666667 0.15925925925925927
1 0.3736979166666667 0.5638888888888889 0.0359375 0.11851851851851852
1 0.44453125 0.5958333333333333 0.022395833333333334 0.14351851851851852
1 0.46901041666666665 0.6032407407407407 0.04010416666666666 0.17500000000000002
1 0.5864583333333333 0.5916666666666667 0.025 0.14814814814814814
1 0.9786458333333333 0.5861111111111111 0.029166666666666667 0.12407407407407407
0 0.3026041666666667 0.6833333333333333 0.028125 0.0462962962962963
