1 0.28125 0.575462962962963 0.03229166666666666 0.13425925925925927
1 0.37604166666666666 0.5527777777777778 0.027083333333333334 0.11666666666666667
1 0.44375 0.5449074074074074 0.03229166666666666 0.10462962962962963
1 0.5169270833333334 0.5328703703703704 0.024479166666666666 0.09537037037037037
1 0.6276041666666666 0.5231481481481481 0.030208333333333334 0.08333333333333334
1 0.6502604166666667 0.5287037037037037 0.018229166666666668 0.10740740740740741
1 0.6807291666666666 0.5453703703703704 0.027083333333333334 0.12407407407407407
1 0.7208333333333333 0.5356481481481482 0.029166666666666667 0.10833333333333334
1 0.7684895833333333 0.5356481481481482 0.0234375 0.13240740740740742
1 0.796875 0.5675925925925926 0.03125 0.15
0 0.6072916666666667 0.5638888888888889 0.016666666666666666 0.040740740740740744
