1 0.11276041666666667 0.5296296296296297 0.033854166666666664 0.11666666666666667
1 0.29713541666666665 0.5361111111111111 0.021354166666666667 0.11481481481481481
1 0.32395833333333335 0.5402777777777777 0.028125 0.12685185185185185
1 0.37890625 0.65 0.0484375 0.22962962962962963
1 0.44036458333333334 0.5569444444444445 0.027604166666666666 0.15092592592592594
1 0.58203125 0.612037037037037 0.04010416666666666 0.16481481481481483
1 0.6518229166666667 0.5703703703703704 0.0234375 0.15555555555555556
1 0.69609375 0.55 0.0203125 0.11481481481481481
1 0.6677083333333333 0.5574074074074075 0.020833333333333332 0.11851851851851852
1 0.7700520833333333 0.5541666666666667 0.024479166666666666 0.10648148148148148
1 0.8182291666666667 0.5606481481481481 0.029166666666666667 0.125
0 0.7966145833333333 0.6083333333333334 0.019270833333333334 0.040740740740740744
