1 0.07708333333333334 0.600462962962963 0.027083333333333334 0.12685185185185185
1 0.14322916666666666 0.5773148148148148 0.027083333333333334 0.11018518518518519
1 0.16875 0.5587962962962963 0.027083333333333334 0.10833333333333334
1 0.20182291666666666 0.6773148148148148 0.0796875 0.23240740740740742
1 0.21302083333333333 0.5435185185185185 0.030208333333333334 0.07777777777777778
1 0.34401041666666665 0.5685185185185185 0.021354166666666667 0.10555555555555556
1 0.31796875 0.600462962962963 0.0359375 0.14907407407407408
0 0.3614583333333333 0.6217592592592592 0.015625 0.021296296296296296
1 0.44817708333333334 0.5791666666666667 0.0390625 0.10648148148148148
1 0.5322916666666666 0.6685185185185185 0.07083333333333333 0.3055555555555556
1 0.68671875 0.5736111111111112 0.04635416666666667 0.14166666666666666
1 0.6703125 0.4986111111111111 0.03125 0.05462962962962963
