0 0.37421875 0.6944444444444444 0.019270833333333334 0.03888888888888889
1 0.19739583333333333 0.6074074074074074 0.036458333333333336 0.16666666666666669
1 0.16145833333333334 0.5625 0.026041666666666668 0.1287037037037037
1 0.07473958333333333 0.5685185185185185 0.024479166666666666 0.10555555555555556
1 0.3424479166666667 0.5833333333333334 0.0203125 0.12222222222222223
1 0.36432291666666666 0.6189814814814815 0.0234375 0.1787037037037037
1 0.3989583333333333 0.6037037037037037 0.028125 0.15555555555555556
1 0.41796875 0.5606481481481481 0.019270833333333334 0.10092592592592593
1 0.5692708333333333 0.5912037037037037 0.026041666666666668 0.13796296296296298
1 0.9567708333333333 0.5833333333333334 0.030208333333333334 0.11851851851851852
