1 0.5328125 0.6018518518518519 0.029166666666666667 0.16296296296296298
1 0.5911458333333334 0.5750000000000001 0.029166666666666667 0.11481481481481481
1 0.63125 0.5861111111111111 0.046875 0.15925925925925927
1 0.7856770833333333 0.5236111111111111 0.022395833333333334 0.06944444444444445
1 0.98125 0.5773148148148148 0.026041666666666668 0.13796296296296298
1 0.28932291666666665 0.55 0.025520833333333333 0.10370370370370371
1 0.26171875 0.6013888888888889 0.033854166666666664 0.17500000000000002
1 0.21640625 0.5537037037037037 0.025520833333333333 0.11481481481481481
1 0.17057291666666666 0.5430555555555556 0.021354166666666667 0.09722222222222222
1 0.12395833333333334 0.5712962962962963 0.027083333333333334 0.1462962962962963
1 0.08541666666666667 0.5421296296296296 0.020833333333333332 0.10277777777777779
1 0.009895833333333333 0.6481481481481481 0.017708333333333333 0.2555555555555556
0 0.61171875 0.6421296296296296 0.0171875 0.04722222222222222
