0 0.87265625 0.7287037037037037 0.021354166666666667 0.05185185185185186
1 0.15104166666666666 0.5925925925925926 0.03125 0.15
1 0.06927083333333334 0.6263888888888889 0.03125 0.1787037037037037
1 0.04114583333333333 0.5791666666666667 0.029166666666666667 0.13055555555555556
1 0.4348958333333333 0.5782407407407407 0.016666666666666666 0.10462962962962963
1 0.41796875 0.6277777777777778 0.034895833333333334 0.18888888888888888
1 0.534375 0.5648148148148149 0.01875 0.08888888888888889
1 0.5958333333333333 0.6064814814814815 0.030208333333333334 0.15
1 0.5713541666666666 0.6800925925925926 0.04375 0.17314814814814816
1 0.8361979166666667 0.6537037037037037 0.057812499999999996 0.19814814814814816
1 0.9661458333333334 0.5916666666666667 0.03125 0.13148148148148148
