1 0.06848958333333333 0.563425925925926 0.019270833333333334 0.10648148148148148
1 0.23645833333333333 0.5597222222222222 0.016666666666666666 0.11388888888888889
1 0.26640625 0.5546296296296297 0.024479166666666666 0.11666666666666667
1 0.30885416666666665 0.5671296296296297 0.025 0.13796296296296298
1 0.32057291666666665 0.5453703703703704 0.011979166666666666 0.10925925925925926
1 0.34296875 0.5518518518518519 0.019270833333333334 0.11481481481481481
1 0.3859375 0.5439814814814815 0.03125 0.09166666666666667
1 0.4375 0.5597222222222222 0.029166666666666667 0.12314814814814816
1 0.62578125 0.5625 0.024479166666666666 0.10462962962962963
1 0.9005208333333333 0.5722222222222223 0.026041666666666668 0.10925925925925926
0 0.5236979166666667 0.6023148148148149 0.0203125 0.032407407407407406
