1 0.7921875 0.5657407407407408 0.04583333333333333 0.20740740740740743
1 0.8065104166666667 0.4986111111111111 0.025520833333333333 0.14351851851851852
1 0.7778645833333333 0.4481481481481482 0.022395833333333334 0.11296296296296297
1 0.7518229166666667 0.46574074074074073 0.025520833333333333 0.11666666666666667
1 0.60390625 0.4675925925925926 0.019270833333333334 0.12037037037037038
1 0.49453125 0.5023148148148149 0.022395833333333334 0.14351851851851852
1 0.2895833333333333 0.49074074074074076 0.029166666666666667 0.11666666666666667
1 0.28072916666666664 0.4518518518518519 0.015625 0.0925925925925926
1 0.16770833333333332 0.5648148148148149 0.05416666666666667 0.20185185185185187
1 0.06848958333333333 0.4791666666666667 0.019270833333333334 0.11203703703703705
1 0.012760416666666666 0.5101851851851852 0.021354166666666667 0.12037037037037038
