1 0.04401041666666666 0.5828703703703704 0.027604166666666666 0.13055555555555556
1 0.07604166666666666 0.6217592592592592 0.042708333333333334 0.17685185185185187
1 0.1890625 0.5953703703703704 0.03125 0.16296296296296298
1 0.43697916666666664 0.625462962962963 0.034375 0.18055555555555555
1 0.46432291666666664 0.5861111111111111 0.022395833333333334 0.15925925925925927
1 0.59765625 0.6074074074074074 0.0265625 0.15925925925925927
1 0.56875 0.5550925925925926 0.015625 0.10833333333333334
1 0.6890625 0.675462962962963 0.04375 0.18611111111111112
1 0.9213541666666667 0.6625 0.071875 0.21944444444444444
1 0.9651041666666667 0.5949074074074074 0.03125 0.13796296296296298
0 0.9341145833333333 0.737037037037037 0.025520833333333333 0.04259259259259259
