1 0.3015625 0.5685185185185185 0.03229166666666666 0.15185185185185185
1 0.39557291666666666 0.5509259259259259 0.027604166666666666 0.1277777777777778
1 0.4796875 0.538425925925926 0.028125 0.10277777777777779
1 0.53125 0.5375 0.030208333333333334 0.11203703703703705
1 0.6122395833333333 0.5337962962962963 0.0109375 0.09351851851851853
1 0.6268229166666667 0.5259259259259259 0.024479166666666666 0.11666666666666667
1 0.6872395833333333 0.5421296296296296 0.0265625 0.12685185185185185
1 0.7075520833333333 0.5287037037037037 0.024479166666666666 0.1425925925925926
1 0.7651041666666667 0.5439814814814815 0.026041666666666668 0.13425925925925927
1 0.7966145833333333 0.5648148148148149 0.034895833333333334 0.15185185185185185
0 0.5731770833333333 0.5666666666666667 0.0265625 0.03888888888888889
