1 0.09557291666666666 0.6092592592592593 0.03697916666666667 0.12407407407407407
1 0.18515625 0.6023148148148149 0.021354166666666667 0.13055555555555556
1 0.16927083333333334 0.5736111111111112 0.016666666666666666 0.10277777777777779
1 0.22916666666666666 0.5828703703703704 0.029166666666666667 0.10648148148148148
1 0.2583333333333333 0.6726851851851852 0.07604166666666666 0.21944444444444444
1 0.35494791666666664 0.6013888888888889 0.03802083333333333 0.13611111111111113
1 0.3924479166666667 0.5675925925925926 0.0234375 0.12592592592592594
1 0.46770833333333334 0.576388888888889 0.029166666666666667 0.13240740740740742
1 0.6346354166666667 0.6671296296296296 0.0828125 0.2601851851851852
1 0.66875 0.5810185185185185 0.030208333333333334 0.14166666666666666
1 0.6890625 0.5462962962962963 0.034375 0.12592592592592594
0 0.4544270833333333 0.6263888888888889 0.03177083333333333 0.062037037037037036
