0 0.87265625 0.5523148148148148 0.021354166666666667 0.06018518518518519
0 0.9427083333333334 0.6712962962962963 0.03125 0.07037037037037037
1 0.7885416666666667 0.4226851851851852 0.01875 0.10462962962962963
1 0.7119791666666666 0.42453703703703705 0.025 0.10833333333333334
1 0.6828125 0.4115740740740741 0.019791666666666666 0.062037037037037036
1 0.6229166666666667 0.41805555555555557 0.028125 0.09166666666666667
1 0.5684895833333333 0.41712962962962963 0.0109375 0.10462962962962963
1 0.5575520833333333 0.43842592592592594 0.0203125 0.1287037037037037
1 0.5377604166666666 0.4138888888888889 0.0171875 0.08333333333333334
1 0.5197916666666667 0.42685185185185187 0.016666666666666666 0.10925925925925926
1 0.44088541666666664 0.41111111111111115 0.024479166666666666 0.08888888888888889
1 0.31015625 0.42685185185185187 0.022395833333333334 0.10925925925925926
1 0.2869791666666667 0.6050925925925926 0.090625 0.41574074074074074
1 0.10729166666666666 0.42592592592592593 0.029166666666666667 0.11481481481481481
1 0.04453125 0.4439814814814815 0.028645833333333332 0.13240740740740742
1 0.021614583333333333 0.47500000000000003 0.027604166666666666 0.19814814814814816
