1 0.23776041666666667 0.5717592592592593 0.0328125 0.14166666666666666
1 0.3390625 0.562962962962963 0.027083333333333334 0.12037037037037038
1 0.3872395833333333 0.5509259259259259 0.0265625 0.11666666666666667
1 0.5114583333333333 0.5365740740740741 0.027083333333333334 0.11018518518518519
1 0.6302083333333334 0.5620370370370371 0.042708333333333334 0.12222222222222223
1 0.67109375 0.5296296296296297 0.021354166666666667 0.0925925925925926
1 0.6916666666666667 0.5231481481481481 0.029166666666666667 0.11851851851851852
1 0.7328125 0.5365740740740741 0.030208333333333334 0.10648148148148148
1 0.7669270833333334 0.513425925925926 0.022395833333333334 0.0638888888888889
1 0.7893229166666667 0.5847222222222223 0.03802083333333333 0.13796296296296298
1 0.8083333333333333 0.5527777777777778 0.03125 0.13148148148148148
