0 0.6395833333333333 0.6402777777777778 0.016666666666666666 0.03425925925925926
1 0.2713541666666667 0.5888888888888889 0.03229166666666666 0.16111111111111112
1 0.20911458333333333 0.55 0.0265625 0.11481481481481481
1 0.1671875 0.5375 0.01875 0.10462962962962963
1 0.13854166666666667 0.5717592592592593 0.03125 0.14166666666666666
1 0.10859375 0.5453703703703704 0.022395833333333334 0.08888888888888889
1 0.01875 0.6199074074074075 0.03333333333333333 0.21944444444444444
1 0.5098958333333333 0.5916666666666667 0.026041666666666668 0.15185185185185185
1 0.578125 0.5810185185185185 0.036458333333333336 0.13425925925925927
1 0.6536458333333334 0.575925925925926 0.03333333333333333 0.12407407407407407
1 0.9817708333333334 0.5745370370370371 0.027083333333333334 0.13611111111111113
