1 0.12239583333333333 0.5351851851851852 0.028125 0.11666666666666667
1 0.24713541666666666 0.5481481481481482 0.022395833333333334 0.12222222222222223
1 0.29765625 0.5393518518518519 0.024479166666666666 0.1287037037037037
1 0.3559895833333333 0.5259259259259259 0.022395833333333334 0.07407407407407407
1 0.47552083333333334 0.5462962962962963 0.013541666666666667 0.09074074074074075
1 0.4734375 0.6675925925925926 0.058333333333333334 0.23333333333333334
1 0.5388020833333333 0.6083333333333334 0.0390625 0.1685185185185185
1 0.6765625 0.5527777777777778 0.014583333333333334 0.11296296296296297
1 0.6973958333333333 0.5421296296296296 0.019791666666666666 0.10277777777777779
1 0.721875 0.5888888888888889 0.03125 0.1574074074074074
1 0.809375 0.5722222222222223 0.03333333333333333 0.12407407407407407
