0 0.11328125 0.6189814814814815 0.019270833333333334 0.019444444444444445
1 0.12057291666666667 0.5782407407407407 0.0515625 0.10462962962962963
1 0.07291666666666667 0.687962962962963 0.075 0.2740740740740741
1 0.17838541666666666 0.5925925925925926 0.0328125 0.11111111111111112
1 0.20078125 0.5703703703703704 0.025520833333333333 0.0962962962962963
1 0.26171875 0.6074074074074074 0.04010416666666666 0.14814814814814814
1 0.3502604166666667 0.6870370370370371 0.06927083333333334 0.29074074074074074
1 0.43255208333333334 0.5750000000000001 0.0328125 0.12592592592592594
1 0.6854166666666667 0.55 0.014583333333333334 0.11111111111111112
1 0.7125 0.5773148148148148 0.03958333333333333 0.1527777777777778
