1 0.13177083333333334 0.5513888888888889 0.03125 0.1398148148148148
1 0.09713541666666667 0.6013888888888889 0.049479166666666664 0.15462962962962964
1 0.22994791666666667 0.5569444444444445 0.04114583333333333 0.13611111111111113
1 0.27057291666666666 0.5518518518518519 0.024479166666666666 0.11111111111111112
1 0.29140625 0.5356481481481482 0.0171875 0.10833333333333334
1 0.4296875 0.5518518518518519 0.017708333333333333 0.12222222222222223
1 0.47161458333333334 0.5328703703703704 0.0234375 0.09537037037037037
1 0.4419270833333333 0.5342592592592593 0.024479166666666666 0.08333333333333334
1 0.54609375 0.5481481481481482 0.0203125 0.11481481481481481
1 0.8104166666666667 0.5101851851851852 0.015625 0.06296296296296297
1 0.884375 0.5564814814814815 0.03125 0.11666666666666667
0 0.31015625 0.5768518518518518 0.022395833333333334 0.040740740740740744
