1 0.38671875 0.5652777777777778 0.0390625 0.14537037037037037
1 0.49192708333333335 0.5527777777777778 0.021354166666666667 0.12037037037037038
1 0.6895833333333333 0.5615740740740741 0.03125 0.10277777777777779
1 0.9544270833333334 0.5703703703703704 0.03697916666666667 0.12407407407407407
1 0.27369791666666665 0.5365740740740741 0.0234375 0.11018518518518519
1 0.24609375 0.5606481481481481 0.022395833333333334 0.13240740740740742
1 0.19921875 0.5305555555555556 0.0203125 0.08703703703703704
1 0.17447916666666666 0.5578703703703703 0.025 0.13055555555555556
1 0.04453125 0.5666666666666667 0.0359375 0.15555555555555556
0 0.6606770833333333 0.6162037037037037 0.022395833333333334 0.025
