0 0.9627604166666667 0.8828703703703704 0.028645833333333332 0.05092592592592593
1 0.8385416666666666 0.6245370370370371 0.019791666666666666 0.10462962962962963
1 0.7708333333333334 0.6296296296296297 0.028125 0.12222222222222223
1 0.7328125 0.65 0.028125 0.14814814814814814
1 0.68828125 0.6277777777777778 0.024479166666666666 0.07222222222222223
1 0.6369791666666667 0.6643518518518519 0.03333333333333333 0.18425925925925926
1 0.09114583333333333 0.7180555555555556 0.030208333333333334 0.18981481481481483
1 0.19869791666666667 0.6430555555555556 0.021354166666666667 0.09907407407407408
1 0.23958333333333334 0.6810185185185186 0.029166666666666667 0.1287037037037037
1 0.2674479166666667 0.6648148148148149 0.0265625 0.11851851851851852
1 0.4119791666666667 0.6337962962962963 0.017708333333333333 0.10277777777777779
1 0.44166666666666665 0.650462962962963 0.030208333333333334 0.1398148148148148
1 0.46770833333333334 0.6287037037037038 0.029166666666666667 0.0925925925925926
1 0.51328125 0.612037037037037 0.021354166666666667 0.07222222222222223
1 0.53125 0.6611111111111111 0.03229166666666666 0.12222222222222223
1 0.5901041666666667 0.6731481481481482 0.029166666666666667 0.15925925925925927
