0 0.5015625 0.6277777777777778 0.017708333333333333 0.012962962962962964
1 0.49322916666666666 0.5888888888888889 0.030208333333333334 0.1462962962962963
1 0.45598958333333334 0.575925925925926 0.034895833333333334 0.11666666666666667
1 0.42473958333333334 0.5773148148148148 0.0234375 0.10277777777777779
1 0.3989583333333333 0.6148148148148148 0.04583333333333333 0.11296296296296297
1 0.33098958333333334 0.6694444444444445 0.09635416666666667 0.17407407407407408
1 0.24661458333333333 0.5810185185185185 0.0234375 0.11388888888888889
1 0.20911458333333333 0.5986111111111111 0.03802083333333333 0.11388888888888889
1 0.11744791666666667 0.6092592592592593 0.03802083333333333 0.12407407407407407
1 0.6895833333333333 0.5625 0.046875 0.10833333333333334
1 0.6479166666666667 0.5782407407407407 0.03125 0.15092592592592594
1 0.76796875 0.6527777777777778 0.0671875 0.2425925925925926
