1 0.4427083333333333 0.6356481481481482 0.04583333333333333 0.18055555555555555
1 0.3716145833333333 0.6143518518518519 0.0359375 0.17685185185185187
1 0.3453125 0.6472222222222223 0.026041666666666668 0.18888888888888888
1 0.3260416666666667 0.5703703703703704 0.014583333333333334 0.13518518518518519
1 0.3104166666666667 0.5898148148148148 0.028125 0.13518518518518519
1 0.16458333333333333 0.6101851851851852 0.029166666666666667 0.1851851851851852
1 0.14140625 0.5675925925925926 0.027604166666666666 0.11851851851851852
1 0.06588541666666667 0.5694444444444444 0.0265625 0.11481481481481481
1 0.5614583333333333 0.5930555555555556 0.030208333333333334 0.13796296296296298
1 0.9526041666666667 0.5819444444444445 0.03125 0.13240740740740742
0 0.49635416666666665 0.7023148148148148 0.028125 0.058333333333333334
