1 0.13177083333333334 0.6087962962962963 0.042708333333333334 0.1398148148148148
1 0.23046875 0.5898148148148148 0.033854166666666664 0.12407407407407407
1 0.2700520833333333 0.576388888888889 0.025520833333333333 0.1287037037037037
1 0.5317708333333333 0.5800925925925926 0.017708333333333333 0.125
1 0.5177083333333333 0.5597222222222222 0.014583333333333334 0.09907407407407408
1 0.4817708333333333 0.5986111111111111 0.028125 0.13055555555555556
1 0.4549479166666667 0.6541666666666667 0.034895833333333334 0.1824074074074074
1 0.6307291666666667 0.575925925925926 0.02395833333333333 0.12407407407407407
1 0.6986979166666667 0.5694444444444444 0.0359375 0.09814814814814815
1 0.884375 0.6393518518518518 0.05625 0.25092592592592594
0 0.5479166666666666 0.6189814814814815 0.02395833333333333 0.04351851851851852
