0 0.9604166666666667 0.9319444444444445 0.03333333333333333 0.062037037037037036
1 0.8385416666666666 0.663425925925926 0.025 0.10833333333333334
1 0.7403645833333333 0.6675925925925926 0.025520833333333333 0.12037037037037038
1 0.7013020833333333 0.6837962962962963 0.030729166666666665 0.13796296296296298
1 0.6643229166666667 0.700462962962963 0.0390625 0.17500000000000002
1 0.6078125 0.6462962962962964 0.017708333333333333 0.07777777777777778
1 0.084375 0.7393518518518519 0.03229166666666666 0.19722222222222224
1 0.203125 0.7060185185185186 0.016666666666666666 0.13611111111111113
1 0.22317708333333333 0.7101851851851853 0.0328125 0.15925925925925927
1 0.3559895833333333 0.6708333333333334 0.0203125 0.09907407407407408
1 0.390625 0.6763888888888889 0.017708333333333333 0.10277777777777779
1 0.40911458333333334 0.6851851851851852 0.0328125 0.12037037037037038
1 0.4861979166666667 0.6810185185185186 0.021354166666666667 0.13240740740740742
1 0.5109375 0.6527777777777778 0.014583333333333334 0.07962962962962963
1 0.5390625 0.675462962962963 0.014583333333333334 0.10833333333333334
1 0.5723958333333333 0.7208333333333333 0.04375 0.18055555555555555
