1 0.7854166666666667 0.4365740740740741 0.016666666666666666 0.08981481481481482
1 0.7981770833333334 0.5013888888888889 0.057812499999999996 0.19166666666666668
0 0.8328125 0.5657407407407408 0.017708333333333333 0.04814814814814815
0 0.9515625 0.6921296296296297 0.035416666666666666 0.06018518518518519
1 0.6924479166666666 0.4425925925925926 0.025520833333333333 0.12407407407407407
1 0.61953125 0.4351851851851852 0.025520833333333333 0.08703703703703704
1 0.5658854166666667 0.45601851851851855 0.019270833333333334 0.13240740740740742
1 0.5546875 0.4412037037037037 0.014583333333333334 0.11388888888888889
1 0.5341145833333333 0.4305555555555556 0.022395833333333334 0.0925925925925926
1 0.50703125 0.44212962962962965 0.028645833333333332 0.10833333333333334
1 0.4359375 0.4287037037037037 0.020833333333333332 0.0925925925925926
1 0.30442708333333335 0.43842592592592594 0.018229166666666668 0.08981481481481482
1 0.2752604166666667 0.5995370370370371 0.0671875 0.3527777777777778
1 0.025 0.49583333333333335 0.030208333333333334 0.19166666666666668
1 0.2661458333333333 0.4375 0.017708333333333333 0.09537037037037037
