1 0.3888020833333333 0.5532407407407408 0.025520833333333333 0.13611111111111113
1 0.44296874999999997 0.5324074074074074 0.022395833333333334 0.11481481481481481
1 0.6325520833333333 0.5111111111111112 0.024479166666666666 0.09444444444444444
1 0.653125 0.5092592592592593 0.020833333333333332 0.13333333333333333
1 0.7119791666666666 0.513888888888889 0.015625 0.11296296296296297
1 0.73046875 0.5143518518518518 0.027604166666666666 0.14722222222222223
1 0.7528645833333333 0.512962962962963 0.019270833333333334 0.12222222222222223
1 0.7703125 0.5050925925925926 0.017708333333333333 0.14537037037037037
1 0.82578125 0.5296296296296297 0.0390625 0.15555555555555556
1 0.8619791666666666 0.5203703703703704 0.03125 0.12037037037037038
1 0.9872395833333333 0.5208333333333334 0.024479166666666666 0.12685185185185185
