1 0.10546875 0.5324074074074074 0.021354166666666667 0.11851851851851852
1 0.28541666666666665 0.5393518518518519 0.017708333333333333 0.125
1 0.29973958333333334 0.5157407407407407 0.0109375 0.08148148148148149
1 0.3098958333333333 0.5393518518518519 0.017708333333333333 0.1287037037037037
1 0.33984375 0.6342592592592593 0.05260416666666667 0.23333333333333334
1 0.44765625 0.5717592592592593 0.022395833333333334 0.14166666666666666
1 0.6229166666666667 0.6111111111111112 0.02395833333333333 0.15185185185185185
1 0.6247395833333333 0.5342592592592593 0.022395833333333334 0.07222222222222223
1 0.66484375 0.5606481481481481 0.024479166666666666 0.11574074074074074
1 0.7002604166666666 0.5615740740740741 0.0328125 0.11018518518518519
1 0.8083333333333333 0.5472222222222223 0.03125 0.10925925925925926
1 0.85703125 0.5657407407407408 0.0234375 0.12592592592592594
0 0.8236979166666667 0.6157407407407408 0.022395833333333334 0.040740740740740744
