1 0.01614583333333333 0.5569444444444445 0.03229166666666666 0.17500000000000002
1 0.10781249999999999 0.5268518518518519 0.03229166666666666 0.11481481481481481
1 0.15989583333333332 0.5393518518518519 0.03333333333333333 0.13240740740740742
1 0.19348958333333333 0.5287037037037037 0.024479166666666666 0.12962962962962962
1 0.3755208333333333 0.6412037037037037 0.057291666666666664 0.23055555555555557
1 0.4432291666666667 0.5972222222222222 0.027083333333333334 0.15925925925925927
1 0.42421875 0.5550925925925926 0.0203125 0.14351851851851852
1 0.4744791666666667 0.5314814814814816 0.017708333333333333 0.0925925925925926
1 0.51328125 0.5435185185185185 0.0234375 0.12407407407407407
1 0.8104166666666667 0.5546296296296297 0.027083333333333334 0.11666666666666667
