1 0.8341145833333333 0.5120370370370371 0.0359375 0.16666666666666669
1 0.8002604166666667 0.49074074074074076 0.022395833333333334 0.12407407407407407
1 0.6502604166666667 0.4675925925925926 0.018229166666666668 0.06666666666666667
1 0.6283854166666667 0.4763888888888889 0.025520833333333333 0.10277777777777779
1 0.5572916666666666 0.4851851851851852 0.027083333333333334 0.12037037037037038
1 0.5200520833333333 0.5180555555555556 0.03697916666666667 0.1787037037037037
1 0.4825520833333333 0.4615740740740741 0.022395833333333334 0.08611111111111111
1 0.44947916666666665 0.4708333333333333 0.028125 0.09907407407407408
1 0.4166666666666667 0.49074074074074076 0.030208333333333334 0.13518518518518519
1 0.37057291666666664 0.46342592592592596 0.0203125 0.10092592592592593
1 0.27239583333333334 0.4712962962962963 0.030208333333333334 0.12037037037037038
1 0.16640625 0.4898148148148148 0.03802083333333333 0.1462962962962963
1 0.030208333333333334 0.4587962962962963 0.029166666666666667 0.1175925925925926
0 0.8026041666666667 0.5731481481481482 0.025 0.044444444444444446
0 0.9005208333333333 0.7324074074074074 0.030208333333333334 0.06851851851851852
