1 0.19557291666666665 0.6430555555555556 0.03802083333333333 0.19166666666666668
1 0.2981770833333333 0.6074074074074074 0.03697916666666667 0.15185185185185185
1 0.3921875 0.6138888888888889 0.03958333333333333 0.15
1 0.47604166666666664 0.6125 0.04375 0.17685185185185187
1 0.5078125 0.5712962962962963 0.030208333333333334 0.13333333333333333
1 0.5776041666666667 0.5791666666666667 0.042708333333333334 0.13796296296296298
1 0.7515625 0.6189814814814815 0.04583333333333333 0.19351851851851853
1 0.765625 0.5597222222222222 0.03125 0.1175925925925926
1 0.014322916666666666 0.7319444444444445 0.0265625 0.33796296296296297
1 0.13307291666666665 0.6657407407407407 0.06302083333333333 0.19074074074074074
1 0.10234375 0.6050925925925926 0.0234375 0.09722222222222222
