0 0.5796875 0.5712962962962963 0.015625 0.040740740740740744
1 0.32057291666666665 0.5712962962962963 0.0390625 0.15
1 0.41354166666666664 0.549074074074074 0.026041666666666668 0.12037037037037038
1 0.5268229166666667 0.5277777777777778 0.021354166666666667 0.10925925925925926
1 0.5682291666666667 0.5421296296296296 0.016666666666666666 0.09537037037037037
1 0.6005208333333333 0.5296296296296297 0.020833333333333332 0.0925925925925926
1 0.6296875 0.5236111111111111 0.014583333333333334 0.09351851851851853
1 0.6932291666666667 0.5351851851851852 0.030208333333333334 0.12407407407407407
1 0.76953125 0.5402777777777777 0.025520833333333333 0.13425925925925927
1 0.79921875 0.5541666666666667 0.04010416666666666 0.14537037037037037
