1 0.14817708333333332 0.6032407407407407 0.0328125 0.1398148148148148
1 0.2505208333333333 0.587037037037037 0.03125 0.12592592592592594
1 0.29140625 0.5712962962962963 0.0328125 0.11111111111111112
1 0.3416666666666667 0.5643518518518519 0.030208333333333334 0.09722222222222222
1 0.5473958333333333 0.625925925925926 0.06041666666666667 0.18888888888888888
1 0.5708333333333333 0.5694444444444444 0.035416666666666666 0.12962962962962962
1 0.6296875 0.5740740740740741 0.028125 0.11666666666666667
1 0.7174479166666666 0.5675925925925926 0.04010416666666666 0.09074074074074075
1 0.9796874999999999 0.6296296296296297 0.03333333333333333 0.2351851851851852
0 0.5953125 0.6083333333333334 0.013541666666666667 0.044444444444444446
