0 0.6526041666666667 0.6138888888888889 0.017708333333333333 0.037037037037037035
1 0.045572916666666664 0.5685185185185185 0.0265625 0.13148148148148148
1 0.18828125 0.5578703703703703 0.03697916666666667 0.13425925925925927
1 0.22526041666666666 0.525462962962963 0.025520833333333333 0.10092592592592593
1 0.2421875 0.5277777777777778 0.014583333333333334 0.0925925925925926
1 0.25625 0.562962962962963 0.019791666666666666 0.12407407407407407
1 0.27421875 0.5393518518518519 0.022395833333333334 0.10092592592592593
1 0.29661458333333335 0.5481481481481482 0.024479166666666666 0.11111111111111112
1 0.3453125 0.5652777777777778 0.03229166666666666 0.13796296296296298
1 0.47734375 0.5606481481481481 0.03697916666666667 0.11574074074074074
1 0.6802083333333333 0.5578703703703703 0.030208333333333334 0.10648148148148148
1 0.7966145833333333 0.5217592592592593 0.0234375 0.07314814814814816
1 0.9447916666666667 0.5694444444444444 0.03125 0.12592592592592594
