1 0.3377604166666667 0.5625 0.03802083333333333 0.15092592592592594
1 0.4302083333333333 0.5518518518518519 0.03229166666666666 0.12962962962962962
1 0.575 0.5412037037037037 0.030208333333333334 0.10092592592592593
1 0.60625 0.5217592592592593 0.016666666666666666 0.062037037037037036
1 0.6325520833333333 0.5277777777777778 0.022395833333333334 0.08148148148148149
1 0.6877604166666667 0.5342592592592593 0.021354166666666667 0.11111111111111112
1 0.775 0.525462962962963 0.014583333333333334 0.10462962962962963
1 0.7875 0.5370370370370371 0.010416666666666666 0.12037037037037038
1 0.8049479166666667 0.5527777777777778 0.024479166666666666 0.15185185185185185
0 0.6145833333333334 0.5694444444444444 0.015625 0.03333333333333333
