1 0.0484375 0.7208333333333333 0.06875 0.33611111111111114
1 0.07421875 0.6050925925925926 0.027604166666666666 0.13240740740740742
1 0.19140625 0.6402777777777778 0.0359375 0.17500000000000002
1 0.22083333333333333 0.6060185185185185 0.03229166666666666 0.14537037037037037
1 0.2630208333333333 0.5837962962962964 0.027083333333333334 0.13611111111111113
1 0.37109375 0.6083333333333334 0.0546875 0.16111111111111112
1 0.42578125 0.6152777777777778 0.0484375 0.1824074074074074
1 0.48411458333333335 0.5703703703703704 0.025520833333333333 0.1277777777777778
1 0.5119791666666667 0.5777777777777778 0.028125 0.12037037037037038
1 0.7377604166666667 0.6101851851851852 0.049479166666666664 0.18888888888888888
1 0.7372395833333333 0.5259259259259259 0.019270833333333334 0.0462962962962963
0 0.13359375 0.6342592592592593 0.021354166666666667 0.03518518518518519
