0 0.10338541666666666 0.6208333333333333 0.009895833333333333 0.026851851851851852
1 0.08932291666666667 0.5856481481481481 0.022395833333333334 0.09722222222222222
1 0.11796875 0.6041666666666667 0.025520833333333333 0.14166666666666666
1 0.13697916666666665 0.7208333333333333 0.04583333333333333 0.2972222222222222
1 0.21484375 0.6342592592592593 0.0265625 0.19814814814814816
1 0.3106770833333333 0.5916666666666667 0.050520833333333334 0.1277777777777778
1 0.4125 0.6050925925925926 0.03229166666666666 0.14351851851851852
1 0.45260416666666664 0.5666666666666667 0.03229166666666666 0.0925925925925926
1 0.71484375 0.5564814814814815 0.025520833333333333 0.12037037037037038
1 0.7473958333333334 0.5958333333333333 0.04375 0.17500000000000002
