1 0.04505208333333333 0.5481481481481482 0.027604166666666666 0.16481481481481483
1 0.09088541666666666 0.5259259259259259 0.0234375 0.12037037037037038
1 0.17057291666666666 0.5356481481481482 0.021354166666666667 0.1398148148148148
1 0.20703125 0.5393518518518519 0.033854166666666664 0.14351851851851852
1 0.24713541666666666 0.6226851851851852 0.05572916666666666 0.22870370370370371
1 0.29765625 0.5421296296296296 0.033854166666666664 0.13055555555555556
1 0.42682291666666666 0.5851851851851853 0.034895833333333334 0.1574074074074074
1 0.4263020833333333 0.5064814814814815 0.018229166666666668 0.07037037037037037
1 0.47734375 0.5347222222222222 0.027604166666666666 0.10277777777777779
1 0.5479166666666666 0.5324074074074074 0.020833333333333332 0.11481481481481481
1 0.8416666666666667 0.5555555555555556 0.03125 0.12592592592592594
1 0.7971354166666667 0.5092592592592593 0.0203125 0.07962962962962963
