1 0.0921875 0.5171296296296296 0.01875 0.11388888888888889
1 0.0640625 0.55 0.03229166666666666 0.1462962962962963
1 0.20625 0.5412037037037037 0.028125 0.125
1 0.18463541666666666 0.6217592592592592 0.07864583333333333 0.21944444444444444
1 0.4341145833333333 0.5810185185185185 0.024479166666666666 0.14537037037037037
1 0.29583333333333334 0.5324074074074074 0.03229166666666666 0.12592592592592594
1 0.43515624999999997 0.5032407407407408 0.022395833333333334 0.05648148148148149
1 0.4856770833333333 0.5365740740740741 0.0203125 0.10277777777777779
1 0.5653645833333333 0.5412037037037037 0.024479166666666666 0.10833333333333334
1 0.8604166666666666 0.5615740740740741 0.03229166666666666 0.11388888888888889
