1 0.20651041666666667 0.5930555555555556 0.03697916666666667 0.14537037037037037
1 0.2981770833333333 0.5777777777777778 0.030729166666666665 0.12037037037037038
1 0.3533854166666667 0.5685185185185185 0.022395833333333334 0.11296296296296297
1 0.47213541666666664 0.5611111111111111 0.03802083333333333 0.08148148148148149
1 0.59921875 0.5731481481481482 0.0390625 0.12962962962962962
1 0.653125 0.55 0.016666666666666666 0.10370370370370371
1 0.68359375 0.5541666666666667 0.021354166666666667 0.09907407407407408
1 0.7104166666666667 0.5523148148148148 0.03229166666666666 0.10277777777777779
1 0.74609375 0.5976851851851852 0.0390625 0.15462962962962964
1 0.7958333333333333 0.5722222222222223 0.040625 0.15185185185185185
