1 0.0203125 0.5657407407407408 0.03229166666666666 0.16481481481481483
1 0.0984375 0.5287037037037037 0.027083333333333334 0.11111111111111112
1 0.17786458333333333 0.5481481481481482 0.024479166666666666 0.13333333333333333
1 0.34296875 0.6375000000000001 0.04114583333333333 0.21574074074074076
1 0.32447916666666665 0.4949074074074074 0.017708333333333333 0.058333333333333334
1 0.3658854166666667 0.5606481481481481 0.024479166666666666 0.15092592592592594
1 0.43203125 0.6013888888888889 0.03177083333333333 0.15462962962962964
1 0.44479166666666664 0.524537037037037 0.028125 0.09537037037037037
1 0.4786458333333333 0.5268518518518519 0.028125 0.11111111111111112
1 0.5171875 0.5421296296296296 0.017708333333333333 0.09907407407407408
1 0.8205729166666667 0.5587962962962963 0.024479166666666666 0.11574074074074074
1 0.8010416666666667 0.5162037037037037 0.016666666666666666 0.06944444444444445
