1 0.09427083333333333 0.5509259259259259 0.03229166666666666 0.13148148148148148
1 0.24791666666666667 0.549074074074074 0.014583333333333334 0.11666666666666667
1 0.2713541666666667 0.5652777777777778 0.034375 0.14537037037037037
1 0.2799479166666667 0.5351851851851852 0.022395833333333334 0.11666666666666667
1 0.3015625 0.5421296296296296 0.020833333333333332 0.12685185185185185
1 0.31927083333333334 0.549074074074074 0.016666666666666666 0.11296296296296297
1 0.4067708333333333 0.5361111111111111 0.014583333333333334 0.08333333333333334
1 0.4223958333333333 0.5574074074074075 0.01875 0.11851851851851852
1 0.4549479166666667 0.5342592592592593 0.034895833333333334 0.11481481481481481
1 0.5651041666666666 0.5509259259259259 0.029166666666666667 0.11666666666666667
1 0.88828125 0.5578703703703703 0.025520833333333333 0.12685185185185185
0 0.3411458333333333 0.5824074074074075 0.015625 0.03518518518518519
