1 0.12526041666666665 0.5518518518518519 0.0359375 0.12222222222222223
1 0.20911458333333333 0.5518518518518519 0.03802083333333333 0.12962962962962962
1 0.2875 0.5509259259259259 0.03125 0.13518518518518519
1 0.37421875 0.5347222222222222 0.0234375 0.10648148148148148
1 0.50703125 0.5708333333333333 0.018229166666666668 0.1398148148148148
1 0.5171875 0.6847222222222222 0.05625 0.2212962962962963
1 0.5518229166666666 0.6217592592592592 0.024479166666666666 0.18425925925925926
1 0.6541666666666667 0.5638888888888889 0.016666666666666666 0.11481481481481481
1 0.6890625 0.5583333333333333 0.01875 0.12037037037037038
1 0.7377604166666667 0.6064814814814815 0.0359375 0.1574074074074074
1 0.8088541666666667 0.5736111111111112 0.028125 0.13796296296296298
