0 0.44427083333333334 0.5888888888888889 0.017708333333333333 0.02962962962962963
1 0.07994791666666666 0.5527777777777778 0.025520833333333333 0.12037037037037038
1 0.25 0.5546296296296297 0.016666666666666666 0.12037037037037038
1 0.2708333333333333 0.5509259259259259 0.027083333333333334 0.1277777777777778
1 0.29583333333333334 0.5703703703703704 0.03229166666666666 0.13148148148148148
1 0.32057291666666665 0.5476851851851852 0.0234375 0.09907407407407408
1 0.34088541666666666 0.5435185185185185 0.021354166666666667 0.11666666666666667
1 0.38307291666666665 0.5444444444444445 0.021354166666666667 0.07962962962962963
1 0.42578125 0.5546296296296297 0.027604166666666666 0.11666666666666667
1 0.6015625 0.5606481481481481 0.030208333333333334 0.11203703703703705
1 0.8083333333333333 0.5199074074074074 0.015625 0.062037037037037036
1 0.8921875 0.5675925925925926 0.03125 0.12962962962962962
