0 0.6921875 0.7217592592592593 0.030208333333333334 0.05462962962962963
1 0.05 0.5861111111111111 0.029166666666666667 0.11296296296296297
1 0.12343749999999999 0.5898148148148148 0.016666666666666666 0.14444444444444446
1 0.11562499999999999 0.6296296296296297 0.03958333333333333 0.1851851851851852
1 0.3268229166666667 0.6013888888888889 0.033854166666666664 0.1398148148148148
1 0.37135416666666665 0.6236111111111111 0.029166666666666667 0.18796296296296297
1 0.42994791666666665 0.6722222222222223 0.0359375 0.20370370370370372
1 0.475 0.5675925925925926 0.01875 0.09074074074074075
1 0.5674479166666666 0.6041666666666667 0.024479166666666666 0.14907407407407408
1 0.6364583333333333 0.6444444444444445 0.04375 0.20555555555555557
1 0.9611979166666667 0.5986111111111111 0.025520833333333333 0.13796296296296298
