1 0.010416666666666666 0.5430555555555556 0.020833333333333332 0.15092592592592594
1 0.10833333333333334 0.5287037037037037 0.017708333333333333 0.13703703703703704
1 0.28072916666666664 0.5430555555555556 0.017708333333333333 0.1287037037037037
1 0.3015625 0.5226851851851853 0.014583333333333334 0.09537037037037037
1 0.3078125 0.6365740740740741 0.05625 0.2138888888888889
1 0.459375 0.5712962962962963 0.026041666666666668 0.13333333333333333
1 0.6033854166666667 0.5851851851851853 0.0359375 0.15
1 0.6575520833333334 0.6199074074074075 0.0328125 0.16203703703703703
1 0.6515625 0.5615740740740741 0.017708333333333333 0.09537037037037037
1 0.7106770833333333 0.5615740740740741 0.024479166666666666 0.11388888888888889
1 0.8513020833333333 0.5615740740740741 0.019270833333333334 0.11388888888888889
1 0.9135416666666667 0.5888888888888889 0.035416666666666666 0.11481481481481481
0 0.8669270833333333 0.6277777777777778 0.019270833333333334 0.037037037037037035
