1 0.6010416666666667 0.6092592592592593 0.04895833333333333 0.18333333333333335
1 0.5309895833333333 0.5675925925925926 0.019270833333333334 0.08703703703703704
1 0.5294270833333333 0.675462962962963 0.06927083333333334 0.1712962962962963
1 0.48411458333333335 0.5986111111111111 0.04114583333333333 0.1564814814814815
1 0.3625 0.6083333333333334 0.04479166666666667 0.1462962962962963
1 0.29375 0.6490740740740741 0.059375 0.1851851851851852
1 0.234375 0.6074074074074074 0.02395833333333333 0.15555555555555556
1 0.16328125 0.6152777777777778 0.024479166666666666 0.14722222222222223
1 0.11067708333333333 0.7148148148148148 0.0671875 0.3277777777777778
1 0.6739583333333333 0.5907407407407408 0.03333333333333333 0.15
1 0.76015625 0.6050925925925926 0.0421875 0.18611111111111112
