1 0.4205729166666667 0.5587962962962963 0.022395833333333334 0.125
1 0.4471354166666667 0.5375 0.027604166666666666 0.10462962962962963
1 0.6315104166666666 0.525462962962963 0.022395833333333334 0.09722222222222222
1 0.6692708333333334 0.5208333333333334 0.017708333333333333 0.10648148148148148
1 0.6799479166666667 0.5157407407407407 0.011979166666666666 0.08148148148148149
1 0.7309895833333333 0.5199074074074074 0.0265625 0.09351851851851853
1 0.76015625 0.5361111111111111 0.0265625 0.12222222222222223
1 0.7809895833333333 0.513888888888889 0.021354166666666667 0.11666666666666667
1 0.8026041666666667 0.5189814814814815 0.017708333333333333 0.11388888888888889
1 0.8580729166666666 0.5462962962962963 0.027604166666666666 0.12592592592592594
1 0.8721354166666666 0.524537037037037 0.018229166666666668 0.10648148148148148
1 0.9578125 0.5240740740740741 0.026041666666666668 0.11296296296296297
