1 0.27630208333333334 0.5226851851851853 0.0203125 0.08796296296296297
1 0.26015625 0.5351851851851852 0.0234375 0.12037037037037038
1 0.21041666666666667 0.5319444444444444 0.015625 0.10092592592592593
1 0.228125 0.5513888888888889 0.027083333333333334 0.1398148148148148
1 0.11067708333333333 0.5481481481481482 0.0203125 0.15
1 0.13255208333333332 0.5277777777777778 0.025520833333333333 0.10555555555555556
1 0.08645833333333333 0.6333333333333333 0.07291666666666667 0.1925925925925926
1 0.44947916666666665 0.5773148148148148 0.03229166666666666 0.14907407407407408
1 0.496875 0.5324074074074074 0.019791666666666666 0.08703703703703704
1 0.45338541666666665 0.5078703703703704 0.024479166666666666 0.062037037037037036
1 0.52265625 0.5305555555555556 0.024479166666666666 0.08703703703703704
1 0.5786458333333333 0.5393518518518519 0.025 0.11574074074074074
1 0.7986979166666667 0.5148148148148148 0.0171875 0.07222222222222223
1 0.8955729166666666 0.5606481481481481 0.022395833333333334 0.11574074074074074
