1 0.68125 0.5694444444444444 0.028125 0.11851851851851852
0 0.6692708333333334 0.6171296296296297 0.011458333333333333 0.026851851851851852
1 0.5083333333333333 0.5675925925925926 0.03125 0.12962962962962962
1 0.44375 0.5745370370370371 0.030208333333333334 0.1398148148148148
1 0.2622395833333333 0.5439814814814815 0.009895833333333333 0.09907407407407408
1 0.24817708333333333 0.5652777777777778 0.024479166666666666 0.14166666666666666
1 0.22265625 0.5375 0.0203125 0.10462962962962963
1 0.16302083333333334 0.5587962962962963 0.029166666666666667 0.13240740740740742
1 0.03671875 0.5791666666666667 0.0421875 0.16944444444444445
1 0.96484375 0.5731481481481482 0.03802083333333333 0.12592592592592594
