1 0.053906249999999996 0.5657407407407408 0.0234375 0.11481481481481481
1 0.22473958333333333 0.5564814814814815 0.033854166666666664 0.11666666666666667
1 0.26510416666666664 0.5555555555555556 0.015625 0.11851851851851852
1 0.3026041666666667 0.5444444444444445 0.0125 0.11481481481481481
1 0.3143229166666667 0.5680555555555555 0.0109375 0.1398148148148148
1 0.3341145833333333 0.5462962962962963 0.025520833333333333 0.12592592592592594
1 0.4471354166666667 0.5620370370370371 0.0234375 0.12222222222222223
1 0.6497395833333334 0.5675925925925926 0.021354166666666667 0.11111111111111112
1 0.91171875 0.5773148148148148 0.025520833333333333 0.11018518518518519
1 0.7981770833333334 0.5259259259259259 0.022395833333333334 0.07037037037037037
0 0.5981770833333333 0.6064814814814815 0.021354166666666667 0.044444444444444446
