1 0.15885416666666666 0.5296296296296297 0.011458333333333333 0.11296296296296297
1 0.13854166666666667 0.5546296296296297 0.027083333333333334 0.15185185185185185
1 0.03567708333333333 0.6375000000000001 0.06510416666666667 0.21944444444444444
1 0.1828125 0.538425925925926 0.026041666666666668 0.10648148148148148
1 0.25729166666666664 0.5356481481481482 0.019791666666666666 0.1287037037037037
1 0.23489583333333333 0.5550925925925926 0.03333333333333333 0.14722222222222223
1 0.4471354166666667 0.587037037037037 0.0328125 0.1462962962962963
1 0.45598958333333334 0.5162037037037037 0.011979166666666666 0.06944444444444445
1 0.48020833333333335 0.5439814814814815 0.019791666666666666 0.10648148148148148
1 0.5125 0.5217592592592593 0.03125 0.10092592592592593
1 0.5723958333333333 0.5449074074074074 0.03229166666666666 0.10462962962962963
1 0.8932291666666666 0.562962962962963 0.03333333333333333 0.12407407407407407
