1 0.24010416666666667 0.5638888888888889 0.014583333333333334 0.11481481481481481
1 0.2640625 0.612037037037037 0.04895833333333333 0.16481481481481483
1 0.3424479166666667 0.5597222222222222 0.03802083333333333 0.09907407407407408
1 0.4979166666666667 0.600925925925926 0.04479166666666667 0.16111111111111112
1 0.5317708333333333 0.5939814814814816 0.042708333333333334 0.14351851851851852
1 0.5916666666666667 0.587962962962963 0.030208333333333334 0.14814814814814814
1 0.98515625 0.5810185185185185 0.024479166666666666 0.13055555555555556
1 0.18828125 0.549074074074074 0.0234375 0.11296296296296297
1 0.12526041666666665 0.6152777777777778 0.05364583333333333 0.14722222222222223
1 0.08151041666666667 0.5550925925925926 0.024479166666666666 0.10462962962962963
1 0.0546875 0.6393518518518518 0.04479166666666667 0.1527777777777778
