1 0.030729166666666665 0.5509259259259259 0.04375 0.17037037037037037
1 0.09583333333333333 0.5314814814814816 0.029166666666666667 0.11666666666666667
1 0.1671875 0.5365740740740741 0.028125 0.13425925925925927
1 0.20130208333333333 0.549074074074074 0.028645833333333332 0.14444444444444446
1 0.2934895833333333 0.6296296296296297 0.06822916666666666 0.21851851851851853
1 0.3223958333333333 0.549074074074074 0.029166666666666667 0.13518518518518519
1 0.42473958333333334 0.5953703703703704 0.0390625 0.16666666666666669
1 0.42343749999999997 0.5189814814814815 0.028125 0.075
1 0.46015625 0.5305555555555556 0.0203125 0.10740740740740741
1 0.4875 0.5277777777777778 0.030208333333333334 0.10555555555555556
1 0.5299479166666666 0.5402777777777777 0.0234375 0.12685185185185185
1 0.7981770833333334 0.5189814814814815 0.018229166666666668 0.0712962962962963
1 0.8270833333333333 0.5620370370370371 0.03125 0.11851851851851852
