1 0.3765625 0.6092592592592593 0.03958333333333333 0.15555555555555556
1 0.5049479166666666 0.6152777777777778 0.03802083333333333 0.17500000000000002
1 0.52890625 0.5722222222222223 0.021354166666666667 0.11296296296296297
1 0.62578125 0.6092592592592593 0.04739583333333333 0.17037037037037037
1 0.6979166666666666 0.5935185185185186 0.05 0.16296296296296298
1 0.7684895833333333 0.6013888888888889 0.04635416666666667 0.1787037037037037
1 0.5747395833333333 0.6675925925925926 0.05677083333333333 0.22592592592592595
1 0.31328125 0.6560185185185186 0.06510416666666667 0.2175925925925926
1 0.20364583333333333 0.6148148148148148 0.029166666666666667 0.15185185185185185
1 0.1828125 0.7324074074074074 0.06875 0.3092592592592593
1 0.13125 0.6226851851851852 0.026041666666666668 0.1675925925925926
1 0.06927083333333334 0.7953703703703704 0.13645833333333332 0.3962962962962963
0 0.22526041666666666 0.5180555555555556 0.021354166666666667 0.03425925925925926
