1 0.20364583333333333 0.5171296296296296 0.015625 0.06018518518518519
1 0.21276041666666667 0.5606481481481481 0.022395833333333334 0.11203703703703705
1 0.18125 0.5606481481481481 0.029166666666666667 0.13611111111111113
1 0.24166666666666667 0.6111111111111112 0.05625 0.16666666666666669
1 0.27760416666666665 0.5439814814814815 0.03125 0.13425925925925927
1 0.4393229166666667 0.549074074074074 0.0234375 0.12037037037037038
1 0.46901041666666665 0.5305555555555556 0.0203125 0.10370370370370371
1 0.5377604166666666 0.55 0.019270833333333334 0.11481481481481481
1 0.890625 0.5620370370370371 0.026041666666666668 0.11851851851851852
1 0.7942708333333334 0.5041666666666667 0.0125 0.05462962962962963
1 0.8083333333333333 0.5069444444444444 0.015625 0.06018518518518519
