1 0.11796875 0.5578703703703703 0.019270833333333334 0.05648148148148149
1 0.13072916666666667 0.6870370370370371 0.058333333333333334 0.2796296296296296
1 0.07213541666666666 0.5995370370370371 0.034895833333333334 0.1212962962962963
1 0.17161458333333332 0.5842592592592593 0.025520833333333333 0.12407407407407407
1 0.196875 0.5694444444444444 0.017708333333333333 0.10370370370370371
0 0.21536458333333333 0.6148148148148148 0.019270833333333334 0.03518518518518519
1 0.29140625 0.5986111111111111 0.0390625 0.14166666666666666
1 0.33359375 0.5546296296296297 0.0203125 0.11296296296296297
1 0.35546875 0.5569444444444445 0.021354166666666667 0.1398148148148148
1 0.43463541666666666 0.5472222222222223 0.021354166666666667 0.08518518518518518
1 0.44114583333333335 0.6925925925925926 0.06041666666666667 0.26851851851851855
1 0.67890625 0.5351851851851852 0.0140625 0.08518518518518518
1 0.70234375 0.5745370370370371 0.04114583333333333 0.14722222222222223
