1 0.6934895833333333 0.6662037037037037 0.03697916666666667 0.14166666666666666
1 0.465625 0.7074074074074075 0.04895833333333333 0.2814814814814815
1 0.45677083333333335 0.6537037037037037 0.027083333333333334 0.15555555555555556
1 0.39609375 0.6328703703703704 0.0265625 0.10462962962962963
1 0.42864583333333334 0.6231481481481481 0.015625 0.07407407407407407
1 0.30833333333333335 0.6324074074074074 0.016666666666666666 0.08888888888888889
1 0.30026041666666664 0.6282407407407408 0.021354166666666667 0.10092592592592593
1 0.278125 0.6208333333333333 0.016666666666666666 0.08981481481481482
1 0.25677083333333334 0.6180555555555556 0.020833333333333332 0.075
1 0.20625 0.6402777777777778 0.026041666666666668 0.13611111111111113
1 0.18125 0.6189814814814815 0.015625 0.07314814814814816
1 0.14869791666666665 0.6189814814814815 0.013020833333333334 0.08611111111111111
1 0.03125 0.6273148148148149 0.029166666666666667 0.09907407407407408
