1 0.27447916666666666 0.4537037037037037 0.030208333333333334 0.15185185185185185
1 0.17786458333333333 0.6722222222222223 0.18177083333333333 0.6537037037037037
1 0.35078125 0.4287037037037037 0.0328125 0.15185185185185185
1 0.3984375 0.4537037037037037 0.040625 0.20185185185185187
1 0.43072916666666666 0.4236111111111111 0.029166666666666667 0.13425925925925927
1 0.6135416666666667 0.4189814814814815 0.027083333333333334 0.14722222222222223
1 0.6520833333333333 0.4277777777777778 0.04583333333333333 0.2111111111111111
1 0.7736979166666667 0.4240740740740741 0.0671875 0.20740740740740743
1 0.8854166666666666 0.36574074074074076 0.03125 0.12962962962962962
1 0.9609375 0.3703703703703704 0.030208333333333334 0.16296296296296298
