0 0.6666666666666666 0.7319444444444445 0.010416666666666666 0.019444444444444445
1 0.7018229166666666 0.6930555555555555 0.022395833333333334 0.10092592592592593
1 0.6138020833333333 0.7314814814814815 0.03697916666666667 0.19814814814814816
1 0.46015625 0.7092592592592593 0.0359375 0.1537037037037037
1 0.4140625 0.6949074074074074 0.03125 0.13611111111111113
1 0.21432291666666667 0.6662037037037037 0.019270833333333334 0.09537037037037037
1 0.19088541666666667 0.6703703703703704 0.021354166666666667 0.10740740740740741
1 0.13255208333333332 0.6865740740740741 0.0390625 0.1398148148148148
1 0.07760416666666667 0.6870370370370371 0.030208333333333334 0.14814814814814814
1 0.04791666666666666 0.6731481481481482 0.017708333333333333 0.12037037037037038
