0 0.4010416666666667 0.6736111111111112 0.0125 0.026851851851851852
1 0.50234375 0.7115740740740741 0.0671875 0.26203703703703707
1 0.56796875 0.6412037037037037 0.021354166666666667 0.11388888888888889
1 0.4973958333333333 0.6606481481481482 0.028125 0.14166666666666666
1 0.4200520833333333 0.6375000000000001 0.021354166666666667 0.10648148148148148
1 0.35572916666666665 0.6523148148148148 0.029166666666666667 0.13611111111111113
1 0.284375 0.6370370370370371 0.029166666666666667 0.11851851851851852
1 0.24661458333333333 0.6328703703703704 0.034895833333333334 0.10092592592592593
1 0.2622395833333333 0.6296296296296297 0.0234375 0.09814814814814815
1 0.15104166666666666 0.6342592592592593 0.015625 0.07777777777777778
1 0.1109375 0.6532407407407408 0.030208333333333334 0.13425925925925927
1 0.07317708333333334 0.637962962962963 0.0234375 0.12037037037037038
1 0.09479166666666666 0.6226851851851852 0.015625 0.10092592592592593
1 0.12630208333333334 0.6236111111111111 0.0203125 0.09907407407407408
