1 0.8356770833333333 0.5944444444444444 0.050520833333333334 0.20370370370370372
1 0.8015625 0.5625 0.025 0.1287037037037037
1 0.7309895833333333 0.5564814814814815 0.0265625 0.11666666666666667
1 0.703125 0.5513888888888889 0.027083333333333334 0.09722222222222222
1 0.46796875 0.5481481481481482 0.0203125 0.07962962962962963
1 0.4348958333333333 0.5393518518518519 0.016666666666666666 0.08611111111111111
1 0.3221354166666667 0.5518518518518519 0.033854166666666664 0.12222222222222223
1 0.2484375 0.5430555555555556 0.027083333333333334 0.10092592592592593
1 0.18515625 0.5509259259259259 0.0328125 0.11296296296296297
1 0.13828125 0.5773148148148148 0.03697916666666667 0.14907407407407408
0 0.4296875 0.5800925925925926 0.013541666666666667 0.030555555555555558
