1 0.63125 0.6995370370370371 0.03333333333333333 0.1953703703703704
1 0.5455729166666666 0.6851851851851852 0.025520833333333333 0.15185185185185185
1 0.40182291666666664 0.6402777777777778 0.022395833333333334 0.10092592592592593
1 0.36354166666666665 0.6643518518518519 0.029166666666666667 0.14537037037037037
1 0.23619791666666667 0.6287037037037038 0.0203125 0.08888888888888889
1 0.20651041666666667 0.6462962962962964 0.021354166666666667 0.1277777777777778
1 0.19505208333333332 0.6296296296296297 0.019270833333333334 0.10740740740740741
1 0.06979166666666667 0.6375000000000001 0.030208333333333334 0.14166666666666666
1 0.016927083333333332 0.65 0.021354166666666667 0.15555555555555556
1 0.8440104166666667 0.6819444444444445 0.024479166666666666 0.09907407407407408
0 0.7932291666666667 0.7171296296296297 0.014583333333333334 0.028703703703703703
