0 0.9041666666666667 0.5208333333333334 0.016666666666666666 0.04537037037037037
0 0.93984375 0.6569444444444444 0.027604166666666666 0.05648148148148149
1 0.8916666666666666 0.4564814814814815 0.04375 0.1962962962962963
1 0.79296875 0.4013888888888889 0.0234375 0.11203703703703705
1 0.7361979166666667 0.41111111111111115 0.0234375 0.12037037037037038
1 0.6877604166666667 0.4041666666666667 0.0234375 0.06018518518518519
1 0.63203125 0.40324074074074073 0.0234375 0.09351851851851853
1 0.5763020833333333 0.4046296296296297 0.022395833333333334 0.11851851851851852
1 0.5393229166666667 0.42083333333333334 0.0359375 0.13240740740740742
1 0.4432291666666667 0.38981481481481484 0.019791666666666666 0.08888888888888889
1 0.28802083333333334 0.6101851851851852 0.08645833333333333 0.46481481481481485
1 0.32890625 0.4430555555555556 0.024479166666666666 0.16944444444444445
1 0.3104166666666667 0.4013888888888889 0.016666666666666666 0.10833333333333334
1 0.2942708333333333 0.3685185185185185 0.025 0.05
1 0.12343749999999999 0.4027777777777778 0.030208333333333334 0.11851851851851852
1 0.061718749999999996 0.41805555555555557 0.0390625 0.14166666666666666
1 0.020572916666666666 0.4518518518518519 0.025520833333333333 0.20925925925925926
