1 0.6572916666666666 0.6393518518518518 0.029166666666666667 0.11018518518518519
1 0.6177083333333333 0.6550925925925927 0.03125 0.13425925925925927
1 0.45546875 0.7046296296296296 0.0515625 0.2833333333333333
1 0.42083333333333334 0.6375000000000001 0.027083333333333334 0.12685185185185185
1 0.4005208333333333 0.6180555555555556 0.015625 0.10648148148148148
1 0.3716145833333333 0.6226851851851852 0.018229166666666668 0.10092592592592593
1 0.34401041666666665 0.6074074074074074 0.021354166666666667 0.07777777777777778
1 0.2942708333333333 0.6240740740740741 0.025 0.12592592592592594
1 0.26848958333333334 0.6143518518518519 0.024479166666666666 0.09166666666666667
1 0.23385416666666667 0.638425925925926 0.040625 0.13611111111111113
1 0.17786458333333333 0.6226851851851852 0.018229166666666668 0.09351851851851853
0 0.2630208333333333 0.6541666666666667 0.011458333333333333 0.026851851851851852
