1 0.68046875 0.6370370370370371 0.022395833333333334 0.11851851851851852
1 0.65546875 0.6481481481481481 0.0328125 0.14814814814814814
1 0.4640625 0.6995370370370371 0.04583333333333333 0.2935185185185185
1 0.4505208333333333 0.6402777777777778 0.028125 0.13240740740740742
1 0.40963541666666664 0.625462962962963 0.024479166666666666 0.13425925925925927
1 0.3794270833333333 0.6041666666666667 0.0265625 0.09537037037037037
1 0.34088541666666666 0.6101851851851852 0.034895833333333334 0.09444444444444444
1 0.31145833333333334 0.6287037037037038 0.028125 0.10925925925925926
1 0.2825520833333333 0.6129629629629629 0.025520833333333333 0.08888888888888889
1 0.2375 0.6333333333333333 0.030208333333333334 0.12962962962962962
1 0.19296875 0.6171296296296297 0.0328125 0.08981481481481482
1 0.0234375 0.6199074074074075 0.029166666666666667 0.11018518518518519
