1 0.8533854166666667 0.6074074074074074 0.03697916666666667 0.19814814814814816
1 0.884375 0.5828703703703704 0.027083333333333334 0.14166666666666666
1 0.7192708333333333 0.5722222222222223 0.030208333333333334 0.11666666666666667
1 0.6705729166666666 0.5694444444444444 0.0359375 0.11111111111111112
1 0.46171875 0.5574074074074075 0.0234375 0.07962962962962963
1 0.47734375 0.5546296296296297 0.0234375 0.08518518518518518
1 0.35703125 0.5597222222222222 0.0265625 0.11018518518518519
1 0.3411458333333333 0.5550925925925926 0.015625 0.09351851851851853
1 0.2869791666666667 0.5587962962962963 0.028125 0.09722222222222222
1 0.21979166666666666 0.5527777777777778 0.026041666666666668 0.11296296296296297
1 0.10494791666666667 0.5481481481481482 0.022395833333333334 0.09074074074074075
1 0.053125 0.5569444444444445 0.030208333333333334 0.11203703703703705
