1 0.7651041666666667 0.6773148148148148 0.034375 0.14722222222222223
1 0.6901041666666666 0.6518518518518519 0.020833333333333332 0.11666666666666667
1 0.5109375 0.712037037037037 0.053125 0.28703703703703703
1 0.4622395833333333 0.6527777777777778 0.024479166666666666 0.12962962962962962
1 0.42682291666666666 0.6314814814814815 0.025520833333333333 0.09444444444444444
1 0.3229166666666667 0.6347222222222223 0.026041666666666668 0.10462962962962963
1 0.2869791666666667 0.6277777777777778 0.020833333333333332 0.08333333333333334
1 0.18958333333333333 0.6240740740740741 0.020833333333333332 0.08333333333333334
1 0.14348958333333334 0.6472222222222223 0.034895833333333334 0.12962962962962962
1 0.15911458333333334 0.6245370370370371 0.021354166666666667 0.10092592592592593
1 0.07994791666666666 0.625925925925926 0.025520833333333333 0.08703703703703704
