1 0.24609375 0.38333333333333336 0.04739583333333333 0.16481481481481483
1 0.31875 0.3578703703703704 0.042708333333333334 0.13425925925925927
1 0.36432291666666666 0.38101851851851853 0.050520833333333334 0.21203703703703705
1 0.4028645833333333 0.33564814814814814 0.03802083333333333 0.1398148148148148
1 0.615625 0.32685185185185184 0.040625 0.16111111111111112
1 0.6716145833333333 0.33611111111111114 0.049479166666666664 0.2388888888888889
1 0.79140625 0.32083333333333336 0.06927083333333334 0.22314814814814815
1 0.8671875 0.26666666666666666 0.03229166666666666 0.12592592592592594
1 0.9341145833333333 0.26666666666666666 0.03697916666666667 0.15
1 0.07317708333333334 0.6305555555555555 0.13802083333333334 0.7111111111111111
0 0.08098958333333334 0.8277777777777778 0.04114583333333333 0.09074074074074075
