1 0.8559895833333333 0.6152777777777778 0.05260416666666667 0.2101851851851852
1 0.7236979166666666 0.5805555555555556 0.027604166666666666 0.12037037037037038
1 0.6822916666666666 0.5722222222222223 0.03958333333333333 0.10925925925925926
1 0.4796875 0.5625 0.026041666666666668 0.09351851851851853
1 0.34401041666666665 0.5745370370370371 0.0234375 0.10833333333333334
1 0.31614583333333335 0.5625 0.01875 0.09351851851851853
1 0.2875 0.5712962962962963 0.03125 0.09444444444444444
1 0.21302083333333333 0.5685185185185185 0.026041666666666668 0.12407407407407407
1 0.08151041666666667 0.5569444444444445 0.03177083333333333 0.09722222222222222
1 0.029427083333333333 0.5666666666666667 0.021354166666666667 0.11666666666666667
