0 0.14869791666666665 0.7472222222222222 0.03177083333333333 0.07777777777777778
1 0.17734375 0.5268518518518519 0.20052083333333334 0.6462962962962964
1 0.3302083333333333 0.3027777777777778 0.042708333333333334 0.15925925925925927
1 0.38515625 0.287962962962963 0.03802083333333333 0.1537037037037037
1 0.4302083333333333 0.2638888888888889 0.01875 0.12037037037037038
1 0.45208333333333334 0.3074074074074074 0.03333333333333333 0.20740740740740743
1 0.49635416666666665 0.27175925925925926 0.026041666666666668 0.1398148148148148
1 0.734375 0.2490740740740741 0.042708333333333334 0.16481481481481483
1 0.84140625 0.2638888888888889 0.0640625 0.24074074074074076
1 0.9244791666666666 0.24583333333333335 0.07395833333333333 0.2138888888888889
1 0.975 0.19675925925925927 0.03333333333333333 0.14166666666666666
