1 0.834375 0.6092592592592593 0.04375 0.19814814814814816
1 0.8010416666666667 0.5773148148148148 0.026041666666666668 0.12685185185185185
1 0.7208333333333333 0.575925925925926 0.029166666666666667 0.12407407407407407
1 0.6838541666666667 0.5643518518518519 0.027083333333333334 0.10462962962962963
1 0.453125 0.5620370370370371 0.015625 0.08333333333333334
1 0.43697916666666664 0.5527777777777778 0.01875 0.07407407407407407
1 0.315625 0.5731481481481482 0.027083333333333334 0.12222222222222223
1 0.23046875 0.563425925925926 0.022395833333333334 0.09907407407407408
1 0.20911458333333333 0.563425925925926 0.0203125 0.09166666666666667
1 0.1828125 0.5648148148148149 0.030208333333333334 0.12037037037037038
1 0.06354166666666666 0.5925925925925926 0.06041666666666667 0.1537037037037037
1 0.019791666666666666 0.5578703703703703 0.017708333333333333 0.10648148148148148
0 0.34010416666666665 0.5986111111111111 0.011458333333333333 0.025
