1 0.8268229166666666 0.5356481481481482 0.021354166666666667 0.10462962962962963
1 0.8041666666666667 0.5453703703703704 0.028125 0.12407407407407407
1 0.7466145833333333 0.5574074074074075 0.0359375 0.12222222222222223
1 0.68359375 0.5324074074074074 0.021354166666666667 0.06851851851851852
1 0.66875 0.5546296296296297 0.034375 0.12407407407407407
1 0.6151041666666667 0.5527777777777778 0.026041666666666668 0.11296296296296297
1 0.5971354166666667 0.5277777777777778 0.0171875 0.08148148148148149
1 0.5760416666666667 0.5833333333333334 0.03229166666666666 0.16481481481481483
1 0.5463541666666667 0.5287037037037037 0.017708333333333333 0.09074074074074075
1 0.51875 0.5217592592592593 0.026041666666666668 0.09351851851851853
1 0.4359375 0.5236111111111111 0.02395833333333333 0.10462962962962963
1 0.41744791666666664 0.5509259259259259 0.0265625 0.12407407407407407
1 0.38645833333333335 0.5402777777777777 0.028125 0.11018518518518519
1 0.22317708333333333 0.5625 0.034895833333333334 0.15092592592592594
1 0.17005208333333333 0.5337962962962963 0.033854166666666664 0.10092592592592593
1 0.029947916666666668 0.5861111111111111 0.049479166666666664 0.19444444444444445
0 0.66484375 0.5986111111111111 0.022395833333333334 0.032407407407407406
0 0.9432291666666667 0.7967592592592593 0.030208333333333334 0.05648148148148149
