0 0.515625 0.6439814814814815 0.014583333333333334 0.02314814814814815
1 0.6848958333333334 0.6625 0.046875 0.21944444444444444
1 0.63359375 0.6180555555555556 0.03177083333333333 0.10648148148148148
1 0.5473958333333333 0.6092592592592593 0.03333333333333333 0.0962962962962963
1 0.4622395833333333 0.6277777777777778 0.0265625 0.12592592592592594
1 0.4830729166666667 0.6231481481481481 0.0234375 0.12037037037037038
1 0.2786458333333333 0.6013888888888889 0.027083333333333334 0.09722222222222222
1 0.24036458333333333 0.6032407407407407 0.024479166666666666 0.09351851851851853
1 0.18723958333333332 0.6023148148148149 0.025520833333333333 0.10277777777777779
1 0.14375 0.6162037037037037 0.03229166666666666 0.13055555555555556
1 0.0609375 0.6208333333333333 0.030208333333333334 0.13240740740740742
1 0.02109375 0.625925925925926 0.0265625 0.16481481481481483
