0 0.896875 0.7171296296296297 0.03125 0.06018518518518519
0 0.7776041666666667 0.5638888888888889 0.014583333333333334 0.037037037037037035
1 0.8005208333333333 0.5143518518518518 0.03125 0.14722222222222223
1 0.8065104166666667 0.4671296296296297 0.0234375 0.10092592592592593
1 0.6546875 0.46111111111111114 0.015625 0.07962962962962963
1 0.6369791666666667 0.47222222222222227 0.027083333333333334 0.11481481481481481
1 0.5729166666666666 0.4527777777777778 0.015625 0.07962962962962963
1 0.5518229166666666 0.4800925925925926 0.0265625 0.13425925925925927
1 0.5197916666666667 0.513888888888889 0.028125 0.19444444444444445
1 0.48359375 0.4625 0.024479166666666666 0.10648148148148148
1 0.4005208333333333 0.48333333333333334 0.03125 0.12407407407407407
1 0.378125 0.4587962962962963 0.017708333333333333 0.10277777777777779
1 0.3026041666666667 0.4666666666666667 0.030208333333333334 0.12222222222222223
1 0.16927083333333334 0.4861111111111111 0.03229166666666666 0.1574074074074074
1 0.04739583333333333 0.45787037037037037 0.026041666666666668 0.10833333333333334
