0 0.9239583333333333 0.7537037037037038 0.030208333333333334 0.08333333333333334
0 0.6346354166666667 0.5439814814814815 0.018229166666666668 0.028703703703703703
1 0.81328125 0.5023148148148149 0.025520833333333333 0.10462962962962963
1 0.73203125 0.5189814814814815 0.033854166666666664 0.13055555555555556
1 0.66875 0.4967592592592593 0.01875 0.07314814814814816
1 0.6427083333333333 0.4916666666666667 0.029166666666666667 0.08703703703703704
1 0.58828125 0.5064814814814815 0.019270833333333334 0.1277777777777778
1 0.5736979166666667 0.5060185185185185 0.0078125 0.09722222222222222
1 0.5567708333333333 0.4962962962962963 0.01875 0.08518518518518518
1 0.53203125 0.5560185185185186 0.0390625 0.18796296296296297
1 0.49973958333333335 0.48888888888888893 0.021354166666666667 0.0925925925925926
1 0.42994791666666665 0.4847222222222222 0.022395833333333334 0.09722222222222222
1 0.3984375 0.5083333333333333 0.027083333333333334 0.12407407407407407
1 0.3653645833333333 0.5125000000000001 0.025520833333333333 0.14351851851851852
1 0.17447916666666666 0.5148148148148148 0.027083333333333334 0.1574074074074074
1 0.11302083333333333 0.48703703703703705 0.029166666666666667 0.12037037037037038
