1 0.69453125 0.712037037037037 0.05677083333333333 0.24074074074074076
1 0.6330729166666667 0.6578703703703704 0.034895833333333334 0.11574074074074074
1 0.5127604166666666 0.6694444444444445 0.022395833333333334 0.13518518518518519
1 0.5265625 0.6462962962962964 0.026041666666666668 0.11296296296296297
1 0.4783854166666667 0.662962962962963 0.025520833333333333 0.12592592592592594
1 0.32057291666666665 0.6402777777777778 0.030729166666666665 0.10092592592592593
1 0.26796875 0.6430555555555556 0.025520833333333333 0.10277777777777779
1 0.221875 0.6393518518518518 0.028125 0.09166666666666667
1 0.18567708333333333 0.6537037037037037 0.03177083333333333 0.12037037037037038
1 0.11901041666666666 0.6597222222222222 0.025520833333333333 0.14351851851851852
1 0.08932291666666667 0.6509259259259259 0.024479166666666666 0.11481481481481481
1 0.03567708333333333 0.6351851851851852 0.024479166666666666 0.11851851851851852
