1 0.85390625 0.6208333333333333 0.022395833333333334 0.09722222222222222
1 0.7135416666666666 0.6287037037037038 0.0125 0.10555555555555556
1 0.7013020833333333 0.611574074074074 0.0140625 0.062037037037037036
1 0.6807291666666666 0.662962962962963 0.03125 0.1574074074074074
1 0.6557291666666667 0.6453703703703704 0.029166666666666667 0.12962962962962962
1 0.6145833333333334 0.612037037037037 0.029166666666666667 0.07962962962962963
1 0.5244791666666666 0.6819444444444445 0.04791666666666666 0.18425925925925926
1 0.5013020833333334 0.6351851851851852 0.022395833333333334 0.07962962962962963
1 0.46510416666666665 0.6435185185185185 0.030208333333333334 0.11851851851851852
1 0.39427083333333335 0.6449074074074075 0.030208333333333334 0.10648148148148148
1 0.3484375 0.6472222222222223 0.030208333333333334 0.11111111111111112
1 0.24270833333333333 0.6490740740740741 0.025 0.10370370370370371
1 0.21197916666666666 0.6810185185185186 0.03229166666666666 0.15462962962962964
1 0.13463541666666667 0.674537037037037 0.027604166666666666 0.14166666666666666
1 0.10338541666666666 0.7152777777777778 0.0390625 0.18796296296296297
