1 0.8252604166666666 0.5861111111111111 0.0515625 0.19074074074074074
1 0.78359375 0.5625 0.0265625 0.1287037037037037
1 0.73828125 0.5597222222222222 0.0328125 0.11388888888888889
1 0.7145833333333333 0.5458333333333334 0.03229166666666666 0.09907407407407408
1 0.47265625 0.5356481481481482 0.021354166666666667 0.09351851851851853
1 0.4359375 0.5361111111111111 0.026041666666666668 0.07962962962962963
0 0.4309895833333333 0.5694444444444444 0.008854166666666666 0.016666666666666666
1 0.32395833333333335 0.5537037037037037 0.03229166666666666 0.11851851851851852
1 0.2640625 0.5324074074074074 0.025 0.11111111111111112
1 0.20911458333333333 0.5657407407407408 0.05364583333333333 0.15
1 0.18619791666666666 0.5421296296296296 0.027604166666666666 0.12685185185185185
1 0.14869791666666665 0.5393518518518519 0.0265625 0.10092592592592593
