1 0.6677083333333333 0.6694444444444445 0.05 0.20185185185185187
1 0.6356770833333333 0.6208333333333333 0.0203125 0.10462962962962963
1 0.53671875 0.6111111111111112 0.021354166666666667 0.08888888888888889
1 0.4786458333333333 0.6314814814814815 0.028125 0.12222222222222223
1 0.4578125 0.6337962962962963 0.027083333333333334 0.13796296296296298
1 0.26666666666666666 0.6083333333333334 0.016666666666666666 0.09074074074074075
1 0.24375 0.6171296296296297 0.029166666666666667 0.09351851851851853
1 0.1609375 0.6101851851851852 0.027083333333333334 0.11111111111111112
1 0.1390625 0.6226851851851852 0.028125 0.13611111111111113
1 0.06510416666666667 0.6180555555555556 0.030208333333333334 0.14166666666666666
1 0.012760416666666666 0.6342592592592593 0.025520833333333333 0.16296296296296298
0 0.5229166666666667 0.6541666666666667 0.015625 0.02314814814814815
