1 0.73828125 0.7023148148148148 0.025520833333333333 0.10092592592592593
1 0.615625 0.7393518518518519 0.035416666666666666 0.2064814814814815
1 0.48072916666666665 0.7101851851851853 0.03958333333333333 0.14814814814814814
1 0.46041666666666664 0.6671296296296296 0.016666666666666666 0.10092592592592593
1 0.41171874999999997 0.6930555555555555 0.0359375 0.1398148148148148
1 0.21875 0.6569444444444444 0.014583333333333334 0.10277777777777779
1 0.19296875 0.6625 0.0234375 0.10648148148148148
1 0.14739583333333334 0.674074074074074 0.03125 0.12962962962962962
1 0.078125 0.6643518518518519 0.027083333333333334 0.14537037037037037
1 0.04296875 0.6527777777777778 0.025520833333333333 0.11481481481481481
0 0.6895833333333333 0.7375 0.011458333333333333 0.02314814814814815
