1 0.8559895833333333 0.7199074074074074 0.06614583333333333 0.2138888888888889
1 0.621875 0.6490740740740741 0.01875 0.10370370370370371
1 0.59375 0.6467592592592593 0.01875 0.10277777777777779
1 0.5546875 0.663425925925926 0.034375 0.1398148148148148
1 0.496875 0.6527777777777778 0.025 0.11481481481481481
1 0.48020833333333335 0.6356481481481482 0.015625 0.10648148148148148
1 0.4067708333333333 0.6277777777777778 0.020833333333333332 0.09444444444444444
1 0.2596354166666667 0.6347222222222223 0.022395833333333334 0.10462962962962963
1 0.23203125 0.6462962962962964 0.0234375 0.13148148148148148
1 0.20286458333333332 0.6240740740740741 0.0234375 0.07962962962962963
1 0.16822916666666665 0.6287037037037038 0.026041666666666668 0.10555555555555556
1 0.03333333333333333 0.638425925925926 0.03333333333333333 0.13240740740740742
0 0.5234375 0.6800925925925926 0.014583333333333334 0.021296296296296296
