1 0.7283854166666667 0.6708333333333334 0.03697916666666667 0.14166666666666666
1 0.67421875 0.6453703703703704 0.021354166666666667 0.11111111111111112
1 0.4713541666666667 0.7064814814814815 0.06041666666666667 0.29074074074074074
1 0.44479166666666664 0.6435185185185185 0.026041666666666668 0.12222222222222223
1 0.39765625 0.6296296296296297 0.0234375 0.09444444444444444
1 0.42473958333333334 0.6148148148148148 0.0171875 0.07777777777777778
1 0.29661458333333335 0.6245370370370371 0.0203125 0.10462962962962963
1 0.271875 0.6189814814814815 0.013541666666666667 0.06944444444444445
1 0.17057291666666666 0.6208333333333333 0.0234375 0.09351851851851853
1 0.14921875 0.6370370370370371 0.027604166666666666 0.11851851851851852
1 0.13229166666666667 0.6212962962962963 0.016666666666666666 0.08148148148148149
1 0.07526041666666666 0.6134259259259259 0.0234375 0.09722222222222222
