0 0.5260416666666666 0.687962962962963 0.009375 0.02592592592592593
1 0.71015625 0.712962962962963 0.050520833333333334 0.2351851851851852
1 0.6466145833333333 0.6615740740740741 0.03697916666666667 0.11203703703703705
1 0.5625 0.6439814814814815 0.03229166666666666 0.10462962962962963
1 0.50078125 0.6685185185185185 0.021354166666666667 0.12592592592592594
1 0.4934895833333333 0.6481481481481481 0.024479166666666666 0.10925925925925926
1 0.3145833333333333 0.6402777777777778 0.029166666666666667 0.08981481481481482
1 0.2515625 0.6393518518518518 0.027083333333333334 0.09907407407407408
1 0.2622395833333333 0.6356481481481482 0.021354166666666667 0.09537037037037037
1 0.18046875 0.6509259259259259 0.034895833333333334 0.12222222222222223
1 0.08828125 0.6606481481481482 0.0265625 0.14166666666666666
1 0.11119791666666666 0.6333333333333333 0.019270833333333334 0.08333333333333334
