0 0.6044270833333333 0.6430555555555556 0.008854166666666666 0.017592592592592594
1 0.6692708333333334 0.6092592592592593 0.03333333333333333 0.0962962962962963
1 0.63359375 0.6472222222222223 0.049479166666666664 0.1962962962962963
1 0.5143229166666666 0.6078703703703704 0.021354166666666667 0.09907407407407408
1 0.46770833333333334 0.6347222222222223 0.03125 0.14722222222222223
1 0.4471354166666667 0.6148148148148148 0.027604166666666666 0.12407407407407407
1 0.25104166666666666 0.6074074074074074 0.03229166666666666 0.10925925925925926
1 0.2421875 0.5935185185185186 0.016666666666666666 0.07777777777777778
1 0.14661458333333333 0.6226851851851852 0.03802083333333333 0.13240740740740742
1 0.12421875 0.6245370370370371 0.024479166666666666 0.13240740740740742
1 0.10911458333333333 0.6046296296296296 0.021354166666666667 0.11481481481481481
