1 0.2903645833333333 0.6347222222222223 0.1109375 0.5324074074074074
1 0.2546875 0.4652777777777778 0.030208333333333334 0.17500000000000002
1 0.35859375 0.487962962962963 0.025520833333333333 0.2111111111111111
1 0.38776041666666666 0.47500000000000003 0.025520833333333333 0.16296296296296298
1 0.4765625 0.4615740740740741 0.029166666666666667 0.14722222222222223
1 0.5036458333333333 0.4527777777777778 0.019791666666666666 0.12962962962962962
1 0.5260416666666666 0.47685185185185186 0.027083333333333334 0.19814814814814816
1 0.6268229166666667 0.4935185185185185 0.03177083333333333 0.2
1 0.8200520833333333 0.4481481481481482 0.034895833333333334 0.1277777777777778
1 0.9106770833333333 0.4537037037037037 0.04114583333333333 0.17037037037037037
0 0.44140625 0.2587962962962963 0.021354166666666667 0.049074074074074076
