1 0.46171875 0.700462962962963 0.06614583333333333 0.2675925925925926
1 0.496875 0.6375000000000001 0.029166666666666667 0.13425925925925927
1 0.5622395833333333 0.6222222222222222 0.0234375 0.11851851851851852
1 0.40546875 0.6217592592592592 0.03697916666666667 0.11018518518518519
1 0.3385416666666667 0.6347222222222223 0.030208333333333334 0.13611111111111113
1 0.2981770833333333 0.6287037037037038 0.019270833333333334 0.10555555555555556
1 0.28359375 0.612037037037037 0.027604166666666666 0.08703703703703704
1 0.24505208333333334 0.6162037037037037 0.0265625 0.09166666666666667
1 0.13072916666666667 0.6337962962962963 0.029166666666666667 0.14537037037037037
1 0.09270833333333334 0.6152777777777778 0.027083333333333334 0.10833333333333334
1 0.10286458333333333 0.6074074074074074 0.018229166666666668 0.08888888888888889
1 0.1515625 0.6060185185185185 0.01875 0.09537037037037037
0 0.35260416666666666 0.6597222222222222 0.011458333333333333 0.015740740740740743
