0 0.44166666666666665 0.6810185185185186 0.0125 0.026851851851851852
1 0.6044270833333333 0.7152777777777778 0.0765625 0.25092592592592594
1 0.5015625 0.6643518518518519 0.03125 0.14166666666666666
1 0.4627604166666667 0.6361111111111112 0.0234375 0.11666666666666667
1 0.41953124999999997 0.6518518518518519 0.024479166666666666 0.11296296296296297
1 0.28098958333333335 0.6333333333333333 0.024479166666666666 0.09074074074074075
1 0.26458333333333334 0.6375000000000001 0.026041666666666668 0.10648148148148148
1 0.228125 0.6287037037037038 0.019791666666666666 0.07777777777777778
1 0.13411458333333334 0.6402777777777778 0.024479166666666666 0.125
1 0.11458333333333333 0.6430555555555556 0.026041666666666668 0.13055555555555556
1 0.0859375 0.6314814814814815 0.027083333333333334 0.11481481481481481
