1 0.5572916666666666 0.7189814814814816 0.071875 0.25092592592592594
1 0.58046875 0.6537037037037037 0.021354166666666667 0.11296296296296297
1 0.496875 0.6662037037037037 0.027083333333333334 0.14537037037037037
1 0.43359375 0.6412037037037037 0.04114583333333333 0.11388888888888889
1 0.38229166666666664 0.6537037037037037 0.028125 0.12037037037037038
1 0.26953125 0.6462962962962964 0.022395833333333334 0.10925925925925926
1 0.25729166666666664 0.6356481481481482 0.015625 0.10277777777777779
1 0.24270833333333333 0.6314814814814815 0.017708333333333333 0.07592592592592592
1 0.1015625 0.6518518518518519 0.03333333333333333 0.12407407407407407
1 0.07239583333333333 0.6333333333333333 0.027083333333333334 0.11851851851851852
1 0.12734375 0.6314814814814815 0.018229166666666668 0.09074074074074075
0 0.41875 0.6925925925925926 0.015625 0.03888888888888889
