1 0.27578125 0.6476851851851853 0.20989583333333334 0.500925925925926
1 0.29921875 0.44027777777777777 0.04114583333333333 0.125
1 0.38776041666666666 0.4449074074074074 0.021354166666666667 0.14537037037037037
1 0.4145833333333333 0.47222222222222227 0.03958333333333333 0.20740740740740743
1 0.5127604166666666 0.44212962962962965 0.04010416666666666 0.1287037037037037
1 0.58125 0.4430555555555556 0.030208333333333334 0.14907407407407408
1 0.615625 0.46481481481481485 0.042708333333333334 0.1925925925925926
1 0.7109375 0.4712962962962963 0.058333333333333334 0.20925925925925926
1 0.8916666666666666 0.4305555555555556 0.03229166666666666 0.13148148148148148
1 0.9822916666666667 0.4324074074074074 0.034375 0.15555555555555556
