0 0.46380208333333334 0.6763888888888889 0.009895833333333333 0.028703703703703703
1 0.63125 0.7134259259259259 0.06458333333333333 0.25833333333333336
1 0.6122395833333333 0.6421296296296296 0.022395833333333334 0.10833333333333334
1 0.509375 0.6587962962962963 0.03125 0.13796296296296298
1 0.4791666666666667 0.6365740740740741 0.027083333333333334 0.10462962962962963
1 0.44817708333333334 0.6560185185185186 0.027604166666666666 0.11203703703703705
1 0.2942708333333333 0.6328703703703704 0.03333333333333333 0.10092592592592593
1 0.2640625 0.6287037037037038 0.03125 0.10555555555555556
1 0.21328125 0.625925925925926 0.021354166666666667 0.09074074074074075
1 0.16875 0.625925925925926 0.017708333333333333 0.08703703703703704
1 0.15546875 0.6361111111111112 0.0203125 0.12407407407407407
1 0.12057291666666667 0.638425925925926 0.024479166666666666 0.14351851851851852
1 0.08151041666666667 0.6287037037037038 0.0265625 0.11296296296296297
