1 0.6817708333333333 0.6643518518518519 0.029166666666666667 0.13796296296296298
1 0.6921875 0.6453703703703704 0.016666666666666666 0.11111111111111112
1 0.4734375 0.7092592592592593 0.05416666666666667 0.30185185185185187
1 0.4591145833333333 0.6518518518518519 0.022395833333333334 0.13148148148148148
1 0.40781249999999997 0.6226851851851852 0.030208333333333334 0.11203703703703705
1 0.32109375 0.6333333333333333 0.022395833333333334 0.11111111111111112
1 0.30755208333333334 0.6296296296296297 0.022395833333333334 0.09444444444444444
1 0.28880208333333335 0.6175925925925926 0.024479166666666666 0.07962962962962963
1 0.26848958333333334 0.6199074074074075 0.024479166666666666 0.08796296296296297
1 0.228125 0.6412037037037037 0.03333333333333333 0.12685185185185185
1 0.19609375 0.625462962962963 0.0234375 0.10277777777777779
1 0.03567708333333333 0.6337962962962963 0.024479166666666666 0.09907407407407408
