1 0.7966145833333333 0.6800925925925926 0.03697916666666667 0.14907407407407408
1 0.69921875 0.6546296296296297 0.021354166666666667 0.11851851851851852
1 0.5502604166666667 0.7138888888888889 0.0546875 0.27222222222222225
1 0.48125 0.6587962962962963 0.027083333333333334 0.13055555555555556
1 0.453125 0.6351851851851852 0.03125 0.08703703703703704
1 0.3424479166666667 0.6402777777777778 0.03177083333333333 0.10092592592592593
1 0.3028645833333333 0.6305555555555555 0.0234375 0.07777777777777778
1 0.20416666666666666 0.625925925925926 0.026041666666666668 0.08703703703703704
1 0.17421875 0.6319444444444444 0.022395833333333334 0.10277777777777779
1 0.14869791666666665 0.6513888888888889 0.04010416666666666 0.13796296296296298
1 0.08776041666666666 0.6282407407407408 0.03697916666666667 0.10092592592592593
