1 0.6213541666666667 0.638425925925926 0.03125 0.125
1 0.5567708333333333 0.6467592592592593 0.028125 0.14166666666666666
1 0.45390625 0.6953703703703704 0.0484375 0.2814814814814815
1 0.41744791666666664 0.6199074074074075 0.028645833333333332 0.10277777777777779
1 0.384375 0.6324074074074074 0.028125 0.1277777777777778
1 0.36666666666666664 0.6199074074074075 0.028125 0.11388888888888889
1 0.31666666666666665 0.6268518518518519 0.03333333333333333 0.0925925925925926
1 0.2864583333333333 0.6166666666666667 0.013541666666666667 0.07777777777777778
1 0.26171875 0.6074074074074074 0.0203125 0.08518518518518518
1 0.21875 0.6347222222222223 0.034375 0.14722222222222223
1 0.19140625 0.6111111111111112 0.0203125 0.07037037037037037
1 0.09947916666666666 0.6162037037037037 0.015625 0.09907407407407408
