1 0.6921875 0.675462962962963 0.057291666666666664 0.225
1 0.6302083333333334 0.6240740740740741 0.035416666666666666 0.11481481481481481
1 0.5450520833333333 0.612037037037037 0.024479166666666666 0.10740740740740741
1 0.46770833333333334 0.6324074074074074 0.027083333333333334 0.13148148148148148
1 0.47890625 0.6222222222222222 0.022395833333333334 0.11851851851851852
1 0.2864583333333333 0.6092592592592593 0.025 0.0925925925925926
1 0.24296874999999998 0.6092592592592593 0.022395833333333334 0.10925925925925926
1 0.20755208333333333 0.6083333333333334 0.0234375 0.11481481481481481
1 0.15364583333333334 0.6138888888888889 0.030208333333333334 0.12592592592592594
1 0.04505208333333333 0.6305555555555555 0.025520833333333333 0.15925925925925927
1 0.0640625 0.6180555555555556 0.028125 0.13425925925925927
0 0.509375 0.6532407407407408 0.013541666666666667 0.021296296296296296
