0 0.2359375 0.6518518518518519 0.015625 0.03518518518518519
1 0.5799479166666667 0.6268518518518519 0.024479166666666666 0.11666666666666667
1 0.5104166666666666 0.638425925925926 0.029166666666666667 0.13611111111111113
1 0.4393229166666667 0.6898148148148149 0.06614583333333333 0.2814814814814815
1 0.4028645833333333 0.6143518518518519 0.028645833333333332 0.10648148148148148
1 0.3481770833333333 0.6287037037037038 0.0359375 0.12407407407407407
1 0.32395833333333335 0.6041666666666667 0.026041666666666668 0.09907407407407408
1 0.2671875 0.6143518518518519 0.03125 0.09537037037037037
1 0.19635416666666666 0.5962962962962963 0.01875 0.07592592592592592
1 0.16979166666666667 0.6296296296296297 0.029166666666666667 0.1462962962962963
1 0.14583333333333334 0.6129629629629629 0.028125 0.11296296296296297
1 0.13072916666666667 0.6018518518518519 0.025 0.08148148148148149
1 0.016927083333333332 0.6134259259259259 0.0234375 0.09722222222222222
