1 0.9640624999999999 0.6421296296296296 0.029166666666666667 0.17500000000000002
1 0.77578125 0.6800925925925926 0.06510416666666667 0.26203703703703707
1 0.5921875 0.6324074074074074 0.027083333333333334 0.13148148148148148
1 0.615625 0.6078703703703704 0.027083333333333334 0.09907407407407408
1 0.4856770833333333 0.612037037037037 0.0265625 0.11481481481481481
1 0.459375 0.6143518518518519 0.026041666666666668 0.10277777777777779
1 0.42682291666666666 0.6074074074074074 0.025520833333333333 0.08148148148148149
1 0.27109375 0.6212962962962963 0.021354166666666667 0.12037037037037038
1 0.2875 0.6078703703703704 0.019791666666666666 0.09907407407407408
1 0.20651041666666667 0.6111111111111112 0.0234375 0.10555555555555556
1 0.10833333333333334 0.6217592592592592 0.019791666666666666 0.11018518518518519
1 0.08776041666666666 0.6129629629629629 0.0234375 0.10925925925925926
