0 0.7151041666666667 0.7305555555555556 0.013541666666666667 0.02592592592592593
1 0.7723958333333333 0.6967592592592593 0.019791666666666666 0.10833333333333334
1 0.6216145833333333 0.7180555555555556 0.03697916666666667 0.19351851851851853
1 0.5059895833333333 0.6986111111111112 0.03802083333333333 0.1638888888888889
1 0.4510416666666667 0.6657407407407407 0.025 0.10925925925925926
1 0.40729166666666666 0.6837962962962963 0.029166666666666667 0.13796296296296298
1 0.22942708333333334 0.6430555555555556 0.024479166666666666 0.09537037037037037
1 0.196875 0.6472222222222223 0.025 0.10740740740740741
1 0.165625 0.6560185185185186 0.03125 0.1398148148148148
1 0.09166666666666666 0.6490740740740741 0.03125 0.12592592592592594
1 0.03958333333333333 0.6393518518518518 0.034375 0.12314814814814816
