1 0.8434895833333333 0.6541666666666667 0.021354166666666667 0.10462962962962963
1 0.76171875 0.6597222222222222 0.025520833333333333 0.11574074074074074
1 0.7169270833333333 0.6833333333333333 0.034895833333333334 0.15555555555555556
1 0.6919270833333333 0.6518518518518519 0.022395833333333334 0.06666666666666667
1 0.6575520833333334 0.7032407407407407 0.04114583333333333 0.18425925925925926
1 0.6190104166666667 0.6421296296296296 0.024479166666666666 0.08981481481481482
1 0.5825520833333333 0.7023148148148148 0.03697916666666667 0.1824074074074074
1 0.5596354166666666 0.6675925925925926 0.024479166666666666 0.12037037037037038
1 0.5098958333333333 0.6791666666666667 0.028125 0.1398148148148148
1 0.43255208333333334 0.6819444444444445 0.030729166666666665 0.13055555555555556
1 0.39010416666666664 0.6606481481481482 0.030208333333333334 0.10648148148148148
1 0.24661458333333333 0.6944444444444444 0.021354166666666667 0.1277777777777778
1 0.22760416666666666 0.7083333333333334 0.030208333333333334 0.15185185185185185
1 0.20963541666666666 0.6712962962962963 0.019270833333333334 0.10555555555555556
1 0.08255208333333333 0.7453703703703703 0.0515625 0.20555555555555557
0 0.96484375 0.9236111111111112 0.03802083333333333 0.062037037037037036
