1 0.6760416666666667 0.6449074074074075 0.040625 0.10277777777777779
1 0.6205729166666667 0.6870370370370371 0.03697916666666667 0.19074074074074074
1 0.459375 0.6675925925925926 0.028125 0.14814814814814814
1 0.4908854166666667 0.6402777777777778 0.021354166666666667 0.11574074074074074
1 0.4296875 0.6625 0.03125 0.14166666666666666
1 0.21640625 0.6393518518518518 0.0234375 0.10648148148148148
1 0.23020833333333332 0.6356481481481482 0.015625 0.09907407407407408
1 0.13255208333333332 0.6578703703703704 0.034895833333333334 0.13611111111111113
1 0.09166666666666666 0.6541666666666667 0.027083333333333334 0.1398148148148148
1 0.07916666666666666 0.6412037037037037 0.017708333333333333 0.10277777777777779
0 0.6510416666666666 0.6949074074074074 0.0125 0.02314814814814815
