1 0.9802083333333333 0.575925925925926 0.030208333333333334 0.15555555555555556
1 0.78515625 0.6236111111111111 0.0703125 0.25092592592592594
1 0.8153645833333333 0.5587962962962963 0.021354166666666667 0.125
1 0.6234375 0.5712962962962963 0.029166666666666667 0.12962962962962962
1 0.49921875 0.5555555555555556 0.03177083333333333 0.11481481481481481
1 0.4864583333333333 0.5532407407407408 0.016666666666666666 0.09351851851851853
1 0.44036458333333334 0.5523148148148148 0.021354166666666667 0.09537037037037037
1 0.3138020833333333 0.5666666666666667 0.0171875 0.10925925925925926
1 0.2986979166666667 0.5791666666666667 0.033854166666666664 0.13055555555555556
1 0.3216145833333333 0.5560185185185186 0.011979166666666666 0.09537037037037037
1 0.23515624999999998 0.5532407407407408 0.022395833333333334 0.10092592592592593
1 0.14296875 0.5773148148148148 0.022395833333333334 0.09907407407407408
1 0.12838541666666667 0.5680555555555555 0.022395833333333334 0.10092592592592593
1 0.03333333333333333 0.5768518518518518 0.03333333333333333 0.11851851851851852
