0 0.5630208333333333 0.6532407407407408 0.011458333333333333 0.025
1 0.97265625 0.6666666666666667 0.0359375 0.1574074074074074
1 0.7932291666666667 0.687962962962963 0.06145833333333333 0.2240740740740741
1 0.66953125 0.6208333333333333 0.024479166666666666 0.10092592592592593
1 0.6177083333333333 0.6143518518518519 0.03125 0.09166666666666667
1 0.5557291666666666 0.6324074074074074 0.03229166666666666 0.13148148148148148
1 0.46067708333333335 0.6143518518518519 0.025520833333333333 0.10277777777777779
1 0.3859375 0.6148148148148148 0.027083333333333334 0.11296296296296297
1 0.4140625 0.5944444444444444 0.015625 0.07962962962962963
1 0.23333333333333334 0.612037037037037 0.028125 0.12592592592592594
1 0.23385416666666667 0.5995370370370371 0.027083333333333334 0.10462962962962963
1 0.17838541666666666 0.5967592592592593 0.019270833333333334 0.10277777777777779
1 0.05755208333333333 0.6064814814814815 0.034895833333333334 0.12592592592592594
1 0.01640625 0.5935185185185186 0.022395833333333334 0.11666666666666667
