0 0.5658854166666667 0.6430555555555556 0.009895833333333333 0.021296296296296296
1 0.6466145833333333 0.6564814814814816 0.05260416666666667 0.1962962962962963
1 0.6638020833333333 0.6023148148148149 0.0203125 0.09537037037037037
1 0.52890625 0.600462962962963 0.025520833333333333 0.10277777777777779
1 0.4671875 0.6328703703703704 0.03229166666666666 0.14351851851851852
1 0.45989583333333334 0.6199074074074075 0.017708333333333333 0.12314814814814816
1 0.2713541666666667 0.6111111111111112 0.026041666666666668 0.10555555555555556
1 0.25390625 0.5995370370370371 0.018229166666666668 0.08981481481481482
1 0.12578125 0.6236111111111111 0.0328125 0.13425925925925927
1 0.15 0.6208333333333333 0.029166666666666667 0.13611111111111113
1 0.009375 0.6231481481481481 0.01875 0.16296296296296298
