1 0.8330729166666666 0.5782407407407407 0.022395833333333334 0.10462962962962963
1 0.7791666666666667 0.587962962962963 0.027083333333333334 0.12037037037037038
1 0.7393229166666666 0.6013888888888889 0.025520833333333333 0.15092592592592594
1 0.6872395833333333 0.5800925925925926 0.024479166666666666 0.06944444444444445
1 0.6296875 0.6287037037037038 0.034375 0.15925925925925927
1 0.6015625 0.5800925925925926 0.01875 0.09722222222222222
1 0.5848958333333333 0.6217592592592592 0.026041666666666668 0.1527777777777778
1 0.553125 0.6069444444444445 0.029166666666666667 0.13611111111111113
1 0.5234375 0.5703703703703704 0.016666666666666666 0.07777777777777778
1 0.5026041666666666 0.5861111111111111 0.03333333333333333 0.08518518518518518
1 0.44140625 0.6092592592592593 0.025520833333333333 0.12037037037037038
1 0.42526041666666664 0.5782407407407407 0.018229166666666668 0.08611111111111111
1 0.28854166666666664 0.6111111111111112 0.042708333333333334 0.1277777777777778
1 0.2484375 0.6305555555555555 0.03125 0.15925925925925927
1 0.18671875 0.5967592592592593 0.0265625 0.10648148148148148
1 0.09140625 0.6578703703703704 0.03802083333333333 0.18611111111111112
0 0.9502604166666666 0.8351851851851853 0.03802083333333333 0.07592592592592592
