1 0.8619791666666666 0.5694444444444444 0.013541666666666667 0.09814814814814815
1 0.8026041666666667 0.5587962962962963 0.029166666666666667 0.08981481481481482
1 0.69609375 0.5949074074074074 0.0203125 0.13055555555555556
1 0.6541666666666667 0.5819444444444445 0.026041666666666668 0.11203703703703705
1 0.62578125 0.576388888888889 0.0203125 0.08981481481481482
1 0.57578125 0.5712962962962963 0.021354166666666667 0.07962962962962963
1 0.4947916666666667 0.5953703703703704 0.03125 0.11296296296296297
1 0.46119791666666665 0.6356481481481482 0.03802083333333333 0.18055555555555555
1 0.4049479166666667 0.5921296296296297 0.0203125 0.09722222222222222
1 0.27578125 0.6666666666666667 0.04635416666666667 0.18888888888888888
1 0.25494791666666666 0.6101851851851852 0.024479166666666666 0.12222222222222223
1 0.20130208333333333 0.6023148148148149 0.0265625 0.09537037037037037
0 0.9515625 0.8319444444444445 0.040625 0.06018518518518519
