1 0.88828125 0.5694444444444444 0.0234375 0.10740740740740741
1 0.7763020833333333 0.5694444444444444 0.019270833333333334 0.08333333333333334
1 0.71015625 0.5694444444444444 0.0234375 0.07592592592592592
1 0.678125 0.6032407407407407 0.029166666666666667 0.13240740740740742
1 0.6088541666666667 0.5800925925925926 0.019791666666666666 0.08611111111111111
1 0.5708333333333333 0.5884259259259259 0.025 0.09907407407407408
1 0.52734375 0.5949074074074074 0.0203125 0.10648148148148148
1 0.503125 0.5842592592592593 0.01875 0.08148148148148149
1 0.46171875 0.6412037037037037 0.0390625 0.17685185185185187
1 0.4302083333333333 0.5861111111111111 0.01875 0.08518518518518518
1 0.41354166666666664 0.5958333333333333 0.01875 0.09722222222222222
1 0.27682291666666664 0.6819444444444445 0.0328125 0.18425925925925926
1 0.26458333333333334 0.625925925925926 0.014583333333333334 0.12592592592592594
1 0.22265625 0.6143518518518519 0.0203125 0.10277777777777779
0 0.9578125 0.837037037037037 0.034375 0.07962962962962963
