1 0.8877604166666666 0.5791666666666667 0.0265625 0.09166666666666667
1 0.7315104166666666 0.5861111111111111 0.025520833333333333 0.08518518518518518
1 0.7125 0.5810185185185185 0.016666666666666666 0.06759259259259259
1 0.69140625 0.5967592592592593 0.0234375 0.10277777777777779
1 0.6604166666666667 0.6208333333333333 0.03333333333333333 0.14351851851851852
1 0.5911458333333334 0.5856481481481481 0.015625 0.06574074074074074
1 0.57421875 0.600462962962963 0.0203125 0.09907407407407408
1 0.5169270833333334 0.6125 0.022395833333333334 0.10277777777777779
1 0.4856770833333333 0.5935185185185186 0.018229166666666668 0.07407407407407407
1 0.46848958333333335 0.6611111111111111 0.0390625 0.16111111111111112
1 0.4421875 0.5828703703703704 0.013541666666666667 0.049074074074074076
1 0.43124999999999997 0.5995370370370371 0.016666666666666666 0.07685185185185185
1 0.4158854166666667 0.612037037037037 0.021354166666666667 0.10740740740740741
1 0.26640625 0.6935185185185185 0.0359375 0.2
1 0.22864583333333333 0.6273148148148149 0.030208333333333334 0.10277777777777779
0 0.9562499999999999 0.8467592592592593 0.029166666666666667 0.06018518518518519
