0 0.9872395833333333 0.8453703703703704 0.022395833333333334 0.07222222222222223
0 0.20208333333333334 0.6555555555555556 0.014583333333333334 0.04259259259259259
1 0.17708333333333334 0.6268518518518519 0.016666666666666666 0.11296296296296297
1 0.8794270833333333 0.5745370370370371 0.011979166666666666 0.09351851851851853
1 0.8630208333333333 0.5643518518518519 0.017708333333333333 0.09351851851851853
1 0.7416666666666667 0.6032407407407407 0.026041666666666668 0.13611111111111113
1 0.7130208333333333 0.5722222222222223 0.015625 0.07037037037037037
1 0.6705729166666666 0.5865740740740741 0.0265625 0.09907407407407408
1 0.6328125 0.5986111111111111 0.030208333333333334 0.11018518518518519
1 0.6020833333333333 0.5833333333333334 0.015625 0.07592592592592592
1 0.4979166666666667 0.5819444444444445 0.013541666666666667 0.06574074074074074
1 0.4830729166666667 0.5972222222222222 0.025520833333333333 0.07777777777777778
1 0.47265625 0.6509259259259259 0.03697916666666667 0.16481481481481483
1 0.45286458333333335 0.6013888888888889 0.009895833333333333 0.07314814814814816
1 0.42421875 0.5916666666666667 0.0203125 0.07037037037037037
1 0.3927083333333333 0.5930555555555556 0.011458333333333333 0.0638888888888889
1 0.384375 0.6180555555555556 0.01875 0.09166666666666667
1 0.25625 0.638425925925926 0.029166666666666667 0.11574074074074074
1 0.2908854166666667 0.6791666666666667 0.04010416666666666 0.1787037037037037
