1 0.8721354166666666 0.5652777777777778 0.024479166666666666 0.10277777777777779
1 0.8424479166666666 0.5560185185185186 0.0234375 0.10277777777777779
1 0.7221354166666667 0.5898148148148148 0.022395833333333334 0.13518518518518519
1 0.7026041666666667 0.5587962962962963 0.014583333333333334 0.06944444444444445
1 0.6565104166666667 0.5657407407407408 0.0140625 0.07592592592592592
1 0.6424479166666667 0.5847222222222223 0.024479166666666666 0.09166666666666667
1 0.58828125 0.5694444444444444 0.019270833333333334 0.08333333333333334
1 0.49583333333333335 0.5851851851851853 0.025 0.07962962962962963
1 0.47291666666666665 0.6333333333333333 0.03958333333333333 0.16481481481481483
1 0.4119791666666667 0.5731481481481482 0.015625 0.06851851851851852
1 0.38958333333333334 0.5884259259259259 0.027083333333333334 0.09907407407407408
1 0.1828125 0.6032407407407407 0.02395833333333333 0.09722222222222222
1 0.2638020833333333 0.6166666666666667 0.022395833333333334 0.12037037037037038
1 0.2908854166666667 0.6615740740740741 0.04010416666666666 0.19351851851851853
0 0.9729166666666667 0.8226851851851852 0.03333333333333333 0.06574074074074074
