1 0.7869791666666667 0.6449074074074075 0.019791666666666666 0.09537037037037037
1 0.7666666666666666 0.6550925925925927 0.017708333333333333 0.09166666666666667
1 0.7403645833333333 0.6657407407407407 0.0234375 0.08518518518518518
1 0.7192708333333333 0.6694444444444445 0.03958333333333333 0.12037037037037038
1 0.6611979166666666 0.65 0.0234375 0.0925925925925926
1 0.6229166666666667 0.65 0.01875 0.08148148148148149
1 0.5825520833333333 0.6685185185185185 0.025520833333333333 0.11111111111111112
1 0.56875 0.65 0.017708333333333333 0.0925925925925926
1 0.5174479166666667 0.6555555555555556 0.0234375 0.08518518518518518
1 0.4973958333333333 0.6726851851851852 0.030208333333333334 0.09537037037037037
1 0.4583333333333333 0.6587962962962963 0.030208333333333334 0.08796296296296297
1 0.3059895833333333 0.7412037037037037 0.0390625 0.18611111111111112
1 0.234375 0.7143518518518519 0.020833333333333332 0.13240740740740742
