1 0.7997395833333333 0.5333333333333333 0.019270833333333334 0.08888888888888889
1 0.7125 0.5527777777777778 0.026041666666666668 0.10925925925925926
1 0.6885416666666666 0.5347222222222222 0.017708333333333333 0.09166666666666667
1 0.6653645833333334 0.5694444444444444 0.025520833333333333 0.1425925925925926
1 0.6145833333333334 0.5907407407407408 0.03333333333333333 0.16481481481481483
1 0.5713541666666666 0.5416666666666667 0.014583333333333334 0.08148148148148149
1 0.540625 0.5481481481481482 0.013541666666666667 0.09074074074074075
1 0.50703125 0.5587962962962963 0.0203125 0.08981481481481482
1 0.4669270833333333 0.5597222222222222 0.022395833333333334 0.11018518518518519
1 0.42864583333333334 0.5402777777777777 0.011458333333333333 0.0638888888888889
1 0.26666666666666666 0.5833333333333334 0.030208333333333334 0.12592592592592594
1 0.23828125 0.5745370370370371 0.0203125 0.10092592592592593
1 0.11302083333333333 0.6402777777777778 0.04479166666666667 0.19722222222222224
0 0.9419270833333333 0.800462962962963 0.034895833333333334 0.05648148148148149
