1 0.9122395833333333 0.638425925925926 0.024479166666666666 0.10462962962962963
1 0.8127604166666667 0.6587962962962963 0.022395833333333334 0.12314814814814816
1 0.74609375 0.6833333333333333 0.04635416666666667 0.15555555555555556
1 0.6940104166666666 0.6416666666666667 0.0109375 0.07962962962962963
1 0.7140625 0.6370370370370371 0.013541666666666667 0.08333333333333334
1 0.5791666666666666 0.6578703703703704 0.016666666666666666 0.09722222222222222
1 0.5635416666666666 0.6851851851851852 0.02395833333333333 0.11666666666666667
1 0.48072916666666665 0.736574074074074 0.034375 0.19166666666666668
1 0.44375 0.663425925925926 0.020833333333333332 0.09722222222222222
1 0.39166666666666666 0.7189814814814816 0.03854166666666667 0.14537037037037037
1 0.3606770833333333 0.700462962962963 0.03697916666666667 0.11203703703703705
1 0.3182291666666667 0.6847222222222222 0.028125 0.10462962962962963
1 0.2953125 0.7287037037037037 0.040625 0.1425925925925926
1 0.240625 0.7555555555555555 0.046875 0.20370370370370372
1 0.10885416666666667 0.7481481481481482 0.026041666666666668 0.17222222222222222
1 0.062239583333333334 0.775 0.03802083333333333 0.20370370370370372
0 0.4192708333333333 0.7384259259259259 0.014583333333333334 0.049074074074074076
