1 0.93359375 0.6277777777777778 0.0265625 0.11111111111111112
1 0.8536458333333333 0.65 0.026041666666666668 0.13518518518518519
1 0.7197916666666666 0.6287037037037038 0.015625 0.05740740740740741
1 0.7388020833333333 0.6773148148148148 0.0359375 0.14722222222222223
1 0.6247395833333333 0.6685185185185185 0.024479166666666666 0.12222222222222223
1 0.5864583333333333 0.65 0.017708333333333333 0.08888888888888889
1 0.46953125 0.6597222222222222 0.0171875 0.09351851851851853
1 0.43307291666666664 0.7425925925925926 0.057812499999999996 0.1962962962962963
1 0.3296875 0.6648148148148149 0.0125 0.08333333333333334
1 0.3372395833333333 0.7231481481481482 0.05260416666666667 0.1574074074074074
1 0.2791666666666667 0.7027777777777778 0.02395833333333333 0.12037037037037038
1 0.2630208333333333 0.7208333333333333 0.03333333333333333 0.14166666666666666
1 0.23385416666666667 0.7162037037037037 0.029166666666666667 0.14722222222222223
1 0.18619791666666666 0.7615740740740741 0.04635416666666667 0.18425925925925926
1 0.06015625 0.7375 0.033854166666666664 0.15092592592592594
