1 0.9817708333333334 0.5643518518518519 0.025 0.09351851851851853
1 0.9119791666666667 0.5819444444444445 0.030208333333333334 0.11203703703703705
1 0.7708333333333334 0.6134259259259259 0.026041666666666668 0.13611111111111113
1 0.7466145833333333 0.5768518518518518 0.013020833333333334 0.07592592592592592
1 0.6809895833333334 0.6032407407407407 0.0234375 0.10092592592592593
1 0.6059895833333333 0.5967592592592593 0.019270833333333334 0.09537037037037037
1 0.5065104166666666 0.5995370370370371 0.019270833333333334 0.07314814814814816
1 0.4674479166666667 0.6694444444444445 0.03697916666666667 0.16296296296296298
1 0.3911458333333333 0.6703703703703704 0.03229166666666666 0.1574074074074074
1 0.30885416666666665 0.6587962962962963 0.03333333333333333 0.12685185185185185
1 0.25677083333333334 0.6828703703703703 0.01875 0.14722222222222223
1 0.23489583333333333 0.6509259259259259 0.015625 0.09444444444444444
1 0.22265625 0.712037037037037 0.049479166666666664 0.19074074074074074
1 0.09947916666666666 0.6800925925925926 0.027083333333333334 0.13055555555555556
1 0.05963541666666666 0.687962962962963 0.03697916666666667 0.12962962962962962
0 0.16770833333333332 0.7287037037037037 0.019791666666666666 0.037037037037037035
