1 0.9375 0.40370370370370373 0.041666666666666664 0.16666666666666669
1 0.79921875 0.36712962962962964 0.0109375 0.10277777777777779
1 0.78359375 0.3763888888888889 0.0203125 0.1287037037037037
1 0.67890625 0.35879629629629634 0.021354166666666667 0.06574074074074074
1 0.63359375 0.35555555555555557 0.0265625 0.08333333333333334
1 0.5877604166666667 0.3611111111111111 0.0203125 0.12037037037037038
1 0.5677083333333334 0.35879629629629634 0.015625 0.10092592592592593
1 0.5411458333333333 0.34814814814814815 0.02395833333333333 0.09074074074074075
1 0.5171875 0.37824074074074077 0.027083333333333334 0.14351851851851852
1 0.46119791666666665 0.35185185185185186 0.0203125 0.08703703703703704
1 0.3671875 0.3819444444444445 0.027083333333333334 0.14722222222222223
1 0.3372395833333333 0.6527777777777778 0.09739583333333333 0.5962962962962963
1 0.3268229166666667 0.33564814814814814 0.0265625 0.062037037037037036
1 0.15598958333333332 0.35324074074074074 0.027604166666666666 0.10462962962962963
1 0.10234375 0.375462962962963 0.0390625 0.14166666666666666
1 0.017708333333333333 0.41111111111111115 0.03125 0.21296296296296297
0 0.928125 0.6245370370370371 0.03125 0.062037037037037036
