1 0.8703124999999999 0.6328703703703704 0.026041666666666668 0.10092592592592593
1 0.7890625 0.6578703703703704 0.027083333333333334 0.1287037037037037
1 0.7411458333333333 0.6782407407407408 0.029166666666666667 0.16574074074074074
1 0.6838541666666667 0.6393518518518518 0.015625 0.0712962962962963
1 0.6690104166666666 0.6509259259259259 0.021354166666666667 0.08703703703703704
1 0.5309895833333333 0.712037037037037 0.03697916666666667 0.19074074074074074
1 0.4671875 0.6712962962962963 0.026041666666666668 0.11296296296296297
1 0.4458333333333333 0.6625 0.0125 0.09166666666666667
1 0.42734374999999997 0.6870370370370371 0.024479166666666666 0.10925925925925926
1 0.26796875 0.6819444444444445 0.0234375 0.10648148148148148
1 0.24947916666666667 0.7532407407407408 0.035416666666666666 0.1824074074074074
1 0.2265625 0.7032407407407407 0.01875 0.14166666666666666
1 0.14583333333333334 0.7356481481481482 0.03958333333333333 0.17500000000000002
1 0.06640625 0.75 0.04114583333333333 0.20370370370370372
