1 0.96328125 0.5189814814814815 0.0234375 0.09537037037037037
1 0.9080729166666667 0.5314814814814816 0.024479166666666666 0.11666666666666667
1 0.7518229166666667 0.5666666666666667 0.0234375 0.12407407407407407
1 0.7130208333333333 0.5393518518518519 0.019791666666666666 0.06574074074074074
1 0.6940104166666666 0.5569444444444445 0.024479166666666666 0.10092592592592593
1 0.5877604166666667 0.5555555555555556 0.0203125 0.07962962962962963
1 0.5065104166666666 0.6064814814814815 0.027604166666666666 0.15
1 0.4890625 0.5560185185185186 0.017708333333333333 0.06018518518518519
1 0.39296875 0.6268518518518519 0.0359375 0.15925925925925927
1 0.3260416666666667 0.6060185185185185 0.016666666666666666 0.09907407407407408
1 0.3104166666666667 0.6236111111111111 0.030208333333333334 0.13796296296296298
1 0.2635416666666667 0.6129629629629629 0.016666666666666666 0.13148148148148148
1 0.24947916666666667 0.6625 0.040625 0.18425925925925926
1 0.1375 0.6370370370370371 0.035416666666666666 0.12222222222222223
