1 0.9236979166666667 0.42083333333333334 0.033854166666666664 0.2064814814814815
1 0.7981770833333334 0.38101851851851853 0.024479166666666666 0.10277777777777779
1 0.7611979166666667 0.3861111111111111 0.0265625 0.12407407407407407
1 0.68125 0.3800925925925926 0.01875 0.07314814814814816
1 0.6361979166666667 0.3763888888888889 0.0234375 0.09351851851851853
1 0.5846354166666666 0.3824074074074074 0.0234375 0.12037037037037038
1 0.55625 0.3773148148148148 0.019791666666666666 0.11018518518518519
1 0.5283854166666666 0.3939814814814815 0.024479166666666666 0.14722222222222223
1 0.45260416666666664 0.36342592592592593 0.028125 0.09537037037037037
1 0.3484375 0.41805555555555557 0.028125 0.17685185185185187
1 0.31276041666666665 0.6208333333333333 0.0953125 0.5287037037037037
1 0.31197916666666664 0.3490740740740741 0.03125 0.07037037037037037
1 0.13802083333333334 0.3712962962962963 0.034375 0.11111111111111112
1 0.08072916666666667 0.39675925925925926 0.04583333333333333 0.14537037037037037
1 0.0171875 0.42685185185185187 0.030208333333333334 0.20555555555555557
0 0.934375 0.6268518518518519 0.03229166666666666 0.07037037037037037
