1 0.7708333333333334 0.5412037037037037 0.016666666666666666 0.07314814814814816
1 0.7484375 0.5444444444444445 0.01875 0.08703703703703704
1 0.7002604166666666 0.5643518518518519 0.021354166666666667 0.10833333333333334
1 0.67890625 0.576388888888889 0.025520833333333333 0.13611111111111113
1 0.65703125 0.5935185185185186 0.03177083333333333 0.15555555555555556
1 0.6221354166666666 0.5481481481481482 0.022395833333333334 0.08333333333333334
1 0.5580729166666667 0.5597222222222222 0.025520833333333333 0.09537037037037037
1 0.5138020833333333 0.5703703703703704 0.0265625 0.11296296296296297
1 0.4744791666666667 0.5745370370370371 0.027083333333333334 0.09722222222222222
1 0.390625 0.5675925925925926 0.019791666666666666 0.07962962962962963
1 0.28854166666666664 0.5972222222222222 0.029166666666666667 0.12037037037037038
1 0.21536458333333333 0.5995370370370371 0.0328125 0.125
1 0.090625 0.6537037037037037 0.046875 0.19074074074074074
0 0.9643229166666667 0.8101851851851852 0.034895833333333334 0.06481481481481481
