1 0.8856770833333333 0.5791666666666667 0.022395833333333334 0.10648148148148148
1 0.7526041666666666 0.6129629629629629 0.030208333333333334 0.13148148148148148
1 0.7236979166666666 0.575925925925926 0.019270833333333334 0.07777777777777778
1 0.6799479166666667 0.6023148148148149 0.019270833333333334 0.11018518518518519
1 0.6200520833333333 0.6092592592592593 0.024479166666666666 0.11666666666666667
1 0.5138020833333333 0.5976851851851852 0.018229166666666668 0.06944444444444445
1 0.4622395833333333 0.6657407407407407 0.03802083333333333 0.15555555555555556
1 0.4348958333333333 0.5907407407407408 0.014583333333333334 0.07222222222222223
1 0.3911458333333333 0.6083333333333334 0.016666666666666666 0.08333333333333334
1 0.37421875 0.6287037037037038 0.025520833333333333 0.10925925925925926
1 0.28463541666666664 0.6939814814814815 0.03697916666666667 0.18055555555555555
1 0.24401041666666667 0.6527777777777778 0.03802083333333333 0.12222222222222223
1 0.1765625 0.6412037037037037 0.029166666666666667 0.10648148148148148
