1 0.9588541666666667 0.5143518518518518 0.02395833333333333 0.09722222222222222
1 0.9122395833333333 0.5342592592592593 0.024479166666666666 0.12222222222222223
1 0.7533854166666667 0.5703703703703704 0.0359375 0.13148148148148148
1 0.6997395833333333 0.5606481481481481 0.024479166666666666 0.10092592592592593
1 0.58203125 0.5527777777777778 0.022395833333333334 0.07407407407407407
1 0.5390625 0.6092592592592593 0.028125 0.14814814814814814
1 0.4864583333333333 0.5736111111111112 0.028125 0.09537037037037037
1 0.38619791666666664 0.5740740740740741 0.0109375 0.08518518518518518
1 0.40859375 0.6268518518518519 0.033854166666666664 0.15555555555555556
1 0.3575520833333333 0.612037037037037 0.03697916666666667 0.13333333333333333
1 0.29765625 0.6180555555555556 0.03177083333333333 0.12685185185185185
1 0.24947916666666667 0.6675925925925926 0.03854166666666667 0.17407407407407408
1 0.153125 0.6351851851851852 0.03333333333333333 0.11481481481481481
1 0.11119791666666666 0.6287037037037038 0.027604166666666666 0.10925925925925926
