1 0.9083333333333333 0.5657407407407408 0.016666666666666666 0.08703703703703704
1 0.8916666666666666 0.5694444444444444 0.01875 0.09814814814814815
1 0.75390625 0.6023148148148149 0.025520833333333333 0.13055555555555556
1 0.7333333333333333 0.5750000000000001 0.017708333333333333 0.07962962962962963
1 0.6880208333333333 0.5976851851851852 0.028125 0.09722222222222222
1 0.6364583333333333 0.5898148148148148 0.026041666666666668 0.08518518518518518
1 0.6059895833333333 0.6101851851851852 0.0234375 0.10740740740740741
1 0.5328125 0.5925925925925926 0.019791666666666666 0.07592592592592592
1 0.4510416666666667 0.5842592592592593 0.009375 0.0462962962962963
1 0.4471354166666667 0.6518518518518519 0.0390625 0.16296296296296298
1 0.38619791666666664 0.6074074074074074 0.0203125 0.07407407407407407
1 0.36302083333333335 0.6268518518518519 0.026041666666666668 0.10925925925925926
1 0.28020833333333334 0.6856481481481482 0.03958333333333333 0.17685185185185187
1 0.22708333333333333 0.6537037037037037 0.03125 0.11666666666666667
1 0.17057291666666666 0.650462962962963 0.027604166666666666 0.10092592592592593
1 0.11901041666666666 0.65 0.021354166666666667 0.08148148148148149
