1 0.7861979166666666 0.5712962962962963 0.021354166666666667 0.08703703703703704
1 0.7411458333333333 0.5712962962962963 0.027083333333333334 0.09074074074074075
1 0.6924479166666666 0.5703703703703704 0.021354166666666667 0.053703703703703705
1 0.6721354166666667 0.5527777777777778 0.011979166666666666 0.04259259259259259
1 0.6643229166666667 0.6125 0.03697916666666667 0.13796296296296298
1 0.61328125 0.6208333333333333 0.04010416666666666 0.1824074074074074
1 0.56171875 0.5722222222222223 0.0203125 0.08518518518518518
1 0.5432291666666667 0.5731481481481482 0.014583333333333334 0.09074074074074075
1 0.4981770833333333 0.5995370370370371 0.024479166666666666 0.11203703703703705
1 0.48020833333333335 0.5800925925925926 0.013541666666666667 0.08611111111111111
1 0.44375 0.5967592592592593 0.028125 0.10277777777777779
1 0.3333333333333333 0.5856481481481481 0.029166666666666667 0.09351851851851853
1 0.26119791666666664 0.6226851851851852 0.034895833333333334 0.1398148148148148
1 0.17239583333333333 0.6236111111111111 0.04479166666666667 0.14166666666666666
1 0.0859375 0.6722222222222223 0.040625 0.1962962962962963
0 0.96171875 0.8384259259259259 0.0359375 0.07314814814814816
