1 0.9822916666666667 0.5337962962962963 0.026041666666666668 0.10092592592592593
1 0.9161458333333333 0.5509259259259259 0.03229166666666666 0.11296296296296297
1 0.7729166666666667 0.5449074074074074 0.0125 0.058333333333333334
1 0.7677083333333333 0.5888888888888889 0.029166666666666667 0.13333333333333333
1 0.7348958333333333 0.5527777777777778 0.016666666666666666 0.07407407407407407
1 0.6950520833333333 0.5782407407407407 0.0265625 0.10462962962962963
1 0.5986979166666666 0.5685185185185185 0.0203125 0.08888888888888889
1 0.5026041666666666 0.5750000000000001 0.011458333333333333 0.07222222222222223
1 0.49583333333333335 0.625925925925926 0.042708333333333334 0.1685185185185185
1 0.3966145833333333 0.6370370370370371 0.03697916666666667 0.1574074074074074
1 0.309375 0.625925925925926 0.026041666666666668 0.11481481481481481
1 0.278125 0.6462962962962964 0.028125 0.15185185185185185
1 0.25338541666666664 0.6856481481481482 0.058854166666666666 0.18425925925925926
1 0.11901041666666666 0.65 0.030729166666666665 0.14814814814814814
1 0.07213541666666666 0.6606481481481482 0.03697916666666667 0.11388888888888889
