1 0.8783854166666667 0.5666666666666667 0.0234375 0.08518518518518518
1 0.71875 0.5768518518518518 0.017708333333333333 0.08333333333333334
1 0.7013020833333333 0.5888888888888889 0.019270833333333334 0.10740740740740741
1 0.6721354166666667 0.6199074074074075 0.025520833333333333 0.14166666666666666
1 0.6072916666666667 0.5810185185185185 0.016666666666666666 0.075
1 0.5627604166666667 0.5925925925925926 0.022395833333333334 0.08703703703703704
1 0.5361979166666666 0.5916666666666667 0.0203125 0.07777777777777778
1 0.52109375 0.6013888888888889 0.009895833333333333 0.09351851851851853
1 0.5143229166666666 0.6449074074074075 0.0390625 0.17685185185185187
1 0.45625 0.5861111111111111 0.016666666666666666 0.07037037037037037
1 0.4359375 0.5986111111111111 0.020833333333333332 0.10648148148148148
1 0.2700520833333333 0.6370370370370371 0.0234375 0.11851851851851852
1 0.24166666666666667 0.6842592592592592 0.04895833333333333 0.1925925925925926
1 0.24348958333333334 0.612037037037037 0.021354166666666667 0.07962962962962963
0 0.959375 0.8412037037037038 0.03333333333333333 0.06018518518518519
