1 0.9072916666666666 0.6375000000000001 0.030208333333333334 0.10277777777777779
1 0.8052083333333333 0.6601851851851852 0.030208333333333334 0.12037037037037038
1 0.7533854166666667 0.6861111111111111 0.0359375 0.1537037037037037
1 0.7104166666666667 0.6393518518518518 0.016666666666666666 0.08425925925925926
1 0.6919270833333333 0.6550925925925927 0.022395833333333334 0.09166666666666667
1 0.571875 0.6569444444444444 0.029166666666666667 0.09537037037037037
1 0.5473958333333333 0.6814814814814815 0.025 0.12037037037037038
1 0.5080729166666667 0.7208333333333333 0.03802083333333333 0.20462962962962963
1 0.45234375 0.7138888888888889 0.0359375 0.16296296296296298
1 0.43255208333333334 0.6870370370370371 0.0171875 0.11666666666666667
1 0.40963541666666664 0.7027777777777778 0.0265625 0.12037037037037038
1 0.30755208333333334 0.6861111111111111 0.024479166666666666 0.11481481481481481
1 0.27630208333333334 0.7226851851851852 0.03177083333333333 0.13796296296296298
1 0.2518229166666667 0.7601851851851852 0.033854166666666664 0.2
1 0.12083333333333333 0.7412037037037037 0.04479166666666667 0.17500000000000002
1 0.06927083333333334 0.775462962962963 0.04479166666666667 0.21944444444444444
