1 0.8520833333333333 0.6449074074074075 0.03125 0.09907407407407408
1 0.7885416666666667 0.6611111111111111 0.030208333333333334 0.12222222222222223
1 0.73046875 0.6810185185185186 0.027604166666666666 0.15092592592592594
1 0.66171875 0.6509259259259259 0.0203125 0.08333333333333334
1 0.5596354166666666 0.6958333333333334 0.0265625 0.14166666666666666
1 0.5322916666666666 0.7143518518518519 0.030208333333333334 0.1787037037037037
1 0.5059895833333333 0.6652777777777779 0.018229166666666668 0.09722222222222222
1 0.47265625 0.6712962962962963 0.021354166666666667 0.11296296296296297
1 0.44947916666666665 0.6787037037037037 0.016666666666666666 0.12037037037037038
1 0.22135416666666666 0.700462962962963 0.017708333333333333 0.13240740740740742
1 0.24609375 0.7546296296296297 0.04010416666666666 0.20185185185185187
1 0.16328125 0.7277777777777779 0.03802083333333333 0.14814814814814814
1 0.07473958333333333 0.7490740740740741 0.0515625 0.18333333333333335
