1 0.92734375 0.6365740740740741 0.0234375 0.11203703703703705
1 0.8385416666666666 0.6578703703703704 0.025 0.125
1 0.7104166666666667 0.6444444444444445 0.016666666666666666 0.07777777777777778
1 0.7348958333333333 0.6782407407407408 0.030208333333333334 0.1564814814814815
1 0.5815104166666667 0.6578703703703704 0.0234375 0.08611111111111111
1 0.61171875 0.6819444444444445 0.03697916666666667 0.12685185185185185
1 0.4588541666666667 0.6625 0.025 0.09907407407407408
1 0.4356770833333333 0.7587962962962963 0.05260416666666667 0.18981481481481483
1 0.31666666666666665 0.6722222222222223 0.017708333333333333 0.07222222222222223
1 0.33307291666666666 0.7324074074074074 0.0390625 0.16111111111111112
1 0.28802083333333334 0.7171296296296297 0.026041666666666668 0.1527777777777778
1 0.2622395833333333 0.7199074074074074 0.021354166666666667 0.1675925925925926
1 0.20755208333333333 0.7648148148148148 0.03697916666666667 0.20925925925925926
1 0.07994791666666666 0.7472222222222222 0.034895833333333334 0.14814814814814814
0 0.3815104166666667 0.7555555555555555 0.0203125 0.040740740740740744
