0 0.52890625 0.65 0.0171875 0.04259259259259259
0 0.9671875 0.8606481481481482 0.03125 0.06759259259259259
1 0.80546875 0.5986111111111111 0.025520833333333333 0.09537037037037037
1 0.728125 0.6023148148148149 0.01875 0.09907407407407408
1 0.6924479166666666 0.6101851851851852 0.021354166666666667 0.06851851851851852
1 0.6666666666666666 0.6393518518518518 0.028125 0.14537037037037037
1 0.6447916666666667 0.6277777777777778 0.013541666666666667 0.12592592592592594
1 0.5713541666666666 0.6587962962962963 0.03229166666666666 0.17314814814814816
1 0.53671875 0.6064814814814815 0.0171875 0.07592592592592592
1 0.5127604166666666 0.6046296296296296 0.0203125 0.08333333333333334
1 0.4828125 0.6268518518518519 0.030208333333333334 0.12037037037037038
1 0.42916666666666664 0.6236111111111111 0.028125 0.11018518518518519
1 0.39609375 0.6217592592592592 0.033854166666666664 0.10648148148148148
1 0.2877604166666667 0.6217592592592592 0.022395833333333334 0.10648148148148148
1 0.23541666666666666 0.6587962962962963 0.03958333333333333 0.13425925925925927
1 0.13567708333333334 0.6569444444444444 0.03697916666666667 0.13425925925925927
1 0.08984375 0.701388888888889 0.03697916666666667 0.19166666666666668
