1 0.8434895833333333 0.5453703703703704 0.0234375 0.08888888888888889
1 0.7018229166666666 0.5615740740740741 0.03177083333333333 0.11388888888888889
1 0.66640625 0.5847222222222223 0.0234375 0.14166666666666666
1 0.61171875 0.55 0.0234375 0.08333333333333334
1 0.5484375 0.6055555555555556 0.03333333333333333 0.15925925925925927
1 0.5276041666666667 0.5402777777777777 0.0125 0.05277777777777778
1 0.5119791666666667 0.5712962962962963 0.01875 0.11111111111111112
1 0.4536458333333333 0.5527777777777778 0.016666666666666666 0.07407407407407407
1 0.4359375 0.5736111111111112 0.02395833333333333 0.10648148148148148
1 0.26458333333333334 0.6037037037037037 0.028125 0.12407407407407407
1 0.23723958333333334 0.5958333333333333 0.024479166666666666 0.10462962962962963
1 0.18333333333333332 0.6537037037037037 0.03125 0.19074074074074074
0 0.94609375 0.8092592592592593 0.033854166666666664 0.06666666666666667
