1 0.9619791666666666 0.5930555555555556 0.030208333333333334 0.10277777777777779
1 0.8927083333333333 0.6111111111111112 0.03229166666666666 0.11666666666666667
1 0.7606770833333333 0.6402777777777778 0.0328125 0.14722222222222223
1 0.7416666666666667 0.6013888888888889 0.016666666666666666 0.06944444444444445
1 0.659375 0.6356481481481482 0.03125 0.09907407407407408
1 0.6005208333333333 0.6236111111111111 0.020833333333333332 0.09166666666666667
1 0.4981770833333333 0.6324074074074074 0.024479166666666666 0.08888888888888889
1 0.42421875 0.7092592592592593 0.03802083333333333 0.17222222222222222
1 0.38645833333333335 0.6916666666666667 0.028125 0.16111111111111112
1 0.36822916666666666 0.6527777777777778 0.013541666666666667 0.11481481481481481
1 0.2947916666666667 0.6847222222222222 0.030208333333333334 0.13611111111111113
1 0.23932291666666666 0.6935185185185185 0.0265625 0.12592592592592594
1 0.21145833333333333 0.7106481481481481 0.029166666666666667 0.1398148148148148
1 0.18385416666666665 0.7402777777777778 0.041666666666666664 0.18796296296296297
1 0.06692708333333333 0.712037037037037 0.03802083333333333 0.14814814814814814
1 0.020833333333333332 0.712962962962963 0.03125 0.12592592592592594
