1 0.8356770833333333 0.6541666666666667 0.021354166666666667 0.09722222222222222
1 0.7927083333333333 0.6703703703703704 0.027083333333333334 0.11851851851851852
1 0.7333333333333333 0.6944444444444444 0.029166666666666667 0.16666666666666669
1 0.6598958333333333 0.663425925925926 0.028125 0.10092592592592593
1 0.5815104166666667 0.6986111111111112 0.027604166666666666 0.14351851851851852
1 0.55 0.6819444444444445 0.016666666666666666 0.09537037037037037
1 0.5322916666666666 0.7208333333333333 0.026041666666666668 0.17314814814814816
1 0.49583333333333335 0.6810185185185186 0.027083333333333334 0.09722222222222222
1 0.465625 0.6819444444444445 0.019791666666666666 0.11388888888888889
1 0.44505208333333335 0.6810185185185186 0.021354166666666667 0.09351851851851853
1 0.26796875 0.6865740740740741 0.021354166666666667 0.09722222222222222
1 0.24401041666666667 0.7597222222222223 0.0359375 0.1953703703703704
1 0.17994791666666665 0.7356481481481482 0.03802083333333333 0.17500000000000002
1 0.09895833333333333 0.750925925925926 0.041666666666666664 0.18703703703703706
