1 0.16822916666666665 0.674537037037037 0.13958333333333334 0.42129629629629634
1 0.22578125 0.5231481481481481 0.03802083333333333 0.1537037037037037
1 0.32916666666666666 0.5041666666666667 0.015625 0.10833333333333334
1 0.34791666666666665 0.5430555555555556 0.03125 0.1787037037037037
1 0.3815104166666667 0.5217592592592593 0.033854166666666664 0.15092592592592594
1 0.41302083333333334 0.5046296296296297 0.03125 0.1277777777777778
1 0.46822916666666664 0.5351851851851852 0.03229166666666666 0.15925925925925927
1 0.56875 0.5421296296296296 0.042708333333333334 0.17314814814814816
1 0.684375 0.49953703703703706 0.030208333333333334 0.12685185185185185
1 0.7697916666666667 0.5189814814814815 0.030208333333333334 0.16944444444444445
1 0.9895833333333334 0.5027777777777778 0.017708333333333333 0.12037037037037038
