      0/99     1.05G      6.36      3.73       7.2      17.3        22       416  0.000489  0.000154   0.00125  0.000234      8.15  2.58e+03  9.09e+03
      1/99     1.27G         5      2.93      3.93      11.9        26       416    0.0364     0.155    0.0395     0.059      6.18      7.51      23.6
      2/99     1.27G      4.51      2.48      3.01        10        39       416     0.103     0.253     0.117     0.146      5.13      3.08      2.08
      3/99     1.27G      4.17      1.18      2.17      7.53        28       416     0.249     0.285     0.223     0.266      4.14      1.33      2.02
      4/99     1.27G      3.98      1.16      1.96       7.1        31       416     0.246     0.303      0.25     0.271      3.91      1.34      1.83
      5/99     1.27G      3.91      1.16      2.11      7.18        41       416     0.286     0.315     0.236     0.265      3.94      1.34       1.8
      6/99     1.27G      3.84      1.16      2.21      7.21        31       416     0.419     0.316     0.272     0.308      3.82      1.38      1.81
      7/99     1.27G      3.78      1.15      1.86      6.79         9       416     0.457     0.338     0.301     0.313      3.74       1.3      1.71
      8/99     1.27G      3.71      1.15      1.82      6.68        27       416     0.481      0.32     0.311     0.326      3.72      1.35      1.68
      9/99     1.27G      3.69      1.19      1.91      6.79        41       416     0.535     0.312       0.3     0.333      3.68      1.41      2.08
     10/99     1.27G      3.64      1.24      1.84      6.73        36       416     0.329     0.338     0.271     0.305       3.8      1.41      1.79
     11/99     1.27G      3.25      1.41      1.39      6.05        33       416     0.377     0.362     0.269     0.285      3.03      1.68      1.67
     12/99     1.27G      2.83      1.56      1.62      6.01        27       416     0.439     0.346     0.296     0.308       2.8      1.71      1.85
     13/99     1.27G      2.74      1.57      1.86      6.16        13       416     0.361     0.391     0.329     0.336      2.72      1.75      2.24
     14/99     1.27G      2.76      1.55      1.48      5.79        22       416     0.364     0.387     0.334     0.356      2.86      1.74      1.83
     15/99     1.27G      2.66      1.55      1.56      5.77        12       416     0.382      0.38      0.32     0.352      2.67      1.69      2.17
     16/99     1.27G      2.64      1.54      1.27      5.44        16       416     0.455     0.396      0.36     0.377      2.55      1.67      1.62
     17/99     1.27G      2.61      1.53      1.36       5.5        25       416     0.423     0.413     0.355     0.384      2.51      1.65      1.65
     18/99     1.27G       2.6      1.51      1.45      5.56        16       416     0.424     0.404     0.357     0.364      2.55      1.67      1.65
     19/99     1.27G      2.59      1.54      1.33      5.45        40       416     0.379     0.332     0.293     0.342      2.77      1.88      2.18
     20/99     1.27G      2.56       1.5      1.09      5.15        15       416      0.41     0.416     0.366      0.38      2.52      1.64      1.62
     21/99     1.27G      2.51       1.5      1.09       5.1        19       416     0.438     0.412     0.357     0.399      2.53      1.66      1.68
     22/99     1.27G      2.51      1.49     0.919      4.91        28       416     0.427     0.436     0.388     0.405      2.52      1.62      1.76
     23/99     1.27G      2.49      1.48      1.24       5.2        23       416      0.44     0.434     0.372     0.398      2.55      1.64      1.69
     24/99     1.27G       2.5      1.49      0.98      4.97        35       416      0.44      0.43     0.367     0.407       2.5      1.62       1.8
     25/99     1.27G      2.46      1.48      1.19      5.14        13       416     0.486     0.406     0.365     0.403      2.55      1.62      1.67
     26/99     1.27G      2.45      1.47      1.15      5.07        17       416     0.468     0.397     0.356     0.389      2.65       1.7      1.74
     27/99     1.27G      2.49       1.5      1.31       5.3        19       416     0.411     0.439     0.379     0.403       2.5      1.65      1.86
     28/99     1.27G      2.46      1.49      0.98      4.94        27       416     0.405     0.461     0.407     0.426      2.44       1.6         2
     29/99     1.27G      2.45      1.49      1.13      5.07        12       416     0.463     0.431     0.384     0.405      2.51      1.71      2.02
     30/99     1.27G      2.46      1.46      1.16      5.08        18       416     0.397     0.354     0.323     0.363      2.59      1.86      1.96
     31/99     1.27G      2.49      1.48      1.67      5.63        25       416     0.455     0.436     0.388     0.414      2.49      1.62      1.52
     32/99     1.27G      2.46      1.48      1.18      5.11        17       416      0.44     0.427     0.382     0.388       2.5      1.65      1.75
     33/99     1.27G      2.54      1.52      1.68      5.73        18       416     0.329      0.45     0.377      0.36      2.55      1.77      1.63
     34/99     1.27G      2.45      1.47      1.06      4.98        43       416     0.424     0.464     0.406     0.421      2.39      1.65       1.5
     35/99     1.27G       2.4      1.47      1.16      5.03        27       416     0.394     0.449     0.394     0.413      2.39      1.62      1.45
     36/99     1.27G      2.39      1.44     0.949      4.77        17       416      0.52     0.453     0.409     0.443      2.38      1.58      1.51
     37/99     1.27G      2.37      1.43     0.814      4.61        29       416      0.48     0.463     0.418     0.445      2.31      1.56      1.52
     38/99     1.27G      2.37      1.44     0.857      4.67        37       416     0.474     0.461     0.412     0.447      2.36      1.58       1.6
     39/99     1.27G      2.34      1.44     0.849      4.63        21       416     0.469     0.467     0.421     0.448      2.28      1.56      1.67
     40/99     1.27G      2.34      1.43     0.937       4.7        18       416     0.484     0.474     0.426     0.452      2.29      1.56      1.62
     41/99     1.27G      2.31      1.42     0.739      4.47        33       416     0.414     0.483     0.416     0.439      2.29      1.56      1.44
     42/99     1.27G       2.3       1.4     0.735      4.44        16       416     0.454     0.477      0.42     0.444      2.37      1.55      1.56
     43/99     1.27G       2.3       1.4     0.767      4.47        34       416     0.469     0.491     0.425     0.467      2.34      1.56      1.93
     44/99     1.27G      2.29       1.4     0.819      4.52        25       416     0.448     0.479     0.419     0.454      2.32      1.54      1.48
     45/99     1.27G       2.3      1.38      0.69      4.38        31       416     0.449     0.491     0.425     0.456      2.29      1.54      1.45
     46/99     1.27G      2.29      1.42     0.658      4.37        34       416     0.434     0.482     0.413     0.448      2.32      1.56      1.49
     47/99     1.27G      2.27      1.42     0.645      4.34        34       416     0.525     0.477     0.431      0.47      2.25      1.56      1.83
     48/99     1.27G      2.27       1.4     0.685      4.36        27       416     0.461     0.459     0.403     0.445      2.32      1.56      1.91
     49/99     1.27G      2.29      1.41     0.922      4.62         9       416      0.48     0.446     0.392     0.449      2.36      1.59      1.71
     50/99     1.27G      2.26      1.39      0.72      4.37        39       416     0.479     0.472     0.421     0.449      2.27      1.54      1.71
     51/99     1.27G      2.25      1.39     0.726      4.37        35       416     0.461     0.469     0.411     0.455      2.27      1.53      1.53
     52/99     1.27G      2.25       1.4     0.663      4.31        29       416     0.456      0.49     0.422     0.466      2.21      1.51      1.45
     53/99     1.27G      2.23      1.38     0.641      4.25        15       416      0.48     0.478     0.423     0.468      2.23      1.52      1.55
     54/99     1.27G      2.22       1.4     0.621      4.24        25       416     0.473     0.498     0.438     0.477      2.21      1.51      1.59
     55/99     1.27G      2.21      1.37     0.742      4.32        14       416     0.441     0.497      0.43     0.461      2.22      1.52      1.42
     56/99     1.27G      2.22      1.38     0.717      4.32        36       416     0.426     0.493     0.431     0.452      2.22      1.52       1.6
     57/99     1.27G       2.2      1.37     0.598      4.17        29       416     0.465     0.485     0.429     0.464      2.18      1.51       1.6
     58/99     1.27G      2.22      1.38     0.742      4.34        26       416     0.459     0.491     0.427     0.467      2.22      1.52      1.44
     59/99     1.27G      2.19      1.37     0.601      4.16        38       416     0.455     0.494     0.434     0.463      2.24      1.53      1.51
     60/99     1.27G      2.18      1.35     0.563      4.09        15       416     0.483     0.494     0.444     0.478      2.17      1.51       1.5
     61/99     1.27G      2.18      1.37     0.551       4.1        16       416     0.484     0.499     0.438     0.479      2.18      1.51      1.46
     62/99     1.27G      2.17      1.36     0.517      4.05        19       416     0.467     0.495     0.436     0.469       2.2      1.51      1.52
     63/99     1.27G      2.16      1.36     0.567      4.08        29       416     0.447     0.499     0.433     0.462      2.16      1.51      1.52
     64/99     1.27G      2.16      1.37     0.548      4.07        29       416     0.451     0.499     0.438     0.466      2.16       1.5      1.56
     65/99     1.27G      2.15      1.36     0.537      4.05        19       416     0.482     0.501     0.439     0.473      2.16       1.5      1.66
     66/99     1.27G      2.14      1.35     0.549      4.04        24       416     0.472     0.501     0.439     0.475      2.16       1.5       1.7
     67/99     1.27G      2.16      1.38     0.548      4.08        29       416     0.479     0.493     0.435     0.477      2.18       1.5       1.5
     68/99     1.27G      2.14      1.36     0.532      4.03        36       416     0.477       0.5     0.438     0.478      2.15      1.49      1.59
     69/99     1.27G      2.16      1.36     0.535      4.05        27       416     0.463     0.496     0.438      0.47      2.17       1.5      1.54
     70/99     1.27G      2.15      1.36     0.552      4.06        26       416     0.477     0.502     0.443     0.482      2.16       1.5      1.54
     71/99     1.27G      2.15      1.37     0.484         4        26       416      0.45     0.502     0.439     0.469      2.15       1.5      1.61
     72/99     1.27G      2.13      1.36     0.478      3.97        33       416     0.461     0.502      0.44     0.473      2.15      1.49      1.64
     73/99     1.27G      2.13      1.36     0.499      3.99        18       416     0.481     0.508     0.442     0.485      2.16       1.5      1.61
     74/99     1.27G      2.13      1.35     0.491      3.98        23       416     0.484     0.507     0.447     0.483      2.14      1.49       1.6
     75/99     1.27G      2.12      1.36     0.483      3.97        24       416     0.463     0.513     0.453     0.481      2.14      1.49      1.59
     76/99     1.27G      2.13      1.36     0.503      3.99        25       416     0.461     0.508     0.439     0.477      2.15       1.5      1.55
     77/99     1.27G      2.12      1.35     0.505      3.98        28       416     0.461     0.512     0.446     0.477      2.14      1.49      1.65
     78/99     1.27G      2.12      1.36     0.511      3.99        27       416     0.459     0.505     0.441     0.475      2.14      1.49      1.52
     79/99     1.27G      2.11      1.35     0.473      3.94        24       416     0.464     0.502     0.445     0.476      2.13      1.49      1.54
     80/99     1.27G      2.11      1.34     0.582      4.03        16       416     0.472     0.503     0.443     0.479      2.14      1.49      1.61
     81/99     1.27G      2.12      1.35      0.52      3.99        19       416     0.461     0.502     0.441     0.472      2.13      1.49      1.52
     82/99     1.27G      2.11      1.36     0.467      3.94        31       416     0.478     0.505     0.443     0.482      2.14      1.49      1.57
     83/99     1.27G      2.11      1.34     0.506      3.95        33       416     0.483     0.514     0.447      0.49      2.14      1.49       1.5
     84/99     1.27G       2.1      1.35     0.506      3.96        15       416     0.478     0.511     0.446     0.486      2.12      1.49      1.54
     85/99     1.27G      2.11      1.35     0.445       3.9        29       416     0.487     0.508     0.448     0.486      2.12      1.48      1.61
     86/99     1.27G      2.11      1.34     0.499      3.95        19       416     0.478     0.508     0.447     0.484      2.13      1.48      1.53
     87/99     1.27G      2.09      1.34     0.522      3.96        33       416     0.482     0.509     0.447     0.486      2.13      1.49      1.55
     88/99     1.27G      2.09      1.34     0.549      3.98        30       416      0.48     0.509     0.448     0.487      2.12      1.49      1.55
     89/99     1.27G      2.11      1.36     0.472      3.94        15       416     0.472     0.506     0.444      0.48      2.12      1.49      1.54
     90/99     1.27G      2.11      1.36     0.495      3.97        22       416     0.474     0.505     0.445     0.481      2.12      1.49      1.53
     91/99     1.27G      2.09      1.35     0.472      3.92        21       416      0.47     0.509     0.447     0.482      2.12      1.49      1.52
     92/99     1.27G      2.11      1.34     0.569      4.02        18       416     0.465     0.506     0.446     0.479      2.11      1.49      1.54
     93/99     1.27G       2.1      1.34     0.514      3.95        26       416     0.464     0.503     0.445     0.476      2.12      1.49      1.56
     94/99     1.27G       2.1      1.34     0.419      3.86        23       416     0.467     0.506     0.447     0.479      2.12      1.49      1.55
     95/99     1.27G      2.11      1.35      0.46      3.92        34       416     0.468     0.506     0.447      0.48      2.12      1.49      1.55
     96/99     1.27G      2.09      1.35     0.486      3.93        11       416     0.468     0.505     0.446     0.479      2.12      1.49      1.54
     97/99     1.27G      2.09      1.36     0.478      3.93        34       416     0.468     0.505     0.446     0.479      2.12      1.49      1.55
     98/99     1.27G      2.11      1.35     0.434      3.89        15       416     0.468     0.505     0.446     0.479      2.12      1.49      1.55
     99/99     1.27G      2.11      1.34     0.541      3.99        27       416     0.469     0.505     0.448     0.479      2.12      1.49      1.55
