241161
221681
241175
221859
222388
221871
240257
241149
221865
240531
222439
221130
220548
223041
223055
221642
221124
220212
222405
222363
220574
220560
222377
223069
222411
221118
220206
220789
221497
222820
222834
221483
240069
220945
240041
222808
240733
240055
220979
220992
240900
221332
240914
220038
221326
221440
220986
222149
221468
240082
220776
222161
222607
220010
240928
222613
222175
220825
222954
222798
222940
241203
220819
240653
222968
240647
222029
221520
221246
220158
222983
240860
221534
220602
222015
222773
240690
240848
220164
240684
222767
221508
221087
220399
241015
221939
241029
221905
240337
221911
240323
240445
221044
221722
221736
220428
221050
220366
240492
221078
222571
222217
220414
222203
222565
220372
240486
222202
240487
222564
222570
221079
220367
222216
220429
221737
222558
221051
221045
240322
221910
240444
240336
221904
241028
241000
221092
220398
221086
221938
220171
240685
221509
220617
222000
222014
220603
220165
240691
240861
221253
222982
221521
222028
222996
220159
240875
221247
240646
220818
222969
240652
222941
221290
241202
241216
220824
221284
222955
240929
220763
240097
222174
222160
220777
240083
221469
222606
221327
220039
240915
222148
220987
221441
220993
221455
221333
240901
240054
240040
222835
220950
220788
222821
240295
220561
221119
222410
222404
220213
220575
222362
221643
223054
221125
221131
222438
221657
220549
221864
241148
240256
221870
240242
222389
221858
221680
241160
221694
240268
241176
221696
220588
241162
240254
221866
240240
221872
240526
221127
220239
222348
221899
221641
221133
222412
220205
220563
241189
240297
222374
222360
220577
240283
221669
222406
221480
220946
222837
222823
240718
220952
240730
240724
221443
220985
221325
240903
221331
222638
221457
220991
220749
222176
240095
220761
220007
222610
220013
220775
222162
220832
241200
221292
240678
222943
222957
220198
221286
220826
241214
240122
240888
221537
222980
222758
221251
240863
221245
240877
222994
221523
222002
220615
220173
222764
222770
221279
240693
220167
220601
222016
221090
241002
241016
240308
221084
240446
221906
240334
240452
221053
221721
221047
222566
220371
221709
220417
222200
220403
220365
222572
220402
222215
222573
240490
220364
240484
220370
221708
222229
221720
220358
221734
240335
240453
240447
221913
240309
241017
221085
221091
222598
241003
220166
240692
221278
222017
220614
222765
220172
220628
240862
221250
222759
222981
240889
240645
221287
220199
222956
241201
220833
222942
240679
220012
222605
222163
220760
222177
222611
221330
240902
220990
221456
221442
240725
240057
240731
240719
220953
221495
220947
221481
222188
222836
221668
220576
222361
222407
220210
220204
222375
240296
241188
220562
221654
221132
220238
221126
221640
222349
221873
240241
240527
240533
221867
240255
241163
220589
221697
241177
221683
240269
240251
221863
240523
221877
221687
241173
221693
241167
220566
221678
222371
222417
220200
220214
222403
241198
220572
221122
221136
221888
221650
222359
223047
240735
240053
240047
240721
240709
220943
221485
220957
221491
222826
222615
222173
240090
220764
220770
222167
222601
220016
221308
222629
240912
221320
220980
221446
220758
220994
240906
221334
240899
240641
241239
240655
221297
222946
220837
241205
220823
241211
222952
240669
240682
221268
222775
240696
220162
221532
220638
221526
221240
240872
222991
222749
240325
240443
240457
221903
240331
241007
240319
221095
221081
222588
241013
220412
222205
222563
220360
222577
222211
221718
222239
221730
220348
221056
221042
221724
221043
221731
222238
220349
222576
220361
220407
221719
222210
222204
240481
220375
222562
221080
241012
241006
240456
240324
221916
240442
221527
220639
222748
240873
221241
240867
221255
222984
221533
222012
220605
220163
240697
222774
222760
220177
240683
220611
222006
241210
220822
240668
222953
221296
220188
241204
240654
240640
240898
221453
220995
221335
240907
221321
240913
220759
221447
220981
222166
220771
240085
221309
220017
222600
222614
220765
222199
221490
220956
222827
222833
240708
221484
240046
240720
240734
220229
221137
221651
221645
221123
222402
220215
220573
241199
222364
220567
220201
241166
240278
221692
220598
241172
221686
221876
240244
221862
240250
240536
241158
221860
222399
221690
221848
241164
221684
241170
222366
223078
220571
240285
221109
220217
222400
222414
220203
220565
240291
221135
221121
222428
223050
220559
221647
240722
222819
220968
240050
240736
222825
220954
240078
221492
220798
221486
222831
222602
240939
220773
222170
240093
222616
220029
240905
221337
222158
220997
221451
220983
240911
221323
240656
240130
220808
222979
240642
222789
222951
221280
220820
241206
221294
222945
222776
240695
221519
222010
222004
220613
240681
220175
240859
222762
221243
240871
221525
222038
222986
221257
220149
240865
221900
240332
240440
221914
241038
241010
221082
240468
221096
220388
241004
222212
220405
220363
240497
222560
220377
221069
240483
220411
222206
221727
220439
221055
221054
221732
220438
221726
221040
240482
221068
220376
222561
220410
220404
222213
222575
240496
220362
220389
221097
241005
241011
221083
240441
241039
240333
221901
240455
222039
240864
220148
221256
222987
222993
240870
221524
220612
222005
222763
240858
220174
240680
220160
240694
222777
222011
221518
220606
241207
240119
220835
222944
221295
221281
222950
222788
241213
220821
220809
240643
222978
240657
240131
221444
220982
221322
221336
220996
222159
220766
221478
240092
222171
240938
220014
222603
222165
220772
240086
220941
220799
222830
221493
240079
220955
240051
222818
240723
240045
222429
221120
221646
220558
223051
223045
221652
221134
220564
240284
220570
222367
222401
220216
221108
241171
221685
221849
222398
240535
221861
240253
221875
240247
240521
221190
240208
241116
221812
240546
240552
240234
221806
223022
221635
221153
221147
220259
222328
223036
220517
222300
222466
222472
222314
220503
240778
221392
222843
220926
222857
221386
220098
240744
240022
240036
240750
240988
222658
222880
240963
221351
221437
220729
240977
221345
220073
240787
222102
220715
220701
222116
222670
240793
221379
222937
222089
221580
220852
240618
240630
240624
221225
240817
220885
221543
220649
220891
221557
221231
221219
222710
222076
220661
220675
240181
222062
222704
220113
241076
221782
240368
241062
220488
221796
221966
240432
240340
222248
221999
220339
221755
241089
222274
222512
220305
220311
222506
222260
221769
240383
220477
222507
220310
220476
240382
221768
222261
222275
220462
241088
240396
220304
222513
221032
221754
222249
220338
240341
221967
240433
221797
220489
241063
221783
241077
222063
240180
220674
220112
222705
222711
220106
221218
240194
220660
222077
221556
220890
220648
222739
240816
221224
221542
240625
240631
241261
221595
220853
240619
222922
222936
221581
220847
222088
220700
221378
220066
222671
222665
240786
220072
220714
222103
222895
221344
240976
221350
240962
222881
222659
240989
240751
240745
240023
220927
220099
221387
221393
240779
220933
222473
220264
220502
222301
221608
222467
220258
221146
222329
221620
223023
221152
221807
240235
240221
240547
221185
241117
240209
241103
221191
222498
221839
220299
221187
221193
241101
240237
221805
241129
240545
223035
221144
221150
222459
223021
220528
221636
222317
223009
220500
220266
222471
222465
220514
222303
221385
220925
240009
221391
222840
222698
220919
240035
240021
240747
220058
240974
221346
222897
222129
221420
221434
222883
240960
221352
220064
240948
240790
220702
222115
222101
221408
220716
220070
240784
222920
221597
220689
241263
220845
222934
240627
220879
240155
222908
240633
221232
240800
220886
221540
222049
221226
220138
240814
222707
220110
221568
222061
222075
220662
240196
220104
240828
222713
241061
221795
221959
241075
221781
222288
240343
240431
221756
220448
222539
221024
221742
240380
220474
222511
220306
221018
240394
220460
222277
221019
220307
222510
240395
220475
240381
220313
221025
221743
220449
221031
222538
240356
241048
240342
222289
221780
241074
221794
241060
220663
222074
222712
240829
220105
220111
222706
222060
221569
240183
220677
222048
221541
240815
221227
240801
221233
220893
240154
220878
222909
240626
221582
240168
220844
222921
241262
220688
220850
220717
221409
222100
222666
240785
240791
240949
220065
222672
222114
220703
221435
221353
240961
222882
222896
221347
240975
220059
221421
222128
240020
240746
222869
240752
240034
220918
220930
222699
222841
221384
222855
240008
220924
222464
222302
220515
222316
222470
220267
221179
222458
221151
221637
220529
223020
223034
221623
221145
221810
241128
221804
240236
240550
221192
241100
241114
221838
221186
220298
240554
240232
221800
240226
241138
221814
240540
221182
241104
221828
220288
221196
220263
222474
220511
223018
221169
220277
222448
221141
221627
223030
223024
221633
221155
240030
240756
222879
240742
220908
220920
222851
222689
221380
221394
240018
220934
220707
222110
220061
240795
220075
240781
222662
222104
220713
221425
221343
222892
240965
220049
221357
221431
222138
240144
220868
240622
222919
240636
240150
221592
240178
222925
222931
220840
220698
220673
222064
222702
240839
220115
220101
222716
222070
220667
221579
222058
221551
220897
221237
220129
221223
240811
221545
220883
240420
241058
221974
240346
221960
240434
241064
221948
241070
221784
221009
222500
222266
240385
220471
240391
220465
222272
222514
220303
221035
221753
221747
220459
221021
222528
220458
221746
222529
221020
221752
222273
220464
240390
222515
222501
220470
240384
222267
241071
221791
221949
241065
222298
221961
240435
241059
240810
221222
220882
221544
220896
221550
222059
240804
221236
222717
220100
240192
221578
220666
222071
222065
240186
220672
220114
240838
222703
222930
220841
221587
221593
222924
240637
222918
240623
220048
240964
222139
221430
221424
222893
221342
240970
222663
240780
220074
240958
220712
222111
220706
221418
240794
222677
220935
240019
221381
222688
240743
222878
240025
240757
221632
223025
221154
221140
222449
223031
220538
223019
220510
220276
221168
222461
222475
220262
240596
220504
222313
221829
221197
220289
221183
240569
221815
241139
240227
221801
240543
240231
221803
240219
221181
240580
220274
220512
222305
222311
220506
220260
222477
220248
222339
223027
221630
223033
240027
240741
240999
240033
220937
221397
220089
222846
221383
240769
220923
222107
221368
240782
222661
222675
240796
220704
221432
222885
240966
221354
222649
221426
220738
240635
240621
241259
220843
240609
222926
221591
220857
222098
222073
220664
240190
220102
222715
221208
220116
220670
240184
222067
220658
221546
222729
240812
221234
240806
221552
220894
240437
221963
240351
221977
241073
221787
241067
240379
221793
222517
220300
240392
221778
222271
222265
240386
220472
241098
220314
222503
221022
221744
221988
222259
220328
221036
222258
221989
221037
220329
221745
241099
220473
240387
222264
222502
220301
222516
222270
240393
221792
241066
221786
241072
221976
240436
221962
240807
221235
220895
221553
221547
220659
240813
221221
220117
221209
222700
222066
220671
220665
222072
222714
220103
222099
241264
220856
221590
221584
222933
240620
240146
240634
240973
220739
221427
221433
221355
240967
222884
240797
220063
222674
222112
220705
220711
222106
222660
240783
221369
220077
240768
221382
222853
220922
222847
221396
240754
240026
240998
223032
221625
221157
221631
223026
222338
221619
220507
222310
222476
220261
240595
222462
222304
220513
241112
222489
221180
240230
240556
240542
221816
240224
241123
241137
221833
222484
220293
220287
221199
240573
222490
240215
221827
221614
223003
221172
240598
220278
221600
222321
220536
221628
220250
222453
220244
220522
222335
240759
240981
220913
240995
222876
220091
222686
240003
240017
220085
240942
221370
222679
221416
220708
221402
240956
221364
222645
220052
220734
222123
222137
220720
220046
222651
222889
222916
220867
241255
220873
241241
240639
222094
220683
240163
221589
220697
240605
240836
221562
220668
221576
222719
221210
222731
221238
220126
220640
222057
222043
220132
222725
241057
240349
241043
220481
240375
222296
240407
222282
241094
222269
220318
221006
221012
221774
241080
220442
220324
222533
222527
220330
221748
221990
222241
220331
222240
220457
221749
221985
222254
220325
221013
241081
222268
241095
220319
240406
240360
220494
221952
222283
222297
240374
220480
241042
241056
220655
222042
222724
220133
220127
222730
222056
220641
221577
240823
221211
222718
240837
221205
221563
222081
220696
221588
240610
220682
240176
222095
241240
220872
222903
240638
222917
241254
220866
222136
222650
221359
220053
222644
222122
221403
221365
240957
222678
221371
240943
220709
221417
240016
220084
240770
222693
222687
220090
240764
240002
220906
222877
240994
240980
222863
220912
220245
222452
222334
220523
221629
220251
221167
221601
222308
223002
240599
221173
222491
220286
221832
240200
240566
220292
221818
241134
240558
241120
240216
221824
220284
222493
222487
220290
240564
240202
221830
223014
221603
221165
222478
221171
220509
221617
223000
220521
223028
222450
221159
220253
222444
220535
240996
222875
220904
240028
222861
240982
222691
240772
221398
220086
220938
240000
240766
220092
222685
220079
240955
221367
221401
222108
221415
240941
240799
221373
220045
240969
221429
220737
222646
220051
220870
220864
222915
240606
220694
222083
222097
220858
220680
240612
222929
221575
222068
221561
221207
220119
240835
222726
222040
220657
220643
222054
222732
220125
240809
241040
221978
222281
221788
240362
241068
222295
221777
220469
221011
222518
221005
221763
240389
241097
221993
220333
220327
222530
222256
221987
222531
221038
220326
220440
222257
222243
220454
222525
221004
240388
220468
241082
221776
222519
221010
222294
240377
241069
221789
220497
221951
222280
241055
221979
241041
222055
220642
220124
222733
222727
220130
221548
220656
222041
222069
240834
220118
240820
221212
221574
220681
220859
222096
222928
222082
220695
240161
241257
220865
222914
222900
222121
220736
221428
220050
222647
222653
220044
220722
222135
221414
221372
240798
240940
221366
240954
220078
222109
221400
240001
220093
240767
221399
240773
222690
222848
240015
220939
220911
222860
222874
240997
240029
220905
222445
220252
220534
222323
223029
222337
220246
221158
221170
222479
223001
221616
223015
221164
220291
222486
221831
221825
222492
240571
220285
241121
241135
221819
220281
240575
241119
221835
222482
220295
240561
241125
221809
222455
220242
220524
222333
222327
223039
220530
220256
222441
221160
222469
223011
220518
221606
221612
223005
240011
222694
240777
220083
221389
240763
222680
220929
240993
222870
240987
240039
220915
222131
221438
220726
220040
222657
240978
220732
222125
221404
240950
221362
240788
240944
221376
222119
221410
240165
220849
220691
222086
240603
240617
220685
240159
220875
220861
241253
222045
240818
220134
222723
222737
220120
220646
221558
221570
222079
221216
240824
220108
221202
240830
221564
240401
222284
220493
241079
221955
240367
220487
221941
221799
222290
240415
241045
221969
241051
240429
222521
221028
220450
222247
222253
221982
220322
222535
221014
240398
221772
241086
221766
241092
222509
221000
221001
221773
240399
221983
222252
222534
221029
220337
222520
221997
221798
220486
240400
240366
221954
241078
220492
222285
240831
221203
222078
221571
240825
221217
220121
222736
222050
220647
220653
222044
240819
222911
241252
220860
241246
220874
240158
222905
240616
220684
222093
222087
220690
220848
240164
240602
221377
220069
240945
222118
221405
240789
221363
220055
240979
222642
222124
220733
220727
221439
222656
240986
222865
240038
220900
222871
222681
222859
220096
221388
220928
240010
220082
240776
222695
221613
222468
221161
221607
220519
223010
220531
223038
222326
220257
220243
222454
221808
241124
240548
241130
221834
240206
240560
222483
222497
221820
240212
222481
220296
221188
240210
221822
220282
222495
241126
241132
220255
222442
222324
220533
220527
221639
222330
222456
221177
220269
222318
223006
223012
221605
240006
220080
240012
222867
240748
240990
222873
220902
220731
222640
222898
220043
222654
222132
220725
240947
221375
222668
221361
221407
220719
222091
221598
220686
240614
240600
240166
220692
222085
220862
241250
222913
240628
222907
220876
220645
222734
220123
221229
220137
222720
222046
220651
220889
220679
221201
240833
222708
221215
221573
221942
240370
222293
220490
221956
240364
240402
241052
241046
240358
220321
222536
222250
221759
220447
221981
220453
221995
222244
222522
221003
221765
241091
222278
221771
220309
221017
241084
221770
222279
221016
220308
221002
241090
221764
222245
221994
220452
220334
222523
222537
220320
221980
220446
221758
222251
241053
221957
220491
222286
222292
221943
240826
221214
240198
221572
221566
220678
222709
240832
221200
222721
221228
220888
220650
222053
220644
220122
222735
241245
220877
241251
220863
222912
240601
222084
220693
221599
222090
240615
221360
240952
222669
220718
221406
221412
221374
240946
222655
220724
222133
222127
220730
221348
220056
222899
222872
240991
240749
220903
240985
222866
220081
240775
222696
240013
240007
222682
220095
240761
221604
223013
221162
220268
223007
221610
221638
220526
220240
222457
222443
220532
222325
241133
241127
240239
222494
220283
221189
220297
222480
221837
240538
241140
241154
222381
240262
221688
220596
221850
240276
220582
241168
221844
222395
221111
222418
241183
221677
241197
240289
221663
221105
220233
220555
221893
222356
223048
220541
221139
220227
222801
240048
220964
220794
222183
240706
240712
222829
222197
220780
240074
221475
240921
240935
220019
221307
222168
221461
222140
221449
220757
220031
222626
222632
240909
220025
220743
222154
240128
220804
240896
222975
222961
220810
220838
222791
220186
221298
240672
220192
240666
222785
240100
221501
222008
221267
240855
221273
221515
222034
220623
240869
220145
222752
222746
220151
220637
221529
241034
241020
240458
240470
220384
222593
221924
221930
240302
240464
221065
221703
220409
222578
221071
222550
220347
221059
222236
222222
220353
222544
220434
222223
222545
221058
220346
222551
222237
220420
221716
221070
222579
221064
221702
240303
221931
220391
240465
222586
220385
240471
240317
221925
240459
221919
241035
222747
222021
220636
220622
222035
222753
240840
240698
221272
221514
222009
220178
221266
222784
240667
220193
220839
240115
240673
221299
220187
222948
222790
222960
220811
241237
220805
240897
220024
240908
222633
222155
220742
220756
221448
222141
222627
221306
220018
240934
221460
222169
221474
221312
240920
240713
220959
240075
220781
222196
222182
240061
220795
222814
220965
240049
220971
222800
221886
223049
222357
222431
220226
220232
222425
222343
221892
240288
241196
221104
222419
221676
241182
220568
223061
221845
241169
220583
240511
220597
221689
240263
222380
240249
241143
240513
220581
221847
222396
222382
240261
220595
221853
240507
221106
220218
241194
222369
223063
221674
222355
220542
221884
220556
221890
221648
222341
220230
222816
240739
222802
220973
222194
220783
240705
221489
240063
221462
240088
240936
221304
222619
240922
221310
221476
220998
220740
222157
222631
220026
221338
220032
222625
222143
220754
222962
240881
240659
240895
222976
220807
240103
222792
220185
240117
241209
220608
221516
221270
240842
240856
221502
220634
222745
220152
220146
222989
222751
220620
241023
241037
240329
222584
240467
220393
240301
240315
240473
221099
220387
222590
221072
221714
222209
220378
221066
222547
222221
221728
220436
220422
222235
222553
222234
220423
220345
222552
222546
220437
222220
221701
222208
221067
220379
221073
240499
221715
240314
221926
222591
220386
221098
220392
240466
222585
221932
241022
222750
222988
220147
221259
220621
222036
220635
220153
222744
240857
221265
221503
221517
220609
222778
221271
240670
220184
222793
241208
240102
222787
240664
222977
240894
220806
220812
240880
222963
222624
220033
220755
222142
222156
220741
220999
221339
220027
222630
221311
240923
222618
220769
221477
240937
240704
222181
221488
220796
240076
222195
240710
222803
240738
220972
222817
221649
220557
220231
222432
220225
221885
222354
221675
241181
221107
223076
222368
221661
241195
221852
220594
240260
222383
221846
220580
240274
241142
241156
240248
240270
221842
220584
222393
222387
240264
221856
220590
240258
241146
222350
221881
220547
221659
220221
222436
221895
222344
241191
221665
221117
220209
222378
241185
221671
240714
222191
220786
240072
221498
220792
240066
240700
240728
220962
222807
222634
220023
220745
222152
220989
220751
222620
222608
221467
220779
221473
240927
221315
220194
222797
240674
240884
240648
222973
222998
222740
221249
220631
222026
220625
220143
221275
220619
221507
222768
221261
240853
221936
240304
222581
221088
240462
220396
240476
220382
222595
221922
240310
240338
241032
222224
220433
220355
222542
222556
220427
222230
221711
222218
220369
221063
221062
221704
221710
221076
220368
220340
222557
222231
220426
221738
222225
222543
220354
241033
240339
241027
220383
221923
240305
221937
220397
240463
221089
222580
221506
220618
240852
221260
222769
221274
221512
220624
222033
222755
220142
221248
222741
222999
222027
220630
241231
220803
240891
240885
222966
241225
220817
240675
220181
222796
222782
220195
241219
240107
221472
221314
240926
222609
240932
220778
220750
220988
222147
222621
221328
220036
220022
222635
222153
240729
222812
220963
222184
240067
220793
240701
240715
221499
240073
220787
220208
221116
221670
241184
223067
223073
241190
221102
222423
222345
220552
221894
221658
220546
221880
222437
220220
240259
241153
220591
221857
240265
222386
222392
220585
221843
240271
222384
240267
221855
240515
221699
240273
220587
222390
221869
241145
240529
221896
220550
222347
222421
221128
220236
220222
222435
222353
221882
223065
241186
221672
240298
221114
221100
241192
221666
222838
240703
220791
240065
222186
222192
220785
240071
220975
240059
220961
222810
240918
222623
222145
220752
221458
220746
220020
220008
221316
221470
222179
221464
240930
221302
222794
220183
240677
240111
220829
240105
220197
240663
222780
222958
240893
220801
241233
240139
241227
222964
240887
220140
222031
220626
221538
222025
222743
220154
240878
221262
240850
221504
221510
221276
220168
240844
221921
240313
240475
220381
222596
222582
220395
221935
241019
240307
241031
240449
221909
241025
220424
222233
222555
220342
220356
221048
222541
222227
220430
220418
221060
222569
221074
221712
221075
221713
220419
221061
222540
221049
220357
222232
220425
220343
222554
241024
221908
241030
240448
220394
240460
222583
240306
241018
240312
221920
222597
220380
240474
221511
220169
221277
221263
240689
221505
222024
220633
220155
222742
222756
220141
222030
220814
240886
222965
222971
240892
220800
220828
222959
222781
240662
240676
220182
222795
221465
221303
240931
220009
222178
221471
222150
220747
221459
220021
222636
222622
220035
220753
222144
220960
240058
220974
240070
220784
222193
240716
240702
222839
222187
220790
222408
241193
221673
241187
221115
222434
220223
220545
222352
220551
220237
221129
222420
241150
241144
221868
220586
221840
240272
221698
220592
241178
221854
240266
222385
